Episode	Accumulated Reward	Length	Steps	Episode	Accumulated Reward	Length	Steps	Episode	Accumulated Reward	Length	Steps	Episode	Accumulated Reward	Length	Steps	Episode	Accumulated Reward	Length	Steps	Episode	Accumulated Reward	Length	Steps	Episode	Accumulated Reward	Length	Steps	Episode	Accumulated Reward	Length	Steps	Episode	Accumulated Reward	Length	Steps	Episode	Accumulated Reward	Length	Steps	Episode	Accumulated Reward	Length	Steps	Episode	Accumulated Reward	Length	Steps	Episode	Accumulated Reward	Length	Steps	Episode	Accumulated Reward	Length	Steps	Episode	Accumulated Reward	Length	Steps	Episode	Accumulated Reward	Length	Steps	Episode	Accumulated Reward	Length	Steps	Episode	Accumulated Reward	Length	Steps	Episode	Accumulated Reward	Length	Steps	Episode	Accumulated Reward	Length	Steps	Episode	Accumulated Reward	Length	Steps	Episode	Accumulated Reward	Length	Steps	Episode	Accumulated Reward	Length	Steps	Episode	Accumulated Reward	Length	Steps	Episode	Accumulated Reward	Length	Steps	Episode	Accumulated Reward	Length	Steps
0	-15	15	15	0	-15	15	15	0	-15	15	15	0	-15	15	15	0	-15	15	15	0	-15	15	15	0	-15	15	15	0	-15	15	15	0	-15	15	15	0	-15	15	15	0	-15	15	15	0	-15	15	15	0	-15	15	15	0	-15	15	15	0	-15	15	15	0	-15	15	15	0	-15	15	15	0	-15	15	15	0	-15	15	15	0	-15	15	15	0	-15	15	15	0	-15	15	15	0	-15	15	15	0	-15	15	15	0	-15	15	15	0	-15	15	15
1	-116	17	32	1	-116	17	32	1	-116	17	32	1	-116	17	32	1	-116	17	32	1	-116	17	32	1	-116	17	32	1	-116	17	32	1	-116	17	32	1	-116	17	32	1	-116	17	32	1	-116	17	32	1	-116	17	32	1	-116	17	32	1	-116	17	32	1	-116	17	32	1	-116	17	32	1	-116	17	32	1	-116	17	32	1	-116	17	32	1	-116	17	32	1	-116	17	32	1	-116	17	32	1	-116	17	32	1	-116	17	32	1	-116	17	32
2	-20	20	52	2	-20	20	52	2	-20	20	52	2	-20	20	52	2	-20	20	52	2	-20	20	52	2	-20	20	52	2	-20	20	52	2	-20	20	52	2	-20	20	52	2	-20	20	52	2	-20	20	52	2	-20	20	52	2	-20	20	52	2	-20	20	52	2	-20	20	52	2	-20	20	52	2	-20	20	52	2	-20	20	52	2	-20	20	52	2	-20	20	52	2	-20	20	52	2	-20	20	52	2	-20	20	52	2	-20	20	52	2	-20	20	52
3	-13	13	65	3	-13	13	65	3	-13	13	65	3	-13	13	65	3	-13	13	65	3	-13	13	65	3	-13	13	65	3	-13	13	65	3	-13	13	65	3	-13	13	65	3	-13	13	65	3	-13	13	65	3	-13	13	65	3	-13	13	65	3	-13	13	65	3	-13	13	65	3	-13	13	65	3	-13	13	65	3	-13	13	65	3	-13	13	65	3	-13	13	65	3	-13	13	65	3	-13	13	65	3	-13	13	65	3	-13	13	65	3	-13	13	65
4	-13	13	78	4	-13	13	78	4	-13	13	78	4	-13	13	78	4	-13	13	78	4	-13	13	78	4	-13	13	78	4	-13	13	78	4	-13	13	78	4	-13	13	78	4	-13	13	78	4	-13	13	78	4	-13	13	78	4	-13	13	78	4	-13	13	78	4	-13	13	78	4	-13	13	78	4	-13	13	78	4	-13	13	78	4	-13	13	78	4	-13	13	78	4	-13	13	78	4	-13	13	78	4	-13	13	78	4	-13	13	78	4	-13	13	78
5	-15	15	93	5	-15	15	93	5	-15	15	93	5	-15	15	93	5	-15	15	93	5	-15	15	93	5	-15	15	93	5	-15	15	93	5	-15	15	93	5	-15	15	93	5	-15	15	93	5	-15	15	93	5	-15	15	93	5	-15	15	93	5	-15	15	93	5	-15	15	93	5	-15	15	93	5	-15	15	93	5	-15	15	93	5	-15	15	93	5	-15	15	93	5	-15	15	93	5	-15	15	93	5	-15	15	93	5	-15	15	93	5	-15	15	93
6	-13	13	106	6	-13	13	106	6	-13	13	106	6	-13	13	106	6	-13	13	106	6	-13	13	106	6	-13	13	106	6	-13	13	106	6	-13	13	106	6	-13	13	106	6	-13	13	106	6	-13	13	106	6	-13	13	106	6	-13	13	106	6	-13	13	106	6	-13	13	106	6	-13	13	106	6	-13	13	106	6	-13	13	106	6	-13	13	106	6	-13	13	106	6	-13	13	106	6	-13	13	106	6	-13	13	106	6	-13	13	106	6	-13	13	106
7	-19	19	125	7	-19	19	125	7	-19	19	125	7	-19	19	125	7	-19	19	125	7	-19	19	125	7	-19	19	125	7	-19	19	125	7	-19	19	125	7	-19	19	125	7	-19	19	125	7	-19	19	125	7	-19	19	125	7	-19	19	125	7	-19	19	125	7	-19	19	125	7	-19	19	125	7	-19	19	125	7	-19	19	125	7	-19	19	125	7	-19	19	125	7	-19	19	125	7	-19	19	125	7	-19	19	125	7	-19	19	125	7	-19	19	125
8	-15	15	140	8	-15	15	140	8	-15	15	140	8	-15	15	140	8	-15	15	140	8	-15	15	140	8	-15	15	140	8	-15	15	140	8	-15	15	140	8	-15	15	140	8	-15	15	140	8	-15	15	140	8	-15	15	140	8	-15	15	140	8	-15	15	140	8	-15	15	140	8	-15	15	140	8	-15	15	140	8	-15	15	140	8	-15	15	140	8	-15	15	140	8	-15	15	140	8	-15	15	140	8	-15	15	140	8	-15	15	140	8	-15	15	140
9	-15	15	155	9	-15	15	155	9	-15	15	155	9	-15	15	155	9	-15	15	155	9	-15	15	155	9	-15	15	155	9	-15	15	155	9	-15	15	155	9	-15	15	155	9	-15	15	155	9	-15	15	155	9	-15	15	155	9	-15	15	155	9	-15	15	155	9	-15	15	155	9	-15	15	155	9	-15	15	155	9	-15	15	155	9	-15	15	155	9	-15	15	155	9	-15	15	155	9	-15	15	155	9	-15	15	155	9	-15	15	155	9	-15	15	155
10	-16	16	171	10	-16	16	171	10	-16	16	171	10	-16	16	171	10	-16	16	171	10	-16	16	171	10	-16	16	171	10	-16	16	171	10	-16	16	171	10	-16	16	171	10	-16	16	171	10	-16	16	171	10	-16	16	171	10	-16	16	171	10	-16	16	171	10	-16	16	171	10	-16	16	171	10	-16	16	171	10	-16	16	171	10	-16	16	171	10	-16	16	171	10	-16	16	171	10	-16	16	171	10	-16	16	171	10	-16	16	171	10	-16	16	171
11	-17	17	188	11	-17	17	188	11	-17	17	188	11	-17	17	188	11	-17	17	188	11	-17	17	188	11	-17	17	188	11	-17	17	188	11	-17	17	188	11	-17	17	188	11	-17	17	188	11	-17	17	188	11	-17	17	188	11	-17	17	188	11	-17	17	188	11	-17	17	188	11	-17	17	188	11	-17	17	188	11	-17	17	188	11	-17	17	188	11	-17	17	188	11	-17	17	188	11	-17	17	188	11	-17	17	188	11	-17	17	188	11	-17	17	188
12	-13	13	201	12	-13	13	201	12	-13	13	201	12	-13	13	201	12	-13	13	201	12	-13	13	201	12	-13	13	201	12	-13	13	201	12	-13	13	201	12	-13	13	201	12	-13	13	201	12	-13	13	201	12	-13	13	201	12	-13	13	201	12	-13	13	201	12	-13	13	201	12	-13	13	201	12	-13	13	201	12	-13	13	201	12	-13	13	201	12	-13	13	201	12	-13	13	201	12	-13	13	201	12	-13	13	201	12	-13	13	201	12	-13	13	201
13	-13	13	214	13	-13	13	214	13	-13	13	214	13	-13	13	214	13	-13	13	214	13	-13	13	214	13	-13	13	214	13	-13	13	214	13	-13	13	214	13	-13	13	214	13	-13	13	214	13	-13	13	214	13	-13	13	214	13	-13	13	214	13	-13	13	214	13	-13	13	214	13	-13	13	214	13	-13	13	214	13	-13	13	214	13	-13	13	214	13	-13	13	214	13	-13	13	214	13	-13	13	214	13	-13	13	214	13	-13	13	214	13	-13	13	214
14	-15	15	229	14	-15	15	229	14	-15	15	229	14	-15	15	229	14	-15	15	229	14	-15	15	229	14	-15	15	229	14	-15	15	229	14	-15	15	229	14	-15	15	229	14	-15	15	229	14	-15	15	229	14	-15	15	229	14	-15	15	229	14	-15	15	229	14	-15	15	229	14	-15	15	229	14	-15	15	229	14	-15	15	229	14	-15	15	229	14	-15	15	229	14	-15	15	229	14	-15	15	229	14	-15	15	229	14	-15	15	229	14	-15	15	229
15	-15	15	244	15	-15	15	244	15	-15	15	244	15	-15	15	244	15	-15	15	244	15	-15	15	244	15	-15	15	244	15	-15	15	244	15	-15	15	244	15	-15	15	244	15	-15	15	244	15	-15	15	244	15	-15	15	244	15	-15	15	244	15	-15	15	244	15	-15	15	244	15	-15	15	244	15	-15	15	244	15	-15	15	244	15	-15	15	244	15	-15	15	244	15	-15	15	244	15	-15	15	244	15	-15	15	244	15	-15	15	244	15	-15	15	244
16	-13	13	257	16	-13	13	257	16	-13	13	257	16	-13	13	257	16	-13	13	257	16	-13	13	257	16	-13	13	257	16	-13	13	257	16	-13	13	257	16	-13	13	257	16	-13	13	257	16	-13	13	257	16	-13	13	257	16	-13	13	257	16	-13	13	257	16	-13	13	257	16	-13	13	257	16	-13	13	257	16	-13	13	257	16	-13	13	257	16	-13	13	257	16	-13	13	257	16	-13	13	257	16	-13	13	257	16	-13	13	257	16	-13	13	257
17	-115	16	273	17	-115	16	273	17	-115	16	273	17	-115	16	273	17	-115	16	273	17	-115	16	273	17	-115	16	273	17	-115	16	273	17	-115	16	273	17	-115	16	273	17	-115	16	273	17	-115	16	273	17	-115	16	273	17	-115	16	273	17	-115	16	273	17	-115	16	273	17	-115	16	273	17	-115	16	273	17	-115	16	273	17	-115	16	273	17	-115	16	273	17	-115	16	273	17	-115	16	273	17	-115	16	273	17	-115	16	273	17	-115	16	273
18	-13	13	286	18	-13	13	286	18	-13	13	286	18	-13	13	286	18	-13	13	286	18	-13	13	286	18	-13	13	286	18	-13	13	286	18	-13	13	286	18	-13	13	286	18	-13	13	286	18	-13	13	286	18	-13	13	286	18	-13	13	286	18	-13	13	286	18	-13	13	286	18	-13	13	286	18	-13	13	286	18	-13	13	286	18	-13	13	286	18	-13	13	286	18	-13	13	286	18	-13	13	286	18	-13	13	286	18	-13	13	286	18	-13	13	286
19	-14	14	300	19	-14	14	300	19	-14	14	300	19	-14	14	300	19	-14	14	300	19	-14	14	300	19	-14	14	300	19	-14	14	300	19	-14	14	300	19	-14	14	300	19	-14	14	300	19	-14	14	300	19	-14	14	300	19	-14	14	300	19	-14	14	300	19	-14	14	300	19	-14	14	300	19	-14	14	300	19	-14	14	300	19	-14	14	300	19	-14	14	300	19	-14	14	300	19	-14	14	300	19	-14	14	300	19	-14	14	300	19	-14	14	300
20	-14	14	314	20	-14	14	314	20	-14	14	314	20	-14	14	314	20	-14	14	314	20	-14	14	314	20	-14	14	314	20	-14	14	314	20	-14	14	314	20	-14	14	314	20	-14	14	314	20	-14	14	314	20	-14	14	314	20	-14	14	314	20	-14	14	314	20	-14	14	314	20	-14	14	314	20	-14	14	314	20	-14	14	314	20	-14	14	314	20	-14	14	314	20	-14	14	314	20	-14	14	314	20	-14	14	314	20	-14	14	314	20	-14	14	314
21	-19	19	333	21	-19	19	333	21	-19	19	333	21	-19	19	333	21	-19	19	333	21	-19	19	333	21	-19	19	333	21	-19	19	333	21	-19	19	333	21	-19	19	333	21	-19	19	333	21	-19	19	333	21	-19	19	333	21	-19	19	333	21	-19	19	333	21	-19	19	333	21	-19	19	333	21	-19	19	333	21	-19	19	333	21	-19	19	333	21	-19	19	333	21	-19	19	333	21	-19	19	333	21	-19	19	333	21	-19	19	333	21	-19	19	333
22	-124	25	358	22	-124	25	358	22	-124	25	358	22	-124	25	358	22	-124	25	358	22	-124	25	358	22	-124	25	358	22	-124	25	358	22	-124	25	358	22	-124	25	358	22	-124	25	358	22	-124	25	358	22	-124	25	358	22	-124	25	358	22	-124	25	358	22	-124	25	358	22	-124	25	358	22	-124	25	358	22	-124	25	358	22	-124	25	358	22	-124	25	358	22	-124	25	358	22	-124	25	358	22	-124	25	358	22	-124	25	358	22	-124	25	358
23	-15	15	373	23	-15	15	373	23	-15	15	373	23	-15	15	373	23	-15	15	373	23	-15	15	373	23	-15	15	373	23	-15	15	373	23	-15	15	373	23	-15	15	373	23	-15	15	373	23	-15	15	373	23	-15	15	373	23	-15	15	373	23	-15	15	373	23	-15	15	373	23	-15	15	373	23	-15	15	373	23	-15	15	373	23	-15	15	373	23	-15	15	373	23	-15	15	373	23	-15	15	373	23	-15	15	373	23	-15	15	373	23	-15	15	373
24	-13	13	386	24	-13	13	386	24	-13	13	386	24	-13	13	386	24	-13	13	386	24	-13	13	386	24	-13	13	386	24	-13	13	386	24	-13	13	386	24	-13	13	386	24	-13	13	386	24	-13	13	386	24	-13	13	386	24	-13	13	386	24	-13	13	386	24	-13	13	386	24	-13	13	386	24	-13	13	386	24	-13	13	386	24	-13	13	386	24	-13	13	386	24	-13	13	386	24	-13	13	386	24	-13	13	386	24	-13	13	386	24	-13	13	386
25	-215	17	403	25	-215	17	403	25	-215	17	403	25	-215	17	403	25	-215	17	403	25	-215	17	403	25	-215	17	403	25	-215	17	403	25	-215	17	403	25	-215	17	403	25	-215	17	403	25	-215	17	403	25	-215	17	403	25	-215	17	403	25	-215	17	403	25	-215	17	403	25	-215	17	403	25	-215	17	403	25	-215	17	403	25	-215	17	403	25	-215	17	403	25	-215	17	403	25	-215	17	403	25	-215	17	403	25	-215	17	403	25	-215	17	403
26	-17	17	420	26	-17	17	420	26	-17	17	420	26	-17	17	420	26	-17	17	420	26	-17	17	420	26	-17	17	420	26	-17	17	420	26	-17	17	420	26	-17	17	420	26	-17	17	420	26	-17	17	420	26	-17	17	420	26	-17	17	420	26	-17	17	420	26	-17	17	420	26	-17	17	420	26	-17	17	420	26	-17	17	420	26	-17	17	420	26	-17	17	420	26	-17	17	420	26	-17	17	420	26	-17	17	420	26	-17	17	420	26	-17	17	420
27	-118	19	439	27	-118	19	439	27	-118	19	439	27	-118	19	439	27	-118	19	439	27	-118	19	439	27	-118	19	439	27	-118	19	439	27	-118	19	439	27	-118	19	439	27	-118	19	439	27	-118	19	439	27	-118	19	439	27	-118	19	439	27	-118	19	439	27	-118	19	439	27	-118	19	439	27	-118	19	439	27	-118	19	439	27	-118	19	439	27	-118	19	439	27	-118	19	439	27	-118	19	439	27	-118	19	439	27	-118	19	439	27	-118	19	439
28	-13	13	452	28	-13	13	452	28	-13	13	452	28	-13	13	452	28	-13	13	452	28	-13	13	452	28	-13	13	452	28	-13	13	452	28	-13	13	452	28	-13	13	452	28	-13	13	452	28	-13	13	452	28	-13	13	452	28	-13	13	452	28	-13	13	452	28	-13	13	452	28	-13	13	452	28	-13	13	452	28	-13	13	452	28	-13	13	452	28	-13	13	452	28	-13	13	452	28	-13	13	452	28	-13	13	452	28	-13	13	452	28	-13	13	452
29	-13	13	465	29	-13	13	465	29	-13	13	465	29	-13	13	465	29	-13	13	465	29	-13	13	465	29	-13	13	465	29	-13	13	465	29	-13	13	465	29	-13	13	465	29	-13	13	465	29	-13	13	465	29	-13	13	465	29	-13	13	465	29	-13	13	465	29	-13	13	465	29	-13	13	465	29	-13	13	465	29	-13	13	465	29	-13	13	465	29	-13	13	465	29	-13	13	465	29	-13	13	465	29	-13	13	465	29	-13	13	465	29	-13	13	465
30	-13	13	478	30	-13	13	478	30	-13	13	478	30	-13	13	478	30	-13	13	478	30	-13	13	478	30	-13	13	478	30	-13	13	478	30	-13	13	478	30	-13	13	478	30	-13	13	478	30	-13	13	478	30	-13	13	478	30	-13	13	478	30	-13	13	478	30	-13	13	478	30	-13	13	478	30	-13	13	478	30	-13	13	478	30	-13	13	478	30	-13	13	478	30	-13	13	478	30	-13	13	478	30	-13	13	478	30	-13	13	478	30	-13	13	478
31	-13	13	491	31	-13	13	491	31	-13	13	491	31	-13	13	491	31	-13	13	491	31	-13	13	491	31	-13	13	491	31	-13	13	491	31	-13	13	491	31	-13	13	491	31	-13	13	491	31	-13	13	491	31	-13	13	491	31	-13	13	491	31	-13	13	491	31	-13	13	491	31	-13	13	491	31	-13	13	491	31	-13	13	491	31	-13	13	491	31	-13	13	491	31	-13	13	491	31	-13	13	491	31	-13	13	491	31	-13	13	491	31	-13	13	491
32	-15	15	506	32	-15	15	506	32	-15	15	506	32	-15	15	506	32	-15	15	506	32	-15	15	506	32	-15	15	506	32	-15	15	506	32	-15	15	506	32	-15	15	506	32	-15	15	506	32	-15	15	506	32	-15	15	506	32	-15	15	506	32	-15	15	506	32	-15	15	506	32	-15	15	506	32	-15	15	506	32	-15	15	506	32	-15	15	506	32	-15	15	506	32	-15	15	506	32	-15	15	506	32	-15	15	506	32	-15	15	506	32	-15	15	506
33	-13	13	519	33	-13	13	519	33	-13	13	519	33	-13	13	519	33	-13	13	519	33	-13	13	519	33	-13	13	519	33	-13	13	519	33	-13	13	519	33	-13	13	519	33	-13	13	519	33	-13	13	519	33	-13	13	519	33	-13	13	519	33	-13	13	519	33	-13	13	519	33	-13	13	519	33	-13	13	519	33	-13	13	519	33	-13	13	519	33	-13	13	519	33	-13	13	519	33	-13	13	519	33	-13	13	519	33	-13	13	519	33	-13	13	519
34	-14	14	533	34	-14	14	533	34	-14	14	533	34	-14	14	533	34	-14	14	533	34	-14	14	533	34	-14	14	533	34	-14	14	533	34	-14	14	533	34	-14	14	533	34	-14	14	533	34	-14	14	533	34	-14	14	533	34	-14	14	533	34	-14	14	533	34	-14	14	533	34	-14	14	533	34	-14	14	533	34	-14	14	533	34	-14	14	533	34	-14	14	533	34	-14	14	533	34	-14	14	533	34	-14	14	533	34	-14	14	533	34	-14	14	533
35	-16	16	549	35	-16	16	549	35	-16	16	549	35	-16	16	549	35	-16	16	549	35	-16	16	549	35	-16	16	549	35	-16	16	549	35	-16	16	549	35	-16	16	549	35	-16	16	549	35	-16	16	549	35	-16	16	549	35	-16	16	549	35	-16	16	549	35	-16	16	549	35	-16	16	549	35	-16	16	549	35	-16	16	549	35	-16	16	549	35	-16	16	549	35	-16	16	549	35	-16	16	549	35	-16	16	549	35	-16	16	549	35	-16	16	549
36	-15	15	564	36	-15	15	564	36	-15	15	564	36	-15	15	564	36	-15	15	564	36	-15	15	564	36	-15	15	564	36	-15	15	564	36	-15	15	564	36	-15	15	564	36	-15	15	564	36	-15	15	564	36	-15	15	564	36	-15	15	564	36	-15	15	564	36	-15	15	564	36	-15	15	564	36	-15	15	564	36	-15	15	564	36	-15	15	564	36	-15	15	564	36	-15	15	564	36	-15	15	564	36	-15	15	564	36	-15	15	564	36	-15	15	564
37	-13	13	577	37	-13	13	577	37	-13	13	577	37	-13	13	577	37	-13	13	577	37	-13	13	577	37	-13	13	577	37	-13	13	577	37	-13	13	577	37	-13	13	577	37	-13	13	577	37	-13	13	577	37	-13	13	577	37	-13	13	577	37	-13	13	577	37	-13	13	577	37	-13	13	577	37	-13	13	577	37	-13	13	577	37	-13	13	577	37	-13	13	577	37	-13	13	577	37	-13	13	577	37	-13	13	577	37	-13	13	577	37	-13	13	577
38	-15	15	592	38	-15	15	592	38	-15	15	592	38	-15	15	592	38	-15	15	592	38	-15	15	592	38	-15	15	592	38	-15	15	592	38	-15	15	592	38	-15	15	592	38	-15	15	592	38	-15	15	592	38	-15	15	592	38	-15	15	592	38	-15	15	592	38	-15	15	592	38	-15	15	592	38	-15	15	592	38	-15	15	592	38	-15	15	592	38	-15	15	592	38	-15	15	592	38	-15	15	592	38	-15	15	592	38	-15	15	592	38	-15	15	592
39	-13	13	605	39	-13	13	605	39	-13	13	605	39	-13	13	605	39	-13	13	605	39	-13	13	605	39	-13	13	605	39	-13	13	605	39	-13	13	605	39	-13	13	605	39	-13	13	605	39	-13	13	605	39	-13	13	605	39	-13	13	605	39	-13	13	605	39	-13	13	605	39	-13	13	605	39	-13	13	605	39	-13	13	605	39	-13	13	605	39	-13	13	605	39	-13	13	605	39	-13	13	605	39	-13	13	605	39	-13	13	605	39	-13	13	605
40	-13	13	618	40	-13	13	618	40	-13	13	618	40	-13	13	618	40	-13	13	618	40	-13	13	618	40	-13	13	618	40	-13	13	618	40	-13	13	618	40	-13	13	618	40	-13	13	618	40	-13	13	618	40	-13	13	618	40	-13	13	618	40	-13	13	618	40	-13	13	618	40	-13	13	618	40	-13	13	618	40	-13	13	618	40	-13	13	618	40	-13	13	618	40	-13	13	618	40	-13	13	618	40	-13	13	618	40	-13	13	618	40	-13	13	618
41	-117	18	636	41	-117	18	636	41	-117	18	636	41	-117	18	636	41	-117	18	636	41	-117	18	636	41	-117	18	636	41	-117	18	636	41	-117	18	636	41	-117	18	636	41	-117	18	636	41	-117	18	636	41	-117	18	636	41	-117	18	636	41	-117	18	636	41	-117	18	636	41	-117	18	636	41	-117	18	636	41	-117	18	636	41	-117	18	636	41	-117	18	636	41	-117	18	636	41	-117	18	636	41	-117	18	636	41	-117	18	636	41	-117	18	636
42	-15	15	651	42	-15	15	651	42	-15	15	651	42	-15	15	651	42	-15	15	651	42	-15	15	651	42	-15	15	651	42	-15	15	651	42	-15	15	651	42	-15	15	651	42	-15	15	651	42	-15	15	651	42	-15	15	651	42	-15	15	651	42	-15	15	651	42	-15	15	651	42	-15	15	651	42	-15	15	651	42	-15	15	651	42	-15	15	651	42	-15	15	651	42	-15	15	651	42	-15	15	651	42	-15	15	651	42	-15	15	651	42	-15	15	651
43	-15	15	666	43	-15	15	666	43	-15	15	666	43	-15	15	666	43	-15	15	666	43	-15	15	666	43	-15	15	666	43	-15	15	666	43	-15	15	666	43	-15	15	666	43	-15	15	666	43	-15	15	666	43	-15	15	666	43	-15	15	666	43	-15	15	666	43	-15	15	666	43	-15	15	666	43	-15	15	666	43	-15	15	666	43	-15	15	666	43	-15	15	666	43	-15	15	666	43	-15	15	666	43	-15	15	666	43	-15	15	666	43	-15	15	666
44	-13	13	679	44	-13	13	679	44	-13	13	679	44	-13	13	679	44	-13	13	679	44	-13	13	679	44	-13	13	679	44	-13	13	679	44	-13	13	679	44	-13	13	679	44	-13	13	679	44	-13	13	679	44	-13	13	679	44	-13	13	679	44	-13	13	679	44	-13	13	679	44	-13	13	679	44	-13	13	679	44	-13	13	679	44	-13	13	679	44	-13	13	679	44	-13	13	679	44	-13	13	679	44	-13	13	679	44	-13	13	679	44	-13	13	679
45	-13	13	692	45	-13	13	692	45	-13	13	692	45	-13	13	692	45	-13	13	692	45	-13	13	692	45	-13	13	692	45	-13	13	692	45	-13	13	692	45	-13	13	692	45	-13	13	692	45	-13	13	692	45	-13	13	692	45	-13	13	692	45	-13	13	692	45	-13	13	692	45	-13	13	692	45	-13	13	692	45	-13	13	692	45	-13	13	692	45	-13	13	692	45	-13	13	692	45	-13	13	692	45	-13	13	692	45	-13	13	692	45	-13	13	692
46	-13	13	705	46	-13	13	705	46	-13	13	705	46	-13	13	705	46	-13	13	705	46	-13	13	705	46	-13	13	705	46	-13	13	705	46	-13	13	705	46	-13	13	705	46	-13	13	705	46	-13	13	705	46	-13	13	705	46	-13	13	705	46	-13	13	705	46	-13	13	705	46	-13	13	705	46	-13	13	705	46	-13	13	705	46	-13	13	705	46	-13	13	705	46	-13	13	705	46	-13	13	705	46	-13	13	705	46	-13	13	705	46	-13	13	705
47	-15	15	720	47	-15	15	720	47	-15	15	720	47	-15	15	720	47	-15	15	720	47	-15	15	720	47	-15	15	720	47	-15	15	720	47	-15	15	720	47	-15	15	720	47	-15	15	720	47	-15	15	720	47	-15	15	720	47	-15	15	720	47	-15	15	720	47	-15	15	720	47	-15	15	720	47	-15	15	720	47	-15	15	720	47	-15	15	720	47	-15	15	720	47	-15	15	720	47	-15	15	720	47	-15	15	720	47	-15	15	720	47	-15	15	720
48	-129	30	750	48	-129	30	750	48	-129	30	750	48	-129	30	750	48	-129	30	750	48	-129	30	750	48	-129	30	750	48	-129	30	750	48	-129	30	750	48	-129	30	750	48	-129	30	750	48	-129	30	750	48	-129	30	750	48	-129	30	750	48	-129	30	750	48	-129	30	750	48	-129	30	750	48	-129	30	750	48	-129	30	750	48	-129	30	750	48	-129	30	750	48	-129	30	750	48	-129	30	750	48	-129	30	750	48	-129	30	750	48	-129	30	750
49	-13	13	763	49	-13	13	763	49	-13	13	763	49	-13	13	763	49	-13	13	763	49	-13	13	763	49	-13	13	763	49	-13	13	763	49	-13	13	763	49	-13	13	763	49	-13	13	763	49	-13	13	763	49	-13	13	763	49	-13	13	763	49	-13	13	763	49	-13	13	763	49	-13	13	763	49	-13	13	763	49	-13	13	763	49	-13	13	763	49	-13	13	763	49	-13	13	763	49	-13	13	763	49	-13	13	763	49	-13	13	763	49	-13	13	763
50	-15	15	778	50	-15	15	778	50	-15	15	778	50	-15	15	778	50	-15	15	778	50	-15	15	778	50	-15	15	778	50	-15	15	778	50	-15	15	778	50	-15	15	778	50	-15	15	778	50	-15	15	778	50	-15	15	778	50	-15	15	778	50	-15	15	778	50	-15	15	778	50	-15	15	778	50	-15	15	778	50	-15	15	778	50	-15	15	778	50	-15	15	778	50	-15	15	778	50	-15	15	778	50	-15	15	778	50	-15	15	778	50	-15	15	778
51	-13	13	791	51	-13	13	791	51	-13	13	791	51	-13	13	791	51	-13	13	791	51	-13	13	791	51	-13	13	791	51	-13	13	791	51	-13	13	791	51	-13	13	791	51	-13	13	791	51	-13	13	791	51	-13	13	791	51	-13	13	791	51	-13	13	791	51	-13	13	791	51	-13	13	791	51	-13	13	791	51	-13	13	791	51	-13	13	791	51	-13	13	791	51	-13	13	791	51	-13	13	791	51	-13	13	791	51	-13	13	791	51	-13	13	791
52	-122	23	814	52	-122	23	814	52	-122	23	814	52	-122	23	814	52	-122	23	814	52	-122	23	814	52	-122	23	814	52	-122	23	814	52	-122	23	814	52	-122	23	814	52	-122	23	814	52	-122	23	814	52	-122	23	814	52	-122	23	814	52	-122	23	814	52	-122	23	814	52	-122	23	814	52	-122	23	814	52	-122	23	814	52	-122	23	814	52	-122	23	814	52	-122	23	814	52	-122	23	814	52	-122	23	814	52	-122	23	814	52	-122	23	814
53	-15	15	829	53	-15	15	829	53	-15	15	829	53	-15	15	829	53	-15	15	829	53	-15	15	829	53	-15	15	829	53	-15	15	829	53	-15	15	829	53	-15	15	829	53	-15	15	829	53	-15	15	829	53	-15	15	829	53	-15	15	829	53	-15	15	829	53	-15	15	829	53	-15	15	829	53	-15	15	829	53	-15	15	829	53	-15	15	829	53	-15	15	829	53	-15	15	829	53	-15	15	829	53	-15	15	829	53	-15	15	829	53	-15	15	829
54	-17	17	846	54	-17	17	846	54	-17	17	846	54	-17	17	846	54	-17	17	846	54	-17	17	846	54	-17	17	846	54	-17	17	846	54	-17	17	846	54	-17	17	846	54	-17	17	846	54	-17	17	846	54	-17	17	846	54	-17	17	846	54	-17	17	846	54	-17	17	846	54	-17	17	846	54	-17	17	846	54	-17	17	846	54	-17	17	846	54	-17	17	846	54	-17	17	846	54	-17	17	846	54	-17	17	846	54	-17	17	846	54	-17	17	846
55	-17	17	863	55	-17	17	863	55	-17	17	863	55	-17	17	863	55	-17	17	863	55	-17	17	863	55	-17	17	863	55	-17	17	863	55	-17	17	863	55	-17	17	863	55	-17	17	863	55	-17	17	863	55	-17	17	863	55	-17	17	863	55	-17	17	863	55	-17	17	863	55	-17	17	863	55	-17	17	863	55	-17	17	863	55	-17	17	863	55	-17	17	863	55	-17	17	863	55	-17	17	863	55	-17	17	863	55	-17	17	863	55	-17	17	863
56	-15	15	878	56	-15	15	878	56	-15	15	878	56	-15	15	878	56	-15	15	878	56	-15	15	878	56	-15	15	878	56	-15	15	878	56	-15	15	878	56	-15	15	878	56	-15	15	878	56	-15	15	878	56	-15	15	878	56	-15	15	878	56	-15	15	878	56	-15	15	878	56	-15	15	878	56	-15	15	878	56	-15	15	878	56	-15	15	878	56	-15	15	878	56	-15	15	878	56	-15	15	878	56	-15	15	878	56	-15	15	878	56	-15	15	878
57	-17	17	895	57	-17	17	895	57	-17	17	895	57	-17	17	895	57	-17	17	895	57	-17	17	895	57	-17	17	895	57	-17	17	895	57	-17	17	895	57	-17	17	895	57	-17	17	895	57	-17	17	895	57	-17	17	895	57	-17	17	895	57	-17	17	895	57	-17	17	895	57	-17	17	895	57	-17	17	895	57	-17	17	895	57	-17	17	895	57	-17	17	895	57	-17	17	895	57	-17	17	895	57	-17	17	895	57	-17	17	895	57	-17	17	895
58	-224	26	921	58	-224	26	921	58	-224	26	921	58	-224	26	921	58	-224	26	921	58	-224	26	921	58	-224	26	921	58	-224	26	921	58	-224	26	921	58	-224	26	921	58	-224	26	921	58	-224	26	921	58	-224	26	921	58	-224	26	921	58	-224	26	921	58	-224	26	921	58	-224	26	921	58	-224	26	921	58	-224	26	921	58	-224	26	921	58	-224	26	921	58	-224	26	921	58	-224	26	921	58	-224	26	921	58	-224	26	921	58	-224	26	921
59	-19	19	940	59	-19	19	940	59	-19	19	940	59	-19	19	940	59	-19	19	940	59	-19	19	940	59	-19	19	940	59	-19	19	940	59	-19	19	940	59	-19	19	940	59	-19	19	940	59	-19	19	940	59	-19	19	940	59	-19	19	940	59	-19	19	940	59	-19	19	940	59	-19	19	940	59	-19	19	940	59	-19	19	940	59	-19	19	940	59	-19	19	940	59	-19	19	940	59	-19	19	940	59	-19	19	940	59	-19	19	940	59	-19	19	940
60	-13	13	953	60	-13	13	953	60	-13	13	953	60	-13	13	953	60	-13	13	953	60	-13	13	953	60	-13	13	953	60	-13	13	953	60	-13	13	953	60	-13	13	953	60	-13	13	953	60	-13	13	953	60	-13	13	953	60	-13	13	953	60	-13	13	953	60	-13	13	953	60	-13	13	953	60	-13	13	953	60	-13	13	953	60	-13	13	953	60	-13	13	953	60	-13	13	953	60	-13	13	953	60	-13	13	953	60	-13	13	953	60	-13	13	953
61	-15	15	968	61	-15	15	968	61	-15	15	968	61	-15	15	968	61	-15	15	968	61	-15	15	968	61	-15	15	968	61	-15	15	968	61	-15	15	968	61	-15	15	968	61	-15	15	968	61	-15	15	968	61	-15	15	968	61	-15	15	968	61	-15	15	968	61	-15	15	968	61	-15	15	968	61	-15	15	968	61	-15	15	968	61	-15	15	968	61	-15	15	968	61	-15	15	968	61	-15	15	968	61	-15	15	968	61	-15	15	968	61	-15	15	968
62	-15	15	983	62	-15	15	983	62	-15	15	983	62	-15	15	983	62	-15	15	983	62	-15	15	983	62	-15	15	983	62	-15	15	983	62	-15	15	983	62	-15	15	983	62	-15	15	983	62	-15	15	983	62	-15	15	983	62	-15	15	983	62	-15	15	983	62	-15	15	983	62	-15	15	983	62	-15	15	983	62	-15	15	983	62	-15	15	983	62	-15	15	983	62	-15	15	983	62	-15	15	983	62	-15	15	983	62	-15	15	983	62	-15	15	983
63	-15	15	998	63	-15	15	998	63	-15	15	998	63	-15	15	998	63	-15	15	998	63	-15	15	998	63	-15	15	998	63	-15	15	998	63	-15	15	998	63	-15	15	998	63	-15	15	998	63	-15	15	998	63	-15	15	998	63	-15	15	998	63	-15	15	998	63	-15	15	998	63	-15	15	998	63	-15	15	998	63	-15	15	998	63	-15	15	998	63	-15	15	998	63	-15	15	998	63	-15	15	998	63	-15	15	998	63	-15	15	998	63	-15	15	998
64	-13	13	1011	64	-13	13	1011	64	-13	13	1011	64	-13	13	1011	64	-13	13	1011	64	-13	13	1011	64	-13	13	1011	64	-13	13	1011	64	-13	13	1011	64	-13	13	1011	64	-13	13	1011	64	-13	13	1011	64	-13	13	1011	64	-13	13	1011	64	-13	13	1011	64	-13	13	1011	64	-13	13	1011	64	-13	13	1011	64	-13	13	1011	64	-13	13	1011	64	-13	13	1011	64	-13	13	1011	64	-13	13	1011	64	-13	13	1011	64	-13	13	1011	64	-13	13	1011
65	-13	13	1024	65	-13	13	1024	65	-13	13	1024	65	-13	13	1024	65	-13	13	1024	65	-13	13	1024	65	-13	13	1024	65	-13	13	1024	65	-13	13	1024	65	-13	13	1024	65	-13	13	1024	65	-13	13	1024	65	-13	13	1024	65	-13	13	1024	65	-13	13	1024	65	-13	13	1024	65	-13	13	1024	65	-13	13	1024	65	-13	13	1024	65	-13	13	1024	65	-13	13	1024	65	-13	13	1024	65	-13	13	1024	65	-13	13	1024	65	-13	13	1024	65	-13	13	1024
66	-13	13	1037	66	-13	13	1037	66	-13	13	1037	66	-13	13	1037	66	-13	13	1037	66	-13	13	1037	66	-13	13	1037	66	-13	13	1037	66	-13	13	1037	66	-13	13	1037	66	-13	13	1037	66	-13	13	1037	66	-13	13	1037	66	-13	13	1037	66	-13	13	1037	66	-13	13	1037	66	-13	13	1037	66	-13	13	1037	66	-13	13	1037	66	-13	13	1037	66	-13	13	1037	66	-13	13	1037	66	-13	13	1037	66	-13	13	1037	66	-13	13	1037	66	-13	13	1037
67	-19	19	1056	67	-19	19	1056	67	-19	19	1056	67	-19	19	1056	67	-19	19	1056	67	-19	19	1056	67	-19	19	1056	67	-19	19	1056	67	-19	19	1056	67	-19	19	1056	67	-19	19	1056	67	-19	19	1056	67	-19	19	1056	67	-19	19	1056	67	-19	19	1056	67	-19	19	1056	67	-19	19	1056	67	-19	19	1056	67	-19	19	1056	67	-19	19	1056	67	-19	19	1056	67	-19	19	1056	67	-19	19	1056	67	-19	19	1056	67	-19	19	1056	67	-19	19	1056
68	-19	19	1075	68	-19	19	1075	68	-19	19	1075	68	-19	19	1075	68	-19	19	1075	68	-19	19	1075	68	-19	19	1075	68	-19	19	1075	68	-19	19	1075	68	-19	19	1075	68	-19	19	1075	68	-19	19	1075	68	-19	19	1075	68	-19	19	1075	68	-19	19	1075	68	-19	19	1075	68	-19	19	1075	68	-19	19	1075	68	-19	19	1075	68	-19	19	1075	68	-19	19	1075	68	-19	19	1075	68	-19	19	1075	68	-19	19	1075	68	-19	19	1075	68	-19	19	1075
69	-17	17	1092	69	-17	17	1092	69	-17	17	1092	69	-17	17	1092	69	-17	17	1092	69	-17	17	1092	69	-17	17	1092	69	-17	17	1092	69	-17	17	1092	69	-17	17	1092	69	-17	17	1092	69	-17	17	1092	69	-17	17	1092	69	-17	17	1092	69	-17	17	1092	69	-17	17	1092	69	-17	17	1092	69	-17	17	1092	69	-17	17	1092	69	-17	17	1092	69	-17	17	1092	69	-17	17	1092	69	-17	17	1092	69	-17	17	1092	69	-17	17	1092	69	-17	17	1092
70	-13	13	1105	70	-13	13	1105	70	-13	13	1105	70	-13	13	1105	70	-13	13	1105	70	-13	13	1105	70	-13	13	1105	70	-13	13	1105	70	-13	13	1105	70	-13	13	1105	70	-13	13	1105	70	-13	13	1105	70	-13	13	1105	70	-13	13	1105	70	-13	13	1105	70	-13	13	1105	70	-13	13	1105	70	-13	13	1105	70	-13	13	1105	70	-13	13	1105	70	-13	13	1105	70	-13	13	1105	70	-13	13	1105	70	-13	13	1105	70	-13	13	1105	70	-13	13	1105
71	-124	25	1130	71	-124	25	1130	71	-124	25	1130	71	-124	25	1130	71	-124	25	1130	71	-124	25	1130	71	-124	25	1130	71	-124	25	1130	71	-124	25	1130	71	-124	25	1130	71	-124	25	1130	71	-124	25	1130	71	-124	25	1130	71	-124	25	1130	71	-124	25	1130	71	-124	25	1130	71	-124	25	1130	71	-124	25	1130	71	-124	25	1130	71	-124	25	1130	71	-124	25	1130	71	-124	25	1130	71	-124	25	1130	71	-124	25	1130	71	-124	25	1130	71	-124	25	1130
72	-13	13	1143	72	-13	13	1143	72	-13	13	1143	72	-13	13	1143	72	-13	13	1143	72	-13	13	1143	72	-13	13	1143	72	-13	13	1143	72	-13	13	1143	72	-13	13	1143	72	-13	13	1143	72	-13	13	1143	72	-13	13	1143	72	-13	13	1143	72	-13	13	1143	72	-13	13	1143	72	-13	13	1143	72	-13	13	1143	72	-13	13	1143	72	-13	13	1143	72	-13	13	1143	72	-13	13	1143	72	-13	13	1143	72	-13	13	1143	72	-13	13	1143	72	-13	13	1143
73	-16	16	1159	73	-16	16	1159	73	-16	16	1159	73	-16	16	1159	73	-16	16	1159	73	-16	16	1159	73	-16	16	1159	73	-16	16	1159	73	-16	16	1159	73	-16	16	1159	73	-16	16	1159	73	-16	16	1159	73	-16	16	1159	73	-16	16	1159	73	-16	16	1159	73	-16	16	1159	73	-16	16	1159	73	-16	16	1159	73	-16	16	1159	73	-16	16	1159	73	-16	16	1159	73	-16	16	1159	73	-16	16	1159	73	-16	16	1159	73	-16	16	1159	73	-16	16	1159
74	-117	18	1177	74	-117	18	1177	74	-117	18	1177	74	-117	18	1177	74	-117	18	1177	74	-117	18	1177	74	-117	18	1177	74	-117	18	1177	74	-117	18	1177	74	-117	18	1177	74	-117	18	1177	74	-117	18	1177	74	-117	18	1177	74	-117	18	1177	74	-117	18	1177	74	-117	18	1177	74	-117	18	1177	74	-117	18	1177	74	-117	18	1177	74	-117	18	1177	74	-117	18	1177	74	-117	18	1177	74	-117	18	1177	74	-117	18	1177	74	-117	18	1177	74	-117	18	1177
75	-15	15	1192	75	-15	15	1192	75	-15	15	1192	75	-15	15	1192	75	-15	15	1192	75	-15	15	1192	75	-15	15	1192	75	-15	15	1192	75	-15	15	1192	75	-15	15	1192	75	-15	15	1192	75	-15	15	1192	75	-15	15	1192	75	-15	15	1192	75	-15	15	1192	75	-15	15	1192	75	-15	15	1192	75	-15	15	1192	75	-15	15	1192	75	-15	15	1192	75	-15	15	1192	75	-15	15	1192	75	-15	15	1192	75	-15	15	1192	75	-15	15	1192	75	-15	15	1192
76	-13	13	1205	76	-13	13	1205	76	-13	13	1205	76	-13	13	1205	76	-13	13	1205	76	-13	13	1205	76	-13	13	1205	76	-13	13	1205	76	-13	13	1205	76	-13	13	1205	76	-13	13	1205	76	-13	13	1205	76	-13	13	1205	76	-13	13	1205	76	-13	13	1205	76	-13	13	1205	76	-13	13	1205	76	-13	13	1205	76	-13	13	1205	76	-13	13	1205	76	-13	13	1205	76	-13	13	1205	76	-13	13	1205	76	-13	13	1205	76	-13	13	1205	76	-13	13	1205
77	-117	18	1223	77	-117	18	1223	77	-117	18	1223	77	-117	18	1223	77	-117	18	1223	77	-117	18	1223	77	-117	18	1223	77	-117	18	1223	77	-117	18	1223	77	-117	18	1223	77	-117	18	1223	77	-117	18	1223	77	-117	18	1223	77	-117	18	1223	77	-117	18	1223	77	-117	18	1223	77	-117	18	1223	77	-117	18	1223	77	-117	18	1223	77	-117	18	1223	77	-117	18	1223	77	-117	18	1223	77	-117	18	1223	77	-117	18	1223	77	-117	18	1223	77	-117	18	1223
78	-226	28	1251	78	-226	28	1251	78	-226	28	1251	78	-226	28	1251	78	-226	28	1251	78	-226	28	1251	78	-226	28	1251	78	-226	28	1251	78	-226	28	1251	78	-226	28	1251	78	-226	28	1251	78	-226	28	1251	78	-226	28	1251	78	-226	28	1251	78	-226	28	1251	78	-226	28	1251	78	-226	28	1251	78	-226	28	1251	78	-226	28	1251	78	-226	28	1251	78	-226	28	1251	78	-226	28	1251	78	-226	28	1251	78	-226	28	1251	78	-226	28	1251	78	-226	28	1251
79	-13	13	1264	79	-13	13	1264	79	-13	13	1264	79	-13	13	1264	79	-13	13	1264	79	-13	13	1264	79	-13	13	1264	79	-13	13	1264	79	-13	13	1264	79	-13	13	1264	79	-13	13	1264	79	-13	13	1264	79	-13	13	1264	79	-13	13	1264	79	-13	13	1264	79	-13	13	1264	79	-13	13	1264	79	-13	13	1264	79	-13	13	1264	79	-13	13	1264	79	-13	13	1264	79	-13	13	1264	79	-13	13	1264	79	-13	13	1264	79	-13	13	1264	79	-13	13	1264
80	-13	13	1277	80	-13	13	1277	80	-13	13	1277	80	-13	13	1277	80	-13	13	1277	80	-13	13	1277	80	-13	13	1277	80	-13	13	1277	80	-13	13	1277	80	-13	13	1277	80	-13	13	1277	80	-13	13	1277	80	-13	13	1277	80	-13	13	1277	80	-13	13	1277	80	-13	13	1277	80	-13	13	1277	80	-13	13	1277	80	-13	13	1277	80	-13	13	1277	80	-13	13	1277	80	-13	13	1277	80	-13	13	1277	80	-13	13	1277	80	-13	13	1277	80	-13	13	1277
81	-15	15	1292	81	-15	15	1292	81	-15	15	1292	81	-15	15	1292	81	-15	15	1292	81	-15	15	1292	81	-15	15	1292	81	-15	15	1292	81	-15	15	1292	81	-15	15	1292	81	-15	15	1292	81	-15	15	1292	81	-15	15	1292	81	-15	15	1292	81	-15	15	1292	81	-15	15	1292	81	-15	15	1292	81	-15	15	1292	81	-15	15	1292	81	-15	15	1292	81	-15	15	1292	81	-15	15	1292	81	-15	15	1292	81	-15	15	1292	81	-15	15	1292	81	-15	15	1292
82	-16	16	1308	82	-16	16	1308	82	-16	16	1308	82	-16	16	1308	82	-16	16	1308	82	-16	16	1308	82	-16	16	1308	82	-16	16	1308	82	-16	16	1308	82	-16	16	1308	82	-16	16	1308	82	-16	16	1308	82	-16	16	1308	82	-16	16	1308	82	-16	16	1308	82	-16	16	1308	82	-16	16	1308	82	-16	16	1308	82	-16	16	1308	82	-16	16	1308	82	-16	16	1308	82	-16	16	1308	82	-16	16	1308	82	-16	16	1308	82	-16	16	1308	82	-16	16	1308
83	-13	13	1321	83	-13	13	1321	83	-13	13	1321	83	-13	13	1321	83	-13	13	1321	83	-13	13	1321	83	-13	13	1321	83	-13	13	1321	83	-13	13	1321	83	-13	13	1321	83	-13	13	1321	83	-13	13	1321	83	-13	13	1321	83	-13	13	1321	83	-13	13	1321	83	-13	13	1321	83	-13	13	1321	83	-13	13	1321	83	-13	13	1321	83	-13	13	1321	83	-13	13	1321	83	-13	13	1321	83	-13	13	1321	83	-13	13	1321	83	-13	13	1321	83	-13	13	1321
84	-17	17	1338	84	-17	17	1338	84	-17	17	1338	84	-17	17	1338	84	-17	17	1338	84	-17	17	1338	84	-17	17	1338	84	-17	17	1338	84	-17	17	1338	84	-17	17	1338	84	-17	17	1338	84	-17	17	1338	84	-17	17	1338	84	-17	17	1338	84	-17	17	1338	84	-17	17	1338	84	-17	17	1338	84	-17	17	1338	84	-17	17	1338	84	-17	17	1338	84	-17	17	1338	84	-17	17	1338	84	-17	17	1338	84	-17	17	1338	84	-17	17	1338	84	-17	17	1338
85	-15	15	1353	85	-15	15	1353	85	-15	15	1353	85	-15	15	1353	85	-15	15	1353	85	-15	15	1353	85	-15	15	1353	85	-15	15	1353	85	-15	15	1353	85	-15	15	1353	85	-15	15	1353	85	-15	15	1353	85	-15	15	1353	85	-15	15	1353	85	-15	15	1353	85	-15	15	1353	85	-15	15	1353	85	-15	15	1353	85	-15	15	1353	85	-15	15	1353	85	-15	15	1353	85	-15	15	1353	85	-15	15	1353	85	-15	15	1353	85	-15	15	1353	85	-15	15	1353
86	-13	13	1366	86	-13	13	1366	86	-13	13	1366	86	-13	13	1366	86	-13	13	1366	86	-13	13	1366	86	-13	13	1366	86	-13	13	1366	86	-13	13	1366	86	-13	13	1366	86	-13	13	1366	86	-13	13	1366	86	-13	13	1366	86	-13	13	1366	86	-13	13	1366	86	-13	13	1366	86	-13	13	1366	86	-13	13	1366	86	-13	13	1366	86	-13	13	1366	86	-13	13	1366	86	-13	13	1366	86	-13	13	1366	86	-13	13	1366	86	-13	13	1366	86	-13	13	1366
87	-15	15	1381	87	-15	15	1381	87	-15	15	1381	87	-15	15	1381	87	-15	15	1381	87	-15	15	1381	87	-15	15	1381	87	-15	15	1381	87	-15	15	1381	87	-15	15	1381	87	-15	15	1381	87	-15	15	1381	87	-15	15	1381	87	-15	15	1381	87	-15	15	1381	87	-15	15	1381	87	-15	15	1381	87	-15	15	1381	87	-15	15	1381	87	-15	15	1381	87	-15	15	1381	87	-15	15	1381	87	-15	15	1381	87	-15	15	1381	87	-15	15	1381	87	-15	15	1381
88	-15	15	1396	88	-15	15	1396	88	-15	15	1396	88	-15	15	1396	88	-15	15	1396	88	-15	15	1396	88	-15	15	1396	88	-15	15	1396	88	-15	15	1396	88	-15	15	1396	88	-15	15	1396	88	-15	15	1396	88	-15	15	1396	88	-15	15	1396	88	-15	15	1396	88	-15	15	1396	88	-15	15	1396	88	-15	15	1396	88	-15	15	1396	88	-15	15	1396	88	-15	15	1396	88	-15	15	1396	88	-15	15	1396	88	-15	15	1396	88	-15	15	1396	88	-15	15	1396
89	-13	13	1409	89	-13	13	1409	89	-13	13	1409	89	-13	13	1409	89	-13	13	1409	89	-13	13	1409	89	-13	13	1409	89	-13	13	1409	89	-13	13	1409	89	-13	13	1409	89	-13	13	1409	89	-13	13	1409	89	-13	13	1409	89	-13	13	1409	89	-13	13	1409	89	-13	13	1409	89	-13	13	1409	89	-13	13	1409	89	-13	13	1409	89	-13	13	1409	89	-13	13	1409	89	-13	13	1409	89	-13	13	1409	89	-13	13	1409	89	-13	13	1409	89	-13	13	1409
90	-117	18	1427	90	-117	18	1427	90	-117	18	1427	90	-117	18	1427	90	-117	18	1427	90	-117	18	1427	90	-117	18	1427	90	-117	18	1427	90	-117	18	1427	90	-117	18	1427	90	-117	18	1427	90	-117	18	1427	90	-117	18	1427	90	-117	18	1427	90	-117	18	1427	90	-117	18	1427	90	-117	18	1427	90	-117	18	1427	90	-117	18	1427	90	-117	18	1427	90	-117	18	1427	90	-117	18	1427	90	-117	18	1427	90	-117	18	1427	90	-117	18	1427	90	-117	18	1427
91	-15	15	1442	91	-15	15	1442	91	-15	15	1442	91	-15	15	1442	91	-15	15	1442	91	-15	15	1442	91	-15	15	1442	91	-15	15	1442	91	-15	15	1442	91	-15	15	1442	91	-15	15	1442	91	-15	15	1442	91	-15	15	1442	91	-15	15	1442	91	-15	15	1442	91	-15	15	1442	91	-15	15	1442	91	-15	15	1442	91	-15	15	1442	91	-15	15	1442	91	-15	15	1442	91	-15	15	1442	91	-15	15	1442	91	-15	15	1442	91	-15	15	1442	91	-15	15	1442
92	-126	27	1469	92	-126	27	1469	92	-126	27	1469	92	-126	27	1469	92	-126	27	1469	92	-126	27	1469	92	-126	27	1469	92	-126	27	1469	92	-126	27	1469	92	-126	27	1469	92	-126	27	1469	92	-126	27	1469	92	-126	27	1469	92	-126	27	1469	92	-126	27	1469	92	-126	27	1469	92	-126	27	1469	92	-126	27	1469	92	-126	27	1469	92	-126	27	1469	92	-126	27	1469	92	-126	27	1469	92	-126	27	1469	92	-126	27	1469	92	-126	27	1469	92	-126	27	1469
93	-126	27	1496	93	-126	27	1496	93	-126	27	1496	93	-126	27	1496	93	-126	27	1496	93	-126	27	1496	93	-126	27	1496	93	-126	27	1496	93	-126	27	1496	93	-126	27	1496	93	-126	27	1496	93	-126	27	1496	93	-126	27	1496	93	-126	27	1496	93	-126	27	1496	93	-126	27	1496	93	-126	27	1496	93	-126	27	1496	93	-126	27	1496	93	-126	27	1496	93	-126	27	1496	93	-126	27	1496	93	-126	27	1496	93	-126	27	1496	93	-126	27	1496	93	-126	27	1496
94	-119	20	1516	94	-119	20	1516	94	-119	20	1516	94	-119	20	1516	94	-119	20	1516	94	-119	20	1516	94	-119	20	1516	94	-119	20	1516	94	-119	20	1516	94	-119	20	1516	94	-119	20	1516	94	-119	20	1516	94	-119	20	1516	94	-119	20	1516	94	-119	20	1516	94	-119	20	1516	94	-119	20	1516	94	-119	20	1516	94	-119	20	1516	94	-119	20	1516	94	-119	20	1516	94	-119	20	1516	94	-119	20	1516	94	-119	20	1516	94	-119	20	1516	94	-119	20	1516
95	-13	13	1529	95	-13	13	1529	95	-13	13	1529	95	-13	13	1529	95	-13	13	1529	95	-13	13	1529	95	-13	13	1529	95	-13	13	1529	95	-13	13	1529	95	-13	13	1529	95	-13	13	1529	95	-13	13	1529	95	-13	13	1529	95	-13	13	1529	95	-13	13	1529	95	-13	13	1529	95	-13	13	1529	95	-13	13	1529	95	-13	13	1529	95	-13	13	1529	95	-13	13	1529	95	-13	13	1529	95	-13	13	1529	95	-13	13	1529	95	-13	13	1529	95	-13	13	1529
96	-122	23	1552	96	-122	23	1552	96	-122	23	1552	96	-122	23	1552	96	-122	23	1552	96	-122	23	1552	96	-122	23	1552	96	-122	23	1552	96	-122	23	1552	96	-122	23	1552	96	-122	23	1552	96	-122	23	1552	96	-122	23	1552	96	-122	23	1552	96	-122	23	1552	96	-122	23	1552	96	-122	23	1552	96	-122	23	1552	96	-122	23	1552	96	-122	23	1552	96	-122	23	1552	96	-122	23	1552	96	-122	23	1552	96	-122	23	1552	96	-122	23	1552	96	-122	23	1552
97	-13	13	1565	97	-13	13	1565	97	-13	13	1565	97	-13	13	1565	97	-13	13	1565	97	-13	13	1565	97	-13	13	1565	97	-13	13	1565	97	-13	13	1565	97	-13	13	1565	97	-13	13	1565	97	-13	13	1565	97	-13	13	1565	97	-13	13	1565	97	-13	13	1565	97	-13	13	1565	97	-13	13	1565	97	-13	13	1565	97	-13	13	1565	97	-13	13	1565	97	-13	13	1565	97	-13	13	1565	97	-13	13	1565	97	-13	13	1565	97	-13	13	1565	97	-13	13	1565
98	-16	16	1581	98	-16	16	1581	98	-16	16	1581	98	-16	16	1581	98	-16	16	1581	98	-16	16	1581	98	-16	16	1581	98	-16	16	1581	98	-16	16	1581	98	-16	16	1581	98	-16	16	1581	98	-16	16	1581	98	-16	16	1581	98	-16	16	1581	98	-16	16	1581	98	-16	16	1581	98	-16	16	1581	98	-16	16	1581	98	-16	16	1581	98	-16	16	1581	98	-16	16	1581	98	-16	16	1581	98	-16	16	1581	98	-16	16	1581	98	-16	16	1581	98	-16	16	1581
99	-115	16	1597	99	-115	16	1597	99	-115	16	1597	99	-115	16	1597	99	-115	16	1597	99	-115	16	1597	99	-115	16	1597	99	-115	16	1597	99	-115	16	1597	99	-115	16	1597	99	-115	16	1597	99	-115	16	1597	99	-115	16	1597	99	-115	16	1597	99	-115	16	1597	99	-115	16	1597	99	-115	16	1597	99	-115	16	1597	99	-115	16	1597	99	-115	16	1597	99	-115	16	1597	99	-115	16	1597	99	-115	16	1597	99	-115	16	1597	99	-115	16	1597	99	-115	16	1597
100	-13	13	1610	100	-13	13	1610	100	-13	13	1610	100	-13	13	1610	100	-13	13	1610	100	-13	13	1610	100	-13	13	1610	100	-13	13	1610	100	-13	13	1610	100	-13	13	1610	100	-13	13	1610	100	-13	13	1610	100	-13	13	1610	100	-13	13	1610	100	-13	13	1610	100	-13	13	1610	100	-13	13	1610	100	-13	13	1610	100	-13	13	1610	100	-13	13	1610	100	-13	13	1610	100	-13	13	1610	100	-13	13	1610	100	-13	13	1610	100	-13	13	1610	100	-13	13	1610
101	-119	20	1630	101	-119	20	1630	101	-119	20	1630	101	-119	20	1630	101	-119	20	1630	101	-119	20	1630	101	-119	20	1630	101	-119	20	1630	101	-119	20	1630	101	-119	20	1630	101	-119	20	1630	101	-119	20	1630	101	-119	20	1630	101	-119	20	1630	101	-119	20	1630	101	-119	20	1630	101	-119	20	1630	101	-119	20	1630	101	-119	20	1630	101	-119	20	1630	101	-119	20	1630	101	-119	20	1630	101	-119	20	1630	101	-119	20	1630	101	-119	20	1630	101	-119	20	1630
102	-116	17	1647	102	-116	17	1647	102	-116	17	1647	102	-116	17	1647	102	-116	17	1647	102	-116	17	1647	102	-116	17	1647	102	-116	17	1647	102	-116	17	1647	102	-116	17	1647	102	-116	17	1647	102	-116	17	1647	102	-116	17	1647	102	-116	17	1647	102	-116	17	1647	102	-116	17	1647	102	-116	17	1647	102	-116	17	1647	102	-116	17	1647	102	-116	17	1647	102	-116	17	1647	102	-116	17	1647	102	-116	17	1647	102	-116	17	1647	102	-116	17	1647	102	-116	17	1647
103	-13	13	1660	103	-13	13	1660	103	-13	13	1660	103	-13	13	1660	103	-13	13	1660	103	-13	13	1660	103	-13	13	1660	103	-13	13	1660	103	-13	13	1660	103	-13	13	1660	103	-13	13	1660	103	-13	13	1660	103	-13	13	1660	103	-13	13	1660	103	-13	13	1660	103	-13	13	1660	103	-13	13	1660	103	-13	13	1660	103	-13	13	1660	103	-13	13	1660	103	-13	13	1660	103	-13	13	1660	103	-13	13	1660	103	-13	13	1660	103	-13	13	1660	103	-13	13	1660
104	-14	14	1674	104	-14	14	1674	104	-14	14	1674	104	-14	14	1674	104	-14	14	1674	104	-14	14	1674	104	-14	14	1674	104	-14	14	1674	104	-14	14	1674	104	-14	14	1674	104	-14	14	1674	104	-14	14	1674	104	-14	14	1674	104	-14	14	1674	104	-14	14	1674	104	-14	14	1674	104	-14	14	1674	104	-14	14	1674	104	-14	14	1674	104	-14	14	1674	104	-14	14	1674	104	-14	14	1674	104	-14	14	1674	104	-14	14	1674	104	-14	14	1674	104	-14	14	1674
105	-18	18	1692	105	-18	18	1692	105	-18	18	1692	105	-18	18	1692	105	-18	18	1692	105	-18	18	1692	105	-18	18	1692	105	-18	18	1692	105	-18	18	1692	105	-18	18	1692	105	-18	18	1692	105	-18	18	1692	105	-18	18	1692	105	-18	18	1692	105	-18	18	1692	105	-18	18	1692	105	-18	18	1692	105	-18	18	1692	105	-18	18	1692	105	-18	18	1692	105	-18	18	1692	105	-18	18	1692	105	-18	18	1692	105	-18	18	1692	105	-18	18	1692	105	-18	18	1692
106	-13	13	1705	106	-13	13	1705	106	-13	13	1705	106	-13	13	1705	106	-13	13	1705	106	-13	13	1705	106	-13	13	1705	106	-13	13	1705	106	-13	13	1705	106	-13	13	1705	106	-13	13	1705	106	-13	13	1705	106	-13	13	1705	106	-13	13	1705	106	-13	13	1705	106	-13	13	1705	106	-13	13	1705	106	-13	13	1705	106	-13	13	1705	106	-13	13	1705	106	-13	13	1705	106	-13	13	1705	106	-13	13	1705	106	-13	13	1705	106	-13	13	1705	106	-13	13	1705
107	-119	20	1725	107	-119	20	1725	107	-119	20	1725	107	-119	20	1725	107	-119	20	1725	107	-119	20	1725	107	-119	20	1725	107	-119	20	1725	107	-119	20	1725	107	-119	20	1725	107	-119	20	1725	107	-119	20	1725	107	-119	20	1725	107	-119	20	1725	107	-119	20	1725	107	-119	20	1725	107	-119	20	1725	107	-119	20	1725	107	-119	20	1725	107	-119	20	1725	107	-119	20	1725	107	-119	20	1725	107	-119	20	1725	107	-119	20	1725	107	-119	20	1725	107	-119	20	1725
108	-15	15	1740	108	-15	15	1740	108	-15	15	1740	108	-15	15	1740	108	-15	15	1740	108	-15	15	1740	108	-15	15	1740	108	-15	15	1740	108	-15	15	1740	108	-15	15	1740	108	-15	15	1740	108	-15	15	1740	108	-15	15	1740	108	-15	15	1740	108	-15	15	1740	108	-15	15	1740	108	-15	15	1740	108	-15	15	1740	108	-15	15	1740	108	-15	15	1740	108	-15	15	1740	108	-15	15	1740	108	-15	15	1740	108	-15	15	1740	108	-15	15	1740	108	-15	15	1740
109	-123	24	1764	109	-123	24	1764	109	-123	24	1764	109	-123	24	1764	109	-123	24	1764	109	-123	24	1764	109	-123	24	1764	109	-123	24	1764	109	-123	24	1764	109	-123	24	1764	109	-123	24	1764	109	-123	24	1764	109	-123	24	1764	109	-123	24	1764	109	-123	24	1764	109	-123	24	1764	109	-123	24	1764	109	-123	24	1764	109	-123	24	1764	109	-123	24	1764	109	-123	24	1764	109	-123	24	1764	109	-123	24	1764	109	-123	24	1764	109	-123	24	1764	109	-123	24	1764
110	-13	13	1777	110	-13	13	1777	110	-13	13	1777	110	-13	13	1777	110	-13	13	1777	110	-13	13	1777	110	-13	13	1777	110	-13	13	1777	110	-13	13	1777	110	-13	13	1777	110	-13	13	1777	110	-13	13	1777	110	-13	13	1777	110	-13	13	1777	110	-13	13	1777	110	-13	13	1777	110	-13	13	1777	110	-13	13	1777	110	-13	13	1777	110	-13	13	1777	110	-13	13	1777	110	-13	13	1777	110	-13	13	1777	110	-13	13	1777	110	-13	13	1777	110	-13	13	1777
111	-20	20	1797	111	-20	20	1797	111	-20	20	1797	111	-20	20	1797	111	-20	20	1797	111	-20	20	1797	111	-20	20	1797	111	-20	20	1797	111	-20	20	1797	111	-20	20	1797	111	-20	20	1797	111	-20	20	1797	111	-20	20	1797	111	-20	20	1797	111	-20	20	1797	111	-20	20	1797	111	-20	20	1797	111	-20	20	1797	111	-20	20	1797	111	-20	20	1797	111	-20	20	1797	111	-20	20	1797	111	-20	20	1797	111	-20	20	1797	111	-20	20	1797	111	-20	20	1797
112	-17	17	1814	112	-17	17	1814	112	-17	17	1814	112	-17	17	1814	112	-17	17	1814	112	-17	17	1814	112	-17	17	1814	112	-17	17	1814	112	-17	17	1814	112	-17	17	1814	112	-17	17	1814	112	-17	17	1814	112	-17	17	1814	112	-17	17	1814	112	-17	17	1814	112	-17	17	1814	112	-17	17	1814	112	-17	17	1814	112	-17	17	1814	112	-17	17	1814	112	-17	17	1814	112	-17	17	1814	112	-17	17	1814	112	-17	17	1814	112	-17	17	1814	112	-17	17	1814
113	-117	18	1832	113	-117	18	1832	113	-117	18	1832	113	-117	18	1832	113	-117	18	1832	113	-117	18	1832	113	-117	18	1832	113	-117	18	1832	113	-117	18	1832	113	-117	18	1832	113	-117	18	1832	113	-117	18	1832	113	-117	18	1832	113	-117	18	1832	113	-117	18	1832	113	-117	18	1832	113	-117	18	1832	113	-117	18	1832	113	-117	18	1832	113	-117	18	1832	113	-117	18	1832	113	-117	18	1832	113	-117	18	1832	113	-117	18	1832	113	-117	18	1832	113	-117	18	1832
114	-15	15	1847	114	-15	15	1847	114	-15	15	1847	114	-15	15	1847	114	-15	15	1847	114	-15	15	1847	114	-15	15	1847	114	-15	15	1847	114	-15	15	1847	114	-15	15	1847	114	-15	15	1847	114	-15	15	1847	114	-15	15	1847	114	-15	15	1847	114	-15	15	1847	114	-15	15	1847	114	-15	15	1847	114	-15	15	1847	114	-15	15	1847	114	-15	15	1847	114	-15	15	1847	114	-15	15	1847	114	-15	15	1847	114	-15	15	1847	114	-15	15	1847	114	-15	15	1847
115	-13	13	1860	115	-13	13	1860	115	-13	13	1860	115	-13	13	1860	115	-13	13	1860	115	-13	13	1860	115	-13	13	1860	115	-13	13	1860	115	-13	13	1860	115	-13	13	1860	115	-13	13	1860	115	-13	13	1860	115	-13	13	1860	115	-13	13	1860	115	-13	13	1860	115	-13	13	1860	115	-13	13	1860	115	-13	13	1860	115	-13	13	1860	115	-13	13	1860	115	-13	13	1860	115	-13	13	1860	115	-13	13	1860	115	-13	13	1860	115	-13	13	1860	115	-13	13	1860
116	-13	13	1873	116	-13	13	1873	116	-13	13	1873	116	-13	13	1873	116	-13	13	1873	116	-13	13	1873	116	-13	13	1873	116	-13	13	1873	116	-13	13	1873	116	-13	13	1873	116	-13	13	1873	116	-13	13	1873	116	-13	13	1873	116	-13	13	1873	116	-13	13	1873	116	-13	13	1873	116	-13	13	1873	116	-13	13	1873	116	-13	13	1873	116	-13	13	1873	116	-13	13	1873	116	-13	13	1873	116	-13	13	1873	116	-13	13	1873	116	-13	13	1873	116	-13	13	1873
117	-13	13	1886	117	-13	13	1886	117	-13	13	1886	117	-13	13	1886	117	-13	13	1886	117	-13	13	1886	117	-13	13	1886	117	-13	13	1886	117	-13	13	1886	117	-13	13	1886	117	-13	13	1886	117	-13	13	1886	117	-13	13	1886	117	-13	13	1886	117	-13	13	1886	117	-13	13	1886	117	-13	13	1886	117	-13	13	1886	117	-13	13	1886	117	-13	13	1886	117	-13	13	1886	117	-13	13	1886	117	-13	13	1886	117	-13	13	1886	117	-13	13	1886	117	-13	13	1886
118	-13	13	1899	118	-13	13	1899	118	-13	13	1899	118	-13	13	1899	118	-13	13	1899	118	-13	13	1899	118	-13	13	1899	118	-13	13	1899	118	-13	13	1899	118	-13	13	1899	118	-13	13	1899	118	-13	13	1899	118	-13	13	1899	118	-13	13	1899	118	-13	13	1899	118	-13	13	1899	118	-13	13	1899	118	-13	13	1899	118	-13	13	1899	118	-13	13	1899	118	-13	13	1899	118	-13	13	1899	118	-13	13	1899	118	-13	13	1899	118	-13	13	1899	118	-13	13	1899
119	-13	13	1912	119	-13	13	1912	119	-13	13	1912	119	-13	13	1912	119	-13	13	1912	119	-13	13	1912	119	-13	13	1912	119	-13	13	1912	119	-13	13	1912	119	-13	13	1912	119	-13	13	1912	119	-13	13	1912	119	-13	13	1912	119	-13	13	1912	119	-13	13	1912	119	-13	13	1912	119	-13	13	1912	119	-13	13	1912	119	-13	13	1912	119	-13	13	1912	119	-13	13	1912	119	-13	13	1912	119	-13	13	1912	119	-13	13	1912	119	-13	13	1912	119	-13	13	1912
120	-13	13	1925	120	-13	13	1925	120	-13	13	1925	120	-13	13	1925	120	-13	13	1925	120	-13	13	1925	120	-13	13	1925	120	-13	13	1925	120	-13	13	1925	120	-13	13	1925	120	-13	13	1925	120	-13	13	1925	120	-13	13	1925	120	-13	13	1925	120	-13	13	1925	120	-13	13	1925	120	-13	13	1925	120	-13	13	1925	120	-13	13	1925	120	-13	13	1925	120	-13	13	1925	120	-13	13	1925	120	-13	13	1925	120	-13	13	1925	120	-13	13	1925	120	-13	13	1925
121	-13	13	1938	121	-13	13	1938	121	-13	13	1938	121	-13	13	1938	121	-13	13	1938	121	-13	13	1938	121	-13	13	1938	121	-13	13	1938	121	-13	13	1938	121	-13	13	1938	121	-13	13	1938	121	-13	13	1938	121	-13	13	1938	121	-13	13	1938	121	-13	13	1938	121	-13	13	1938	121	-13	13	1938	121	-13	13	1938	121	-13	13	1938	121	-13	13	1938	121	-13	13	1938	121	-13	13	1938	121	-13	13	1938	121	-13	13	1938	121	-13	13	1938	121	-13	13	1938
122	-13	13	1951	122	-13	13	1951	122	-13	13	1951	122	-13	13	1951	122	-13	13	1951	122	-13	13	1951	122	-13	13	1951	122	-13	13	1951	122	-13	13	1951	122	-13	13	1951	122	-13	13	1951	122	-13	13	1951	122	-13	13	1951	122	-13	13	1951	122	-13	13	1951	122	-13	13	1951	122	-13	13	1951	122	-13	13	1951	122	-13	13	1951	122	-13	13	1951	122	-13	13	1951	122	-13	13	1951	122	-13	13	1951	122	-13	13	1951	122	-13	13	1951	122	-13	13	1951
123	-13	13	1964	123	-13	13	1964	123	-13	13	1964	123	-13	13	1964	123	-13	13	1964	123	-13	13	1964	123	-13	13	1964	123	-13	13	1964	123	-13	13	1964	123	-13	13	1964	123	-13	13	1964	123	-13	13	1964	123	-13	13	1964	123	-13	13	1964	123	-13	13	1964	123	-13	13	1964	123	-13	13	1964	123	-13	13	1964	123	-13	13	1964	123	-13	13	1964	123	-13	13	1964	123	-13	13	1964	123	-13	13	1964	123	-13	13	1964	123	-13	13	1964	123	-13	13	1964
124	-15	15	1979	124	-15	15	1979	124	-15	15	1979	124	-15	15	1979	124	-15	15	1979	124	-15	15	1979	124	-15	15	1979	124	-15	15	1979	124	-15	15	1979	124	-15	15	1979	124	-15	15	1979	124	-15	15	1979	124	-15	15	1979	124	-15	15	1979	124	-15	15	1979	124	-15	15	1979	124	-15	15	1979	124	-15	15	1979	124	-15	15	1979	124	-15	15	1979	124	-15	15	1979	124	-15	15	1979	124	-15	15	1979	124	-15	15	1979	124	-15	15	1979	124	-15	15	1979
125	-13	13	1992	125	-13	13	1992	125	-13	13	1992	125	-13	13	1992	125	-13	13	1992	125	-13	13	1992	125	-13	13	1992	125	-13	13	1992	125	-13	13	1992	125	-13	13	1992	125	-13	13	1992	125	-13	13	1992	125	-13	13	1992	125	-13	13	1992	125	-13	13	1992	125	-13	13	1992	125	-13	13	1992	125	-13	13	1992	125	-13	13	1992	125	-13	13	1992	125	-13	13	1992	125	-13	13	1992	125	-13	13	1992	125	-13	13	1992	125	-13	13	1992	125	-13	13	1992
126	-13	13	2005	126	-13	13	2005	126	-13	13	2005	126	-13	13	2005	126	-13	13	2005	126	-13	13	2005	126	-13	13	2005	126	-13	13	2005	126	-13	13	2005	126	-13	13	2005	126	-13	13	2005	126	-13	13	2005	126	-13	13	2005	126	-13	13	2005	126	-13	13	2005	126	-13	13	2005	126	-13	13	2005	126	-13	13	2005	126	-13	13	2005	126	-13	13	2005	126	-13	13	2005	126	-13	13	2005	126	-13	13	2005	126	-13	13	2005	126	-13	13	2005	126	-13	13	2005
127	-17	17	2022	127	-17	17	2022	127	-17	17	2022	127	-17	17	2022	127	-17	17	2022	127	-17	17	2022	127	-17	17	2022	127	-17	17	2022	127	-17	17	2022	127	-17	17	2022	127	-17	17	2022	127	-17	17	2022	127	-17	17	2022	127	-17	17	2022	127	-17	17	2022	127	-17	17	2022	127	-17	17	2022	127	-17	17	2022	127	-17	17	2022	127	-17	17	2022	127	-17	17	2022	127	-17	17	2022	127	-17	17	2022	127	-17	17	2022	127	-17	17	2022	127	-17	17	2022
128	-15	15	2037	128	-15	15	2037	128	-15	15	2037	128	-15	15	2037	128	-15	15	2037	128	-15	15	2037	128	-15	15	2037	128	-15	15	2037	128	-15	15	2037	128	-15	15	2037	128	-15	15	2037	128	-15	15	2037	128	-15	15	2037	128	-15	15	2037	128	-15	15	2037	128	-15	15	2037	128	-15	15	2037	128	-15	15	2037	128	-15	15	2037	128	-15	15	2037	128	-15	15	2037	128	-15	15	2037	128	-15	15	2037	128	-15	15	2037	128	-15	15	2037	128	-15	15	2037
129	-13	13	2050	129	-13	13	2050	129	-13	13	2050	129	-13	13	2050	129	-13	13	2050	129	-13	13	2050	129	-13	13	2050	129	-13	13	2050	129	-13	13	2050	129	-13	13	2050	129	-13	13	2050	129	-13	13	2050	129	-13	13	2050	129	-13	13	2050	129	-13	13	2050	129	-13	13	2050	129	-13	13	2050	129	-13	13	2050	129	-13	13	2050	129	-13	13	2050	129	-13	13	2050	129	-13	13	2050	129	-13	13	2050	129	-13	13	2050	129	-13	13	2050	129	-13	13	2050
130	-15	15	2065	130	-15	15	2065	130	-15	15	2065	130	-15	15	2065	130	-15	15	2065	130	-15	15	2065	130	-15	15	2065	130	-15	15	2065	130	-15	15	2065	130	-15	15	2065	130	-15	15	2065	130	-15	15	2065	130	-15	15	2065	130	-15	15	2065	130	-15	15	2065	130	-15	15	2065	130	-15	15	2065	130	-15	15	2065	130	-15	15	2065	130	-15	15	2065	130	-15	15	2065	130	-15	15	2065	130	-15	15	2065	130	-15	15	2065	130	-15	15	2065	130	-15	15	2065
131	-117	18	2083	131	-117	18	2083	131	-117	18	2083	131	-117	18	2083	131	-117	18	2083	131	-117	18	2083	131	-117	18	2083	131	-117	18	2083	131	-117	18	2083	131	-117	18	2083	131	-117	18	2083	131	-117	18	2083	131	-117	18	2083	131	-117	18	2083	131	-117	18	2083	131	-117	18	2083	131	-117	18	2083	131	-117	18	2083	131	-117	18	2083	131	-117	18	2083	131	-117	18	2083	131	-117	18	2083	131	-117	18	2083	131	-117	18	2083	131	-117	18	2083	131	-117	18	2083
132	-123	24	2107	132	-123	24	2107	132	-123	24	2107	132	-123	24	2107	132	-123	24	2107	132	-123	24	2107	132	-123	24	2107	132	-123	24	2107	132	-123	24	2107	132	-123	24	2107	132	-123	24	2107	132	-123	24	2107	132	-123	24	2107	132	-123	24	2107	132	-123	24	2107	132	-123	24	2107	132	-123	24	2107	132	-123	24	2107	132	-123	24	2107	132	-123	24	2107	132	-123	24	2107	132	-123	24	2107	132	-123	24	2107	132	-123	24	2107	132	-123	24	2107	132	-123	24	2107
133	-15	15	2122	133	-15	15	2122	133	-15	15	2122	133	-15	15	2122	133	-15	15	2122	133	-15	15	2122	133	-15	15	2122	133	-15	15	2122	133	-15	15	2122	133	-15	15	2122	133	-15	15	2122	133	-15	15	2122	133	-15	15	2122	133	-15	15	2122	133	-15	15	2122	133	-15	15	2122	133	-15	15	2122	133	-15	15	2122	133	-15	15	2122	133	-15	15	2122	133	-15	15	2122	133	-15	15	2122	133	-15	15	2122	133	-15	15	2122	133	-15	15	2122	133	-15	15	2122
134	-17	17	2139	134	-17	17	2139	134	-17	17	2139	134	-17	17	2139	134	-17	17	2139	134	-17	17	2139	134	-17	17	2139	134	-17	17	2139	134	-17	17	2139	134	-17	17	2139	134	-17	17	2139	134	-17	17	2139	134	-17	17	2139	134	-17	17	2139	134	-17	17	2139	134	-17	17	2139	134	-17	17	2139	134	-17	17	2139	134	-17	17	2139	134	-17	17	2139	134	-17	17	2139	134	-17	17	2139	134	-17	17	2139	134	-17	17	2139	134	-17	17	2139	134	-17	17	2139
135	-21	21	2160	135	-21	21	2160	135	-21	21	2160	135	-21	21	2160	135	-21	21	2160	135	-21	21	2160	135	-21	21	2160	135	-21	21	2160	135	-21	21	2160	135	-21	21	2160	135	-21	21	2160	135	-21	21	2160	135	-21	21	2160	135	-21	21	2160	135	-21	21	2160	135	-21	21	2160	135	-21	21	2160	135	-21	21	2160	135	-21	21	2160	135	-21	21	2160	135	-21	21	2160	135	-21	21	2160	135	-21	21	2160	135	-21	21	2160	135	-21	21	2160	135	-21	21	2160
136	-19	19	2179	136	-19	19	2179	136	-19	19	2179	136	-19	19	2179	136	-19	19	2179	136	-19	19	2179	136	-19	19	2179	136	-19	19	2179	136	-19	19	2179	136	-19	19	2179	136	-19	19	2179	136	-19	19	2179	136	-19	19	2179	136	-19	19	2179	136	-19	19	2179	136	-19	19	2179	136	-19	19	2179	136	-19	19	2179	136	-19	19	2179	136	-19	19	2179	136	-19	19	2179	136	-19	19	2179	136	-19	19	2179	136	-19	19	2179	136	-19	19	2179	136	-19	19	2179
137	-17	17	2196	137	-17	17	2196	137	-17	17	2196	137	-17	17	2196	137	-17	17	2196	137	-17	17	2196	137	-17	17	2196	137	-17	17	2196	137	-17	17	2196	137	-17	17	2196	137	-17	17	2196	137	-17	17	2196	137	-17	17	2196	137	-17	17	2196	137	-17	17	2196	137	-17	17	2196	137	-17	17	2196	137	-17	17	2196	137	-17	17	2196	137	-17	17	2196	137	-17	17	2196	137	-17	17	2196	137	-17	17	2196	137	-17	17	2196	137	-17	17	2196	137	-17	17	2196
138	-17	17	2213	138	-17	17	2213	138	-17	17	2213	138	-17	17	2213	138	-17	17	2213	138	-17	17	2213	138	-17	17	2213	138	-17	17	2213	138	-17	17	2213	138	-17	17	2213	138	-17	17	2213	138	-17	17	2213	138	-17	17	2213	138	-17	17	2213	138	-17	17	2213	138	-17	17	2213	138	-17	17	2213	138	-17	17	2213	138	-17	17	2213	138	-17	17	2213	138	-17	17	2213	138	-17	17	2213	138	-17	17	2213	138	-17	17	2213	138	-17	17	2213	138	-17	17	2213
139	-15	15	2228	139	-15	15	2228	139	-15	15	2228	139	-15	15	2228	139	-15	15	2228	139	-15	15	2228	139	-15	15	2228	139	-15	15	2228	139	-15	15	2228	139	-15	15	2228	139	-15	15	2228	139	-15	15	2228	139	-15	15	2228	139	-15	15	2228	139	-15	15	2228	139	-15	15	2228	139	-15	15	2228	139	-15	15	2228	139	-15	15	2228	139	-15	15	2228	139	-15	15	2228	139	-15	15	2228	139	-15	15	2228	139	-15	15	2228	139	-15	15	2228	139	-15	15	2228
140	-224	26	2254	140	-224	26	2254	140	-224	26	2254	140	-224	26	2254	140	-224	26	2254	140	-224	26	2254	140	-224	26	2254	140	-224	26	2254	140	-224	26	2254	140	-224	26	2254	140	-224	26	2254	140	-224	26	2254	140	-224	26	2254	140	-224	26	2254	140	-224	26	2254	140	-224	26	2254	140	-224	26	2254	140	-224	26	2254	140	-224	26	2254	140	-224	26	2254	140	-224	26	2254	140	-224	26	2254	140	-224	26	2254	140	-224	26	2254	140	-224	26	2254	140	-224	26	2254
141	-13	13	2267	141	-13	13	2267	141	-13	13	2267	141	-13	13	2267	141	-13	13	2267	141	-13	13	2267	141	-13	13	2267	141	-13	13	2267	141	-13	13	2267	141	-13	13	2267	141	-13	13	2267	141	-13	13	2267	141	-13	13	2267	141	-13	13	2267	141	-13	13	2267	141	-13	13	2267	141	-13	13	2267	141	-13	13	2267	141	-13	13	2267	141	-13	13	2267	141	-13	13	2267	141	-13	13	2267	141	-13	13	2267	141	-13	13	2267	141	-13	13	2267	141	-13	13	2267
142	-17	17	2284	142	-17	17	2284	142	-17	17	2284	142	-17	17	2284	142	-17	17	2284	142	-17	17	2284	142	-17	17	2284	142	-17	17	2284	142	-17	17	2284	142	-17	17	2284	142	-17	17	2284	142	-17	17	2284	142	-17	17	2284	142	-17	17	2284	142	-17	17	2284	142	-17	17	2284	142	-17	17	2284	142	-17	17	2284	142	-17	17	2284	142	-17	17	2284	142	-17	17	2284	142	-17	17	2284	142	-17	17	2284	142	-17	17	2284	142	-17	17	2284	142	-17	17	2284
143	-13	13	2297	143	-13	13	2297	143	-13	13	2297	143	-13	13	2297	143	-13	13	2297	143	-13	13	2297	143	-13	13	2297	143	-13	13	2297	143	-13	13	2297	143	-13	13	2297	143	-13	13	2297	143	-13	13	2297	143	-13	13	2297	143	-13	13	2297	143	-13	13	2297	143	-13	13	2297	143	-13	13	2297	143	-13	13	2297	143	-13	13	2297	143	-13	13	2297	143	-13	13	2297	143	-13	13	2297	143	-13	13	2297	143	-13	13	2297	143	-13	13	2297	143	-13	13	2297
144	-18	18	2315	144	-18	18	2315	144	-18	18	2315	144	-18	18	2315	144	-18	18	2315	144	-18	18	2315	144	-18	18	2315	144	-18	18	2315	144	-18	18	2315	144	-18	18	2315	144	-18	18	2315	144	-18	18	2315	144	-18	18	2315	144	-18	18	2315	144	-18	18	2315	144	-18	18	2315	144	-18	18	2315	144	-18	18	2315	144	-18	18	2315	144	-18	18	2315	144	-18	18	2315	144	-18	18	2315	144	-18	18	2315	144	-18	18	2315	144	-18	18	2315	144	-18	18	2315
145	-13	13	2328	145	-13	13	2328	145	-13	13	2328	145	-13	13	2328	145	-13	13	2328	145	-13	13	2328	145	-13	13	2328	145	-13	13	2328	145	-13	13	2328	145	-13	13	2328	145	-13	13	2328	145	-13	13	2328	145	-13	13	2328	145	-13	13	2328	145	-13	13	2328	145	-13	13	2328	145	-13	13	2328	145	-13	13	2328	145	-13	13	2328	145	-13	13	2328	145	-13	13	2328	145	-13	13	2328	145	-13	13	2328	145	-13	13	2328	145	-13	13	2328	145	-13	13	2328
146	-20	20	2348	146	-20	20	2348	146	-20	20	2348	146	-20	20	2348	146	-20	20	2348	146	-20	20	2348	146	-20	20	2348	146	-20	20	2348	146	-20	20	2348	146	-20	20	2348	146	-20	20	2348	146	-20	20	2348	146	-20	20	2348	146	-20	20	2348	146	-20	20	2348	146	-20	20	2348	146	-20	20	2348	146	-20	20	2348	146	-20	20	2348	146	-20	20	2348	146	-20	20	2348	146	-20	20	2348	146	-20	20	2348	146	-20	20	2348	146	-20	20	2348	146	-20	20	2348
147	-15	15	2363	147	-15	15	2363	147	-15	15	2363	147	-15	15	2363	147	-15	15	2363	147	-15	15	2363	147	-15	15	2363	147	-15	15	2363	147	-15	15	2363	147	-15	15	2363	147	-15	15	2363	147	-15	15	2363	147	-15	15	2363	147	-15	15	2363	147	-15	15	2363	147	-15	15	2363	147	-15	15	2363	147	-15	15	2363	147	-15	15	2363	147	-15	15	2363	147	-15	15	2363	147	-15	15	2363	147	-15	15	2363	147	-15	15	2363	147	-15	15	2363	147	-15	15	2363
148	-13	13	2376	148	-13	13	2376	148	-13	13	2376	148	-13	13	2376	148	-13	13	2376	148	-13	13	2376	148	-13	13	2376	148	-13	13	2376	148	-13	13	2376	148	-13	13	2376	148	-13	13	2376	148	-13	13	2376	148	-13	13	2376	148	-13	13	2376	148	-13	13	2376	148	-13	13	2376	148	-13	13	2376	148	-13	13	2376	148	-13	13	2376	148	-13	13	2376	148	-13	13	2376	148	-13	13	2376	148	-13	13	2376	148	-13	13	2376	148	-13	13	2376	148	-13	13	2376
149	-121	22	2398	149	-121	22	2398	149	-121	22	2398	149	-121	22	2398	149	-121	22	2398	149	-121	22	2398	149	-121	22	2398	149	-121	22	2398	149	-121	22	2398	149	-121	22	2398	149	-121	22	2398	149	-121	22	2398	149	-121	22	2398	149	-121	22	2398	149	-121	22	2398	149	-121	22	2398	149	-121	22	2398	149	-121	22	2398	149	-121	22	2398	149	-121	22	2398	149	-121	22	2398	149	-121	22	2398	149	-121	22	2398	149	-121	22	2398	149	-121	22	2398	149	-121	22	2398
150	-13	13	2411	150	-13	13	2411	150	-13	13	2411	150	-13	13	2411	150	-13	13	2411	150	-13	13	2411	150	-13	13	2411	150	-13	13	2411	150	-13	13	2411	150	-13	13	2411	150	-13	13	2411	150	-13	13	2411	150	-13	13	2411	150	-13	13	2411	150	-13	13	2411	150	-13	13	2411	150	-13	13	2411	150	-13	13	2411	150	-13	13	2411	150	-13	13	2411	150	-13	13	2411	150	-13	13	2411	150	-13	13	2411	150	-13	13	2411	150	-13	13	2411	150	-13	13	2411
151	-13	13	2424	151	-13	13	2424	151	-13	13	2424	151	-13	13	2424	151	-13	13	2424	151	-13	13	2424	151	-13	13	2424	151	-13	13	2424	151	-13	13	2424	151	-13	13	2424	151	-13	13	2424	151	-13	13	2424	151	-13	13	2424	151	-13	13	2424	151	-13	13	2424	151	-13	13	2424	151	-13	13	2424	151	-13	13	2424	151	-13	13	2424	151	-13	13	2424	151	-13	13	2424	151	-13	13	2424	151	-13	13	2424	151	-13	13	2424	151	-13	13	2424	151	-13	13	2424
152	-13	13	2437	152	-13	13	2437	152	-13	13	2437	152	-13	13	2437	152	-13	13	2437	152	-13	13	2437	152	-13	13	2437	152	-13	13	2437	152	-13	13	2437	152	-13	13	2437	152	-13	13	2437	152	-13	13	2437	152	-13	13	2437	152	-13	13	2437	152	-13	13	2437	152	-13	13	2437	152	-13	13	2437	152	-13	13	2437	152	-13	13	2437	152	-13	13	2437	152	-13	13	2437	152	-13	13	2437	152	-13	13	2437	152	-13	13	2437	152	-13	13	2437	152	-13	13	2437
153	-121	22	2459	153	-121	22	2459	153	-121	22	2459	153	-121	22	2459	153	-121	22	2459	153	-121	22	2459	153	-121	22	2459	153	-121	22	2459	153	-121	22	2459	153	-121	22	2459	153	-121	22	2459	153	-121	22	2459	153	-121	22	2459	153	-121	22	2459	153	-121	22	2459	153	-121	22	2459	153	-121	22	2459	153	-121	22	2459	153	-121	22	2459	153	-121	22	2459	153	-121	22	2459	153	-121	22	2459	153	-121	22	2459	153	-121	22	2459	153	-121	22	2459	153	-121	22	2459
154	-15	15	2474	154	-15	15	2474	154	-15	15	2474	154	-15	15	2474	154	-15	15	2474	154	-15	15	2474	154	-15	15	2474	154	-15	15	2474	154	-15	15	2474	154	-15	15	2474	154	-15	15	2474	154	-15	15	2474	154	-15	15	2474	154	-15	15	2474	154	-15	15	2474	154	-15	15	2474	154	-15	15	2474	154	-15	15	2474	154	-15	15	2474	154	-15	15	2474	154	-15	15	2474	154	-15	15	2474	154	-15	15	2474	154	-15	15	2474	154	-15	15	2474	154	-15	15	2474
155	-13	13	2487	155	-13	13	2487	155	-13	13	2487	155	-13	13	2487	155	-13	13	2487	155	-13	13	2487	155	-13	13	2487	155	-13	13	2487	155	-13	13	2487	155	-13	13	2487	155	-13	13	2487	155	-13	13	2487	155	-13	13	2487	155	-13	13	2487	155	-13	13	2487	155	-13	13	2487	155	-13	13	2487	155	-13	13	2487	155	-13	13	2487	155	-13	13	2487	155	-13	13	2487	155	-13	13	2487	155	-13	13	2487	155	-13	13	2487	155	-13	13	2487	155	-13	13	2487
156	-15	15	2502	156	-15	15	2502	156	-15	15	2502	156	-15	15	2502	156	-15	15	2502	156	-15	15	2502	156	-15	15	2502	156	-15	15	2502	156	-15	15	2502	156	-15	15	2502	156	-15	15	2502	156	-15	15	2502	156	-15	15	2502	156	-15	15	2502	156	-15	15	2502	156	-15	15	2502	156	-15	15	2502	156	-15	15	2502	156	-15	15	2502	156	-15	15	2502	156	-15	15	2502	156	-15	15	2502	156	-15	15	2502	156	-15	15	2502	156	-15	15	2502	156	-15	15	2502
157	-13	13	2515	157	-13	13	2515	157	-13	13	2515	157	-13	13	2515	157	-13	13	2515	157	-13	13	2515	157	-13	13	2515	157	-13	13	2515	157	-13	13	2515	157	-13	13	2515	157	-13	13	2515	157	-13	13	2515	157	-13	13	2515	157	-13	13	2515	157	-13	13	2515	157	-13	13	2515	157	-13	13	2515	157	-13	13	2515	157	-13	13	2515	157	-13	13	2515	157	-13	13	2515	157	-13	13	2515	157	-13	13	2515	157	-13	13	2515	157	-13	13	2515	157	-13	13	2515
158	-122	23	2538	158	-122	23	2538	158	-122	23	2538	158	-122	23	2538	158	-122	23	2538	158	-122	23	2538	158	-122	23	2538	158	-122	23	2538	158	-122	23	2538	158	-122	23	2538	158	-122	23	2538	158	-122	23	2538	158	-122	23	2538	158	-122	23	2538	158	-122	23	2538	158	-122	23	2538	158	-122	23	2538	158	-122	23	2538	158	-122	23	2538	158	-122	23	2538	158	-122	23	2538	158	-122	23	2538	158	-122	23	2538	158	-122	23	2538	158	-122	23	2538	158	-122	23	2538
159	-122	23	2561	159	-122	23	2561	159	-122	23	2561	159	-122	23	2561	159	-122	23	2561	159	-122	23	2561	159	-122	23	2561	159	-122	23	2561	159	-122	23	2561	159	-122	23	2561	159	-122	23	2561	159	-122	23	2561	159	-122	23	2561	159	-122	23	2561	159	-122	23	2561	159	-122	23	2561	159	-122	23	2561	159	-122	23	2561	159	-122	23	2561	159	-122	23	2561	159	-122	23	2561	159	-122	23	2561	159	-122	23	2561	159	-122	23	2561	159	-122	23	2561	159	-122	23	2561
160	-13	13	2574	160	-13	13	2574	160	-13	13	2574	160	-13	13	2574	160	-13	13	2574	160	-13	13	2574	160	-13	13	2574	160	-13	13	2574	160	-13	13	2574	160	-13	13	2574	160	-13	13	2574	160	-13	13	2574	160	-13	13	2574	160	-13	13	2574	160	-13	13	2574	160	-13	13	2574	160	-13	13	2574	160	-13	13	2574	160	-13	13	2574	160	-13	13	2574	160	-13	13	2574	160	-13	13	2574	160	-13	13	2574	160	-13	13	2574	160	-13	13	2574	160	-13	13	2574
161	-118	19	2593	161	-118	19	2593	161	-118	19	2593	161	-118	19	2593	161	-118	19	2593	161	-118	19	2593	161	-118	19	2593	161	-118	19	2593	161	-118	19	2593	161	-118	19	2593	161	-118	19	2593	161	-118	19	2593	161	-118	19	2593	161	-118	19	2593	161	-118	19	2593	161	-118	19	2593	161	-118	19	2593	161	-118	19	2593	161	-118	19	2593	161	-118	19	2593	161	-118	19	2593	161	-118	19	2593	161	-118	19	2593	161	-118	19	2593	161	-118	19	2593	161	-118	19	2593
162	-235	37	2630	162	-235	37	2630	162	-235	37	2630	162	-235	37	2630	162	-235	37	2630	162	-235	37	2630	162	-235	37	2630	162	-235	37	2630	162	-235	37	2630	162	-235	37	2630	162	-235	37	2630	162	-235	37	2630	162	-235	37	2630	162	-235	37	2630	162	-235	37	2630	162	-235	37	2630	162	-235	37	2630	162	-235	37	2630	162	-235	37	2630	162	-235	37	2630	162	-235	37	2630	162	-235	37	2630	162	-235	37	2630	162	-235	37	2630	162	-235	37	2630	162	-235	37	2630
163	-13	13	2643	163	-13	13	2643	163	-13	13	2643	163	-13	13	2643	163	-13	13	2643	163	-13	13	2643	163	-13	13	2643	163	-13	13	2643	163	-13	13	2643	163	-13	13	2643	163	-13	13	2643	163	-13	13	2643	163	-13	13	2643	163	-13	13	2643	163	-13	13	2643	163	-13	13	2643	163	-13	13	2643	163	-13	13	2643	163	-13	13	2643	163	-13	13	2643	163	-13	13	2643	163	-13	13	2643	163	-13	13	2643	163	-13	13	2643	163	-13	13	2643	163	-13	13	2643
164	-115	16	2659	164	-115	16	2659	164	-115	16	2659	164	-115	16	2659	164	-115	16	2659	164	-115	16	2659	164	-115	16	2659	164	-115	16	2659	164	-115	16	2659	164	-115	16	2659	164	-115	16	2659	164	-115	16	2659	164	-115	16	2659	164	-115	16	2659	164	-115	16	2659	164	-115	16	2659	164	-115	16	2659	164	-115	16	2659	164	-115	16	2659	164	-115	16	2659	164	-115	16	2659	164	-115	16	2659	164	-115	16	2659	164	-115	16	2659	164	-115	16	2659	164	-115	16	2659
165	-13	13	2672	165	-13	13	2672	165	-13	13	2672	165	-13	13	2672	165	-13	13	2672	165	-13	13	2672	165	-13	13	2672	165	-13	13	2672	165	-13	13	2672	165	-13	13	2672	165	-13	13	2672	165	-13	13	2672	165	-13	13	2672	165	-13	13	2672	165	-13	13	2672	165	-13	13	2672	165	-13	13	2672	165	-13	13	2672	165	-13	13	2672	165	-13	13	2672	165	-13	13	2672	165	-13	13	2672	165	-13	13	2672	165	-13	13	2672	165	-13	13	2672	165	-13	13	2672
166	-15	15	2687	166	-15	15	2687	166	-15	15	2687	166	-15	15	2687	166	-15	15	2687	166	-15	15	2687	166	-15	15	2687	166	-15	15	2687	166	-15	15	2687	166	-15	15	2687	166	-15	15	2687	166	-15	15	2687	166	-15	15	2687	166	-15	15	2687	166	-15	15	2687	166	-15	15	2687	166	-15	15	2687	166	-15	15	2687	166	-15	15	2687	166	-15	15	2687	166	-15	15	2687	166	-15	15	2687	166	-15	15	2687	166	-15	15	2687	166	-15	15	2687	166	-15	15	2687
167	-15	15	2702	167	-15	15	2702	167	-15	15	2702	167	-15	15	2702	167	-15	15	2702	167	-15	15	2702	167	-15	15	2702	167	-15	15	2702	167	-15	15	2702	167	-15	15	2702	167	-15	15	2702	167	-15	15	2702	167	-15	15	2702	167	-15	15	2702	167	-15	15	2702	167	-15	15	2702	167	-15	15	2702	167	-15	15	2702	167	-15	15	2702	167	-15	15	2702	167	-15	15	2702	167	-15	15	2702	167	-15	15	2702	167	-15	15	2702	167	-15	15	2702	167	-15	15	2702
168	-113	14	2716	168	-113	14	2716	168	-113	14	2716	168	-113	14	2716	168	-113	14	2716	168	-113	14	2716	168	-113	14	2716	168	-113	14	2716	168	-113	14	2716	168	-113	14	2716	168	-113	14	2716	168	-113	14	2716	168	-113	14	2716	168	-113	14	2716	168	-113	14	2716	168	-113	14	2716	168	-113	14	2716	168	-113	14	2716	168	-113	14	2716	168	-113	14	2716	168	-113	14	2716	168	-113	14	2716	168	-113	14	2716	168	-113	14	2716	168	-113	14	2716	168	-113	14	2716
169	-13	13	2729	169	-13	13	2729	169	-13	13	2729	169	-13	13	2729	169	-13	13	2729	169	-13	13	2729	169	-13	13	2729	169	-13	13	2729	169	-13	13	2729	169	-13	13	2729	169	-13	13	2729	169	-13	13	2729	169	-13	13	2729	169	-13	13	2729	169	-13	13	2729	169	-13	13	2729	169	-13	13	2729	169	-13	13	2729	169	-13	13	2729	169	-13	13	2729	169	-13	13	2729	169	-13	13	2729	169	-13	13	2729	169	-13	13	2729	169	-13	13	2729	169	-13	13	2729
170	-13	13	2742	170	-13	13	2742	170	-13	13	2742	170	-13	13	2742	170	-13	13	2742	170	-13	13	2742	170	-13	13	2742	170	-13	13	2742	170	-13	13	2742	170	-13	13	2742	170	-13	13	2742	170	-13	13	2742	170	-13	13	2742	170	-13	13	2742	170	-13	13	2742	170	-13	13	2742	170	-13	13	2742	170	-13	13	2742	170	-13	13	2742	170	-13	13	2742	170	-13	13	2742	170	-13	13	2742	170	-13	13	2742	170	-13	13	2742	170	-13	13	2742	170	-13	13	2742
171	-13	13	2755	171	-13	13	2755	171	-13	13	2755	171	-13	13	2755	171	-13	13	2755	171	-13	13	2755	171	-13	13	2755	171	-13	13	2755	171	-13	13	2755	171	-13	13	2755	171	-13	13	2755	171	-13	13	2755	171	-13	13	2755	171	-13	13	2755	171	-13	13	2755	171	-13	13	2755	171	-13	13	2755	171	-13	13	2755	171	-13	13	2755	171	-13	13	2755	171	-13	13	2755	171	-13	13	2755	171	-13	13	2755	171	-13	13	2755	171	-13	13	2755	171	-13	13	2755
172	-13	13	2768	172	-13	13	2768	172	-13	13	2768	172	-13	13	2768	172	-13	13	2768	172	-13	13	2768	172	-13	13	2768	172	-13	13	2768	172	-13	13	2768	172	-13	13	2768	172	-13	13	2768	172	-13	13	2768	172	-13	13	2768	172	-13	13	2768	172	-13	13	2768	172	-13	13	2768	172	-13	13	2768	172	-13	13	2768	172	-13	13	2768	172	-13	13	2768	172	-13	13	2768	172	-13	13	2768	172	-13	13	2768	172	-13	13	2768	172	-13	13	2768	172	-13	13	2768
173	-15	15	2783	173	-15	15	2783	173	-15	15	2783	173	-15	15	2783	173	-15	15	2783	173	-15	15	2783	173	-15	15	2783	173	-15	15	2783	173	-15	15	2783	173	-15	15	2783	173	-15	15	2783	173	-15	15	2783	173	-15	15	2783	173	-15	15	2783	173	-15	15	2783	173	-15	15	2783	173	-15	15	2783	173	-15	15	2783	173	-15	15	2783	173	-15	15	2783	173	-15	15	2783	173	-15	15	2783	173	-15	15	2783	173	-15	15	2783	173	-15	15	2783	173	-15	15	2783
174	-13	13	2796	174	-13	13	2796	174	-13	13	2796	174	-13	13	2796	174	-13	13	2796	174	-13	13	2796	174	-13	13	2796	174	-13	13	2796	174	-13	13	2796	174	-13	13	2796	174	-13	13	2796	174	-13	13	2796	174	-13	13	2796	174	-13	13	2796	174	-13	13	2796	174	-13	13	2796	174	-13	13	2796	174	-13	13	2796	174	-13	13	2796	174	-13	13	2796	174	-13	13	2796	174	-13	13	2796	174	-13	13	2796	174	-13	13	2796	174	-13	13	2796	174	-13	13	2796
175	-17	17	2813	175	-17	17	2813	175	-17	17	2813	175	-17	17	2813	175	-17	17	2813	175	-17	17	2813	175	-17	17	2813	175	-17	17	2813	175	-17	17	2813	175	-17	17	2813	175	-17	17	2813	175	-17	17	2813	175	-17	17	2813	175	-17	17	2813	175	-17	17	2813	175	-17	17	2813	175	-17	17	2813	175	-17	17	2813	175	-17	17	2813	175	-17	17	2813	175	-17	17	2813	175	-17	17	2813	175	-17	17	2813	175	-17	17	2813	175	-17	17	2813	175	-17	17	2813
176	-17	17	2830	176	-17	17	2830	176	-17	17	2830	176	-17	17	2830	176	-17	17	2830	176	-17	17	2830	176	-17	17	2830	176	-17	17	2830	176	-17	17	2830	176	-17	17	2830	176	-17	17	2830	176	-17	17	2830	176	-17	17	2830	176	-17	17	2830	176	-17	17	2830	176	-17	17	2830	176	-17	17	2830	176	-17	17	2830	176	-17	17	2830	176	-17	17	2830	176	-17	17	2830	176	-17	17	2830	176	-17	17	2830	176	-17	17	2830	176	-17	17	2830	176	-17	17	2830
177	-17	17	2847	177	-17	17	2847	177	-17	17	2847	177	-17	17	2847	177	-17	17	2847	177	-17	17	2847	177	-17	17	2847	177	-17	17	2847	177	-17	17	2847	177	-17	17	2847	177	-17	17	2847	177	-17	17	2847	177	-17	17	2847	177	-17	17	2847	177	-17	17	2847	177	-17	17	2847	177	-17	17	2847	177	-17	17	2847	177	-17	17	2847	177	-17	17	2847	177	-17	17	2847	177	-17	17	2847	177	-17	17	2847	177	-17	17	2847	177	-17	17	2847	177	-17	17	2847
178	-13	13	2860	178	-13	13	2860	178	-13	13	2860	178	-13	13	2860	178	-13	13	2860	178	-13	13	2860	178	-13	13	2860	178	-13	13	2860	178	-13	13	2860	178	-13	13	2860	178	-13	13	2860	178	-13	13	2860	178	-13	13	2860	178	-13	13	2860	178	-13	13	2860	178	-13	13	2860	178	-13	13	2860	178	-13	13	2860	178	-13	13	2860	178	-13	13	2860	178	-13	13	2860	178	-13	13	2860	178	-13	13	2860	178	-13	13	2860	178	-13	13	2860	178	-13	13	2860
179	-331	34	2894	179	-331	34	2894	179	-331	34	2894	179	-331	34	2894	179	-331	34	2894	179	-331	34	2894	179	-331	34	2894	179	-331	34	2894	179	-331	34	2894	179	-331	34	2894	179	-331	34	2894	179	-331	34	2894	179	-331	34	2894	179	-331	34	2894	179	-331	34	2894	179	-331	34	2894	179	-331	34	2894	179	-331	34	2894	179	-331	34	2894	179	-331	34	2894	179	-331	34	2894	179	-331	34	2894	179	-331	34	2894	179	-331	34	2894	179	-331	34	2894	179	-331	34	2894
180	-230	32	2926	180	-230	32	2926	180	-230	32	2926	180	-230	32	2926	180	-230	32	2926	180	-230	32	2926	180	-230	32	2926	180	-230	32	2926	180	-230	32	2926	180	-230	32	2926	180	-230	32	2926	180	-230	32	2926	180	-230	32	2926	180	-230	32	2926	180	-230	32	2926	180	-230	32	2926	180	-230	32	2926	180	-230	32	2926	180	-230	32	2926	180	-230	32	2926	180	-230	32	2926	180	-230	32	2926	180	-230	32	2926	180	-230	32	2926	180	-230	32	2926	180	-230	32	2926
181	-118	19	2945	181	-118	19	2945	181	-118	19	2945	181	-118	19	2945	181	-118	19	2945	181	-118	19	2945	181	-118	19	2945	181	-118	19	2945	181	-118	19	2945	181	-118	19	2945	181	-118	19	2945	181	-118	19	2945	181	-118	19	2945	181	-118	19	2945	181	-118	19	2945	181	-118	19	2945	181	-118	19	2945	181	-118	19	2945	181	-118	19	2945	181	-118	19	2945	181	-118	19	2945	181	-118	19	2945	181	-118	19	2945	181	-118	19	2945	181	-118	19	2945	181	-118	19	2945
182	-120	21	2966	182	-120	21	2966	182	-120	21	2966	182	-120	21	2966	182	-120	21	2966	182	-120	21	2966	182	-120	21	2966	182	-120	21	2966	182	-120	21	2966	182	-120	21	2966	182	-120	21	2966	182	-120	21	2966	182	-120	21	2966	182	-120	21	2966	182	-120	21	2966	182	-120	21	2966	182	-120	21	2966	182	-120	21	2966	182	-120	21	2966	182	-120	21	2966	182	-120	21	2966	182	-120	21	2966	182	-120	21	2966	182	-120	21	2966	182	-120	21	2966	182	-120	21	2966
183	-13	13	2979	183	-13	13	2979	183	-13	13	2979	183	-13	13	2979	183	-13	13	2979	183	-13	13	2979	183	-13	13	2979	183	-13	13	2979	183	-13	13	2979	183	-13	13	2979	183	-13	13	2979	183	-13	13	2979	183	-13	13	2979	183	-13	13	2979	183	-13	13	2979	183	-13	13	2979	183	-13	13	2979	183	-13	13	2979	183	-13	13	2979	183	-13	13	2979	183	-13	13	2979	183	-13	13	2979	183	-13	13	2979	183	-13	13	2979	183	-13	13	2979	183	-13	13	2979
184	-13	13	2992	184	-13	13	2992	184	-13	13	2992	184	-13	13	2992	184	-13	13	2992	184	-13	13	2992	184	-13	13	2992	184	-13	13	2992	184	-13	13	2992	184	-13	13	2992	184	-13	13	2992	184	-13	13	2992	184	-13	13	2992	184	-13	13	2992	184	-13	13	2992	184	-13	13	2992	184	-13	13	2992	184	-13	13	2992	184	-13	13	2992	184	-13	13	2992	184	-13	13	2992	184	-13	13	2992	184	-13	13	2992	184	-13	13	2992	184	-13	13	2992	184	-13	13	2992
185	-16	16	3008	185	-16	16	3008	185	-16	16	3008	185	-16	16	3008	185	-16	16	3008	185	-16	16	3008	185	-16	16	3008	185	-16	16	3008	185	-16	16	3008	185	-16	16	3008	185	-16	16	3008	185	-16	16	3008	185	-16	16	3008	185	-16	16	3008	185	-16	16	3008	185	-16	16	3008	185	-16	16	3008	185	-16	16	3008	185	-16	16	3008	185	-16	16	3008	185	-16	16	3008	185	-16	16	3008	185	-16	16	3008	185	-16	16	3008	185	-16	16	3008	185	-16	16	3008
186	-222	24	3032	186	-222	24	3032	186	-222	24	3032	186	-222	24	3032	186	-222	24	3032	186	-222	24	3032	186	-222	24	3032	186	-222	24	3032	186	-222	24	3032	186	-222	24	3032	186	-222	24	3032	186	-222	24	3032	186	-222	24	3032	186	-222	24	3032	186	-222	24	3032	186	-222	24	3032	186	-222	24	3032	186	-222	24	3032	186	-222	24	3032	186	-222	24	3032	186	-222	24	3032	186	-222	24	3032	186	-222	24	3032	186	-222	24	3032	186	-222	24	3032	186	-222	24	3032
187	-17	17	3049	187	-17	17	3049	187	-17	17	3049	187	-17	17	3049	187	-17	17	3049	187	-17	17	3049	187	-17	17	3049	187	-17	17	3049	187	-17	17	3049	187	-17	17	3049	187	-17	17	3049	187	-17	17	3049	187	-17	17	3049	187	-17	17	3049	187	-17	17	3049	187	-17	17	3049	187	-17	17	3049	187	-17	17	3049	187	-17	17	3049	187	-17	17	3049	187	-17	17	3049	187	-17	17	3049	187	-17	17	3049	187	-17	17	3049	187	-17	17	3049	187	-17	17	3049
188	-15	15	3064	188	-15	15	3064	188	-15	15	3064	188	-15	15	3064	188	-15	15	3064	188	-15	15	3064	188	-15	15	3064	188	-15	15	3064	188	-15	15	3064	188	-15	15	3064	188	-15	15	3064	188	-15	15	3064	188	-15	15	3064	188	-15	15	3064	188	-15	15	3064	188	-15	15	3064	188	-15	15	3064	188	-15	15	3064	188	-15	15	3064	188	-15	15	3064	188	-15	15	3064	188	-15	15	3064	188	-15	15	3064	188	-15	15	3064	188	-15	15	3064	188	-15	15	3064
189	-15	15	3079	189	-15	15	3079	189	-15	15	3079	189	-15	15	3079	189	-15	15	3079	189	-15	15	3079	189	-15	15	3079	189	-15	15	3079	189	-15	15	3079	189	-15	15	3079	189	-15	15	3079	189	-15	15	3079	189	-15	15	3079	189	-15	15	3079	189	-15	15	3079	189	-15	15	3079	189	-15	15	3079	189	-15	15	3079	189	-15	15	3079	189	-15	15	3079	189	-15	15	3079	189	-15	15	3079	189	-15	15	3079	189	-15	15	3079	189	-15	15	3079	189	-15	15	3079
190	-13	13	3092	190	-13	13	3092	190	-13	13	3092	190	-13	13	3092	190	-13	13	3092	190	-13	13	3092	190	-13	13	3092	190	-13	13	3092	190	-13	13	3092	190	-13	13	3092	190	-13	13	3092	190	-13	13	3092	190	-13	13	3092	190	-13	13	3092	190	-13	13	3092	190	-13	13	3092	190	-13	13	3092	190	-13	13	3092	190	-13	13	3092	190	-13	13	3092	190	-13	13	3092	190	-13	13	3092	190	-13	13	3092	190	-13	13	3092	190	-13	13	3092	190	-13	13	3092
191	-15	15	3107	191	-15	15	3107	191	-15	15	3107	191	-15	15	3107	191	-15	15	3107	191	-15	15	3107	191	-15	15	3107	191	-15	15	3107	191	-15	15	3107	191	-15	15	3107	191	-15	15	3107	191	-15	15	3107	191	-15	15	3107	191	-15	15	3107	191	-15	15	3107	191	-15	15	3107	191	-15	15	3107	191	-15	15	3107	191	-15	15	3107	191	-15	15	3107	191	-15	15	3107	191	-15	15	3107	191	-15	15	3107	191	-15	15	3107	191	-15	15	3107	191	-15	15	3107
192	-230	32	3139	192	-230	32	3139	192	-230	32	3139	192	-230	32	3139	192	-230	32	3139	192	-230	32	3139	192	-230	32	3139	192	-230	32	3139	192	-230	32	3139	192	-230	32	3139	192	-230	32	3139	192	-230	32	3139	192	-230	32	3139	192	-230	32	3139	192	-230	32	3139	192	-230	32	3139	192	-230	32	3139	192	-230	32	3139	192	-230	32	3139	192	-230	32	3139	192	-230	32	3139	192	-230	32	3139	192	-230	32	3139	192	-230	32	3139	192	-230	32	3139	192	-230	32	3139
193	-15	15	3154	193	-15	15	3154	193	-15	15	3154	193	-15	15	3154	193	-15	15	3154	193	-15	15	3154	193	-15	15	3154	193	-15	15	3154	193	-15	15	3154	193	-15	15	3154	193	-15	15	3154	193	-15	15	3154	193	-15	15	3154	193	-15	15	3154	193	-15	15	3154	193	-15	15	3154	193	-15	15	3154	193	-15	15	3154	193	-15	15	3154	193	-15	15	3154	193	-15	15	3154	193	-15	15	3154	193	-15	15	3154	193	-15	15	3154	193	-15	15	3154	193	-15	15	3154
194	-13	13	3167	194	-13	13	3167	194	-13	13	3167	194	-13	13	3167	194	-13	13	3167	194	-13	13	3167	194	-13	13	3167	194	-13	13	3167	194	-13	13	3167	194	-13	13	3167	194	-13	13	3167	194	-13	13	3167	194	-13	13	3167	194	-13	13	3167	194	-13	13	3167	194	-13	13	3167	194	-13	13	3167	194	-13	13	3167	194	-13	13	3167	194	-13	13	3167	194	-13	13	3167	194	-13	13	3167	194	-13	13	3167	194	-13	13	3167	194	-13	13	3167	194	-13	13	3167
195	-16	16	3183	195	-16	16	3183	195	-16	16	3183	195	-16	16	3183	195	-16	16	3183	195	-16	16	3183	195	-16	16	3183	195	-16	16	3183	195	-16	16	3183	195	-16	16	3183	195	-16	16	3183	195	-16	16	3183	195	-16	16	3183	195	-16	16	3183	195	-16	16	3183	195	-16	16	3183	195	-16	16	3183	195	-16	16	3183	195	-16	16	3183	195	-16	16	3183	195	-16	16	3183	195	-16	16	3183	195	-16	16	3183	195	-16	16	3183	195	-16	16	3183	195	-16	16	3183
196	-15	15	3198	196	-15	15	3198	196	-15	15	3198	196	-15	15	3198	196	-15	15	3198	196	-15	15	3198	196	-15	15	3198	196	-15	15	3198	196	-15	15	3198	196	-15	15	3198	196	-15	15	3198	196	-15	15	3198	196	-15	15	3198	196	-15	15	3198	196	-15	15	3198	196	-15	15	3198	196	-15	15	3198	196	-15	15	3198	196	-15	15	3198	196	-15	15	3198	196	-15	15	3198	196	-15	15	3198	196	-15	15	3198	196	-15	15	3198	196	-15	15	3198	196	-15	15	3198
197	-13	13	3211	197	-13	13	3211	197	-13	13	3211	197	-13	13	3211	197	-13	13	3211	197	-13	13	3211	197	-13	13	3211	197	-13	13	3211	197	-13	13	3211	197	-13	13	3211	197	-13	13	3211	197	-13	13	3211	197	-13	13	3211	197	-13	13	3211	197	-13	13	3211	197	-13	13	3211	197	-13	13	3211	197	-13	13	3211	197	-13	13	3211	197	-13	13	3211	197	-13	13	3211	197	-13	13	3211	197	-13	13	3211	197	-13	13	3211	197	-13	13	3211	197	-13	13	3211
198	-15	15	3226	198	-15	15	3226	198	-15	15	3226	198	-15	15	3226	198	-15	15	3226	198	-15	15	3226	198	-15	15	3226	198	-15	15	3226	198	-15	15	3226	198	-15	15	3226	198	-15	15	3226	198	-15	15	3226	198	-15	15	3226	198	-15	15	3226	198	-15	15	3226	198	-15	15	3226	198	-15	15	3226	198	-15	15	3226	198	-15	15	3226	198	-15	15	3226	198	-15	15	3226	198	-15	15	3226	198	-15	15	3226	198	-15	15	3226	198	-15	15	3226	198	-15	15	3226
199	-13	13	3239	199	-13	13	3239	199	-13	13	3239	199	-13	13	3239	199	-13	13	3239	199	-13	13	3239	199	-13	13	3239	199	-13	13	3239	199	-13	13	3239	199	-13	13	3239	199	-13	13	3239	199	-13	13	3239	199	-13	13	3239	199	-13	13	3239	199	-13	13	3239	199	-13	13	3239	199	-13	13	3239	199	-13	13	3239	199	-13	13	3239	199	-13	13	3239	199	-13	13	3239	199	-13	13	3239	199	-13	13	3239	199	-13	13	3239	199	-13	13	3239	199	-13	13	3239
