Episode	Accumulated Reward	Length	Steps	Episode	Accumulated Reward	Length	Steps	Episode	Accumulated Reward	Length	Steps	Episode	Accumulated Reward	Length	Steps	Episode	Accumulated Reward	Length	Steps	Episode	Accumulated Reward	Length	Steps	Episode	Accumulated Reward	Length	Steps	Episode	Accumulated Reward	Length	Steps	Episode	Accumulated Reward	Length	Steps	Episode	Accumulated Reward	Length	Steps
0	-15	15	15	0	-15	15	15	0	-15	15	15	0	-15	15	15	0	-15	15	15	0	-15	15	15	0	-15	15	15	0	-15	15	15	0	-15	15	15	0	-15	15	15
1	-15	15	30	1	-15	15	30	1	-15	15	30	1	-15	15	30	1	-15	15	30	1	-15	15	30	1	-15	15	30	1	-15	15	30	1	-15	15	30	1	-15	15	30
2	-23	23	53	2	-23	23	53	2	-23	23	53	2	-23	23	53	2	-23	23	53	2	-23	23	53	2	-23	23	53	2	-23	23	53	2	-23	23	53	2	-23	23	53
3	-17	17	70	3	-17	17	70	3	-17	17	70	3	-17	17	70	3	-17	17	70	3	-17	17	70	3	-17	17	70	3	-17	17	70	3	-17	17	70	3	-17	17	70
4	-18	18	88	4	-18	18	88	4	-18	18	88	4	-18	18	88	4	-18	18	88	4	-18	18	88	4	-18	18	88	4	-18	18	88	4	-18	18	88	4	-18	18	88
5	-16	16	104	5	-16	16	104	5	-16	16	104	5	-16	16	104	5	-16	16	104	5	-16	16	104	5	-16	16	104	5	-16	16	104	5	-16	16	104	5	-16	16	104
6	-21	21	125	6	-21	21	125	6	-21	21	125	6	-21	21	125	6	-21	21	125	6	-21	21	125	6	-21	21	125	6	-21	21	125	6	-21	21	125	6	-21	21	125
7	-19	19	144	7	-19	19	144	7	-19	19	144	7	-19	19	144	7	-19	19	144	7	-19	19	144	7	-19	19	144	7	-19	19	144	7	-19	19	144	7	-19	19	144
8	-130	31	175	8	-130	31	175	8	-130	31	175	8	-130	31	175	8	-130	31	175	8	-130	31	175	8	-130	31	175	8	-130	31	175	8	-130	31	175	8	-130	31	175
9	-15	15	190	9	-15	15	190	9	-15	15	190	9	-15	15	190	9	-15	15	190	9	-15	15	190	9	-15	15	190	9	-15	15	190	9	-15	15	190	9	-15	15	190
10	-17	17	207	10	-17	17	207	10	-17	17	207	10	-17	17	207	10	-17	17	207	10	-17	17	207	10	-17	17	207	10	-17	17	207	10	-17	17	207	10	-17	17	207
11	-15	15	222	11	-15	15	222	11	-15	15	222	11	-15	15	222	11	-15	15	222	11	-15	15	222	11	-15	15	222	11	-15	15	222	11	-15	15	222	11	-15	15	222
12	-17	17	239	12	-17	17	239	12	-17	17	239	12	-17	17	239	12	-17	17	239	12	-17	17	239	12	-17	17	239	12	-17	17	239	12	-17	17	239	12	-17	17	239
13	-19	19	258	13	-19	19	258	13	-19	19	258	13	-19	19	258	13	-19	19	258	13	-19	19	258	13	-19	19	258	13	-19	19	258	13	-19	19	258	13	-19	19	258
14	-17	17	275	14	-17	17	275	14	-17	17	275	14	-17	17	275	14	-17	17	275	14	-17	17	275	14	-17	17	275	14	-17	17	275	14	-17	17	275	14	-17	17	275
15	-21	21	296	15	-21	21	296	15	-21	21	296	15	-21	21	296	15	-21	21	296	15	-21	21	296	15	-21	21	296	15	-21	21	296	15	-21	21	296	15	-21	21	296
16	-15	15	311	16	-15	15	311	16	-15	15	311	16	-15	15	311	16	-15	15	311	16	-15	15	311	16	-15	15	311	16	-15	15	311	16	-15	15	311	16	-15	15	311
17	-18	18	329	17	-18	18	329	17	-18	18	329	17	-18	18	329	17	-18	18	329	17	-18	18	329	17	-18	18	329	17	-18	18	329	17	-18	18	329	17	-18	18	329
18	-15	15	344	18	-15	15	344	18	-15	15	344	18	-15	15	344	18	-15	15	344	18	-15	15	344	18	-15	15	344	18	-15	15	344	18	-15	15	344	18	-15	15	344
19	-17	17	361	19	-17	17	361	19	-17	17	361	19	-17	17	361	19	-17	17	361	19	-17	17	361	19	-17	17	361	19	-17	17	361	19	-17	17	361	19	-17	17	361
20	-19	19	380	20	-19	19	380	20	-19	19	380	20	-19	19	380	20	-19	19	380	20	-19	19	380	20	-19	19	380	20	-19	19	380	20	-19	19	380	20	-19	19	380
21	-19	19	399	21	-19	19	399	21	-19	19	399	21	-19	19	399	21	-19	19	399	21	-19	19	399	21	-19	19	399	21	-19	19	399	21	-19	19	399	21	-19	19	399
22	-16	16	415	22	-16	16	415	22	-16	16	415	22	-16	16	415	22	-16	16	415	22	-16	16	415	22	-16	16	415	22	-16	16	415	22	-16	16	415	22	-16	16	415
23	-21	21	436	23	-21	21	436	23	-21	21	436	23	-21	21	436	23	-21	21	436	23	-21	21	436	23	-21	21	436	23	-21	21	436	23	-21	21	436	23	-21	21	436
24	-17	17	453	24	-17	17	453	24	-17	17	453	24	-17	17	453	24	-17	17	453	24	-17	17	453	24	-17	17	453	24	-17	17	453	24	-17	17	453	24	-17	17	453
25	-19	19	472	25	-19	19	472	25	-19	19	472	25	-19	19	472	25	-19	19	472	25	-19	19	472	25	-19	19	472	25	-19	19	472	25	-19	19	472	25	-19	19	472
26	-17	17	489	26	-17	17	489	26	-17	17	489	26	-17	17	489	26	-17	17	489	26	-17	17	489	26	-17	17	489	26	-17	17	489	26	-17	17	489	26	-17	17	489
27	-15	15	504	27	-15	15	504	27	-15	15	504	27	-15	15	504	27	-15	15	504	27	-15	15	504	27	-15	15	504	27	-15	15	504	27	-15	15	504	27	-15	15	504
28	-23	23	527	28	-23	23	527	28	-23	23	527	28	-23	23	527	28	-23	23	527	28	-23	23	527	28	-23	23	527	28	-23	23	527	28	-23	23	527	28	-23	23	527
29	-15	15	542	29	-15	15	542	29	-15	15	542	29	-15	15	542	29	-15	15	542	29	-15	15	542	29	-15	15	542	29	-15	15	542	29	-15	15	542	29	-15	15	542
30	-19	19	561	30	-19	19	561	30	-19	19	561	30	-19	19	561	30	-19	19	561	30	-19	19	561	30	-19	19	561	30	-19	19	561	30	-19	19	561	30	-19	19	561
31	-19	19	580	31	-19	19	580	31	-19	19	580	31	-19	19	580	31	-19	19	580	31	-19	19	580	31	-19	19	580	31	-19	19	580	31	-19	19	580	31	-19	19	580
32	-17	17	597	32	-17	17	597	32	-17	17	597	32	-17	17	597	32	-17	17	597	32	-17	17	597	32	-17	17	597	32	-17	17	597	32	-17	17	597	32	-17	17	597
33	-15	15	612	33	-15	15	612	33	-15	15	612	33	-15	15	612	33	-15	15	612	33	-15	15	612	33	-15	15	612	33	-15	15	612	33	-15	15	612	33	-15	15	612
34	-19	19	631	34	-19	19	631	34	-19	19	631	34	-19	19	631	34	-19	19	631	34	-19	19	631	34	-19	19	631	34	-19	19	631	34	-19	19	631	34	-19	19	631
35	-17	17	648	35	-17	17	648	35	-17	17	648	35	-17	17	648	35	-17	17	648	35	-17	17	648	35	-17	17	648	35	-17	17	648	35	-17	17	648	35	-17	17	648
36	-17	17	665	36	-17	17	665	36	-17	17	665	36	-17	17	665	36	-17	17	665	36	-17	17	665	36	-17	17	665	36	-17	17	665	36	-17	17	665	36	-17	17	665
37	-125	26	691	37	-125	26	691	37	-125	26	691	37	-125	26	691	37	-125	26	691	37	-125	26	691	37	-125	26	691	37	-125	26	691	37	-125	26	691	37	-125	26	691
38	-26	26	717	38	-26	26	717	38	-26	26	717	38	-26	26	717	38	-26	26	717	38	-26	26	717	38	-26	26	717	38	-26	26	717	38	-26	26	717	38	-26	26	717
39	-15	15	732	39	-15	15	732	39	-15	15	732	39	-15	15	732	39	-15	15	732	39	-15	15	732	39	-15	15	732	39	-15	15	732	39	-15	15	732	39	-15	15	732
40	-17	17	749	40	-17	17	749	40	-17	17	749	40	-17	17	749	40	-17	17	749	40	-17	17	749	40	-17	17	749	40	-17	17	749	40	-17	17	749	40	-17	17	749
41	-18	18	767	41	-18	18	767	41	-18	18	767	41	-18	18	767	41	-18	18	767	41	-18	18	767	41	-18	18	767	41	-18	18	767	41	-18	18	767	41	-18	18	767
42	-17	17	784	42	-17	17	784	42	-17	17	784	42	-17	17	784	42	-17	17	784	42	-17	17	784	42	-17	17	784	42	-17	17	784	42	-17	17	784	42	-17	17	784
43	-18	18	802	43	-18	18	802	43	-18	18	802	43	-18	18	802	43	-18	18	802	43	-18	18	802	43	-18	18	802	43	-18	18	802	43	-18	18	802	43	-18	18	802
44	-19	19	821	44	-19	19	821	44	-19	19	821	44	-19	19	821	44	-19	19	821	44	-19	19	821	44	-19	19	821	44	-19	19	821	44	-19	19	821	44	-19	19	821
45	-19	19	840	45	-19	19	840	45	-19	19	840	45	-19	19	840	45	-19	19	840	45	-19	19	840	45	-19	19	840	45	-19	19	840	45	-19	19	840	45	-19	19	840
46	-21	21	861	46	-21	21	861	46	-21	21	861	46	-21	21	861	46	-21	21	861	46	-21	21	861	46	-21	21	861	46	-21	21	861	46	-21	21	861	46	-21	21	861
47	-17	17	878	47	-17	17	878	47	-17	17	878	47	-17	17	878	47	-17	17	878	47	-17	17	878	47	-17	17	878	47	-17	17	878	47	-17	17	878	47	-17	17	878
48	-20	20	898	48	-20	20	898	48	-20	20	898	48	-20	20	898	48	-20	20	898	48	-20	20	898	48	-20	20	898	48	-20	20	898	48	-20	20	898	48	-20	20	898
49	-21	21	919	49	-21	21	919	49	-21	21	919	49	-21	21	919	49	-21	21	919	49	-21	21	919	49	-21	21	919	49	-21	21	919	49	-21	21	919	49	-21	21	919
50	-121	22	941	50	-121	22	941	50	-121	22	941	50	-121	22	941	50	-121	22	941	50	-121	22	941	50	-121	22	941	50	-121	22	941	50	-121	22	941	50	-121	22	941
51	-22	22	963	51	-22	22	963	51	-22	22	963	51	-22	22	963	51	-22	22	963	51	-22	22	963	51	-22	22	963	51	-22	22	963	51	-22	22	963	51	-22	22	963
52	-19	19	982	52	-19	19	982	52	-19	19	982	52	-19	19	982	52	-19	19	982	52	-19	19	982	52	-19	19	982	52	-19	19	982	52	-19	19	982	52	-19	19	982
53	-17	17	999	53	-17	17	999	53	-17	17	999	53	-17	17	999	53	-17	17	999	53	-17	17	999	53	-17	17	999	53	-17	17	999	53	-17	17	999	53	-17	17	999
54	-18	18	1017	54	-18	18	1017	54	-18	18	1017	54	-18	18	1017	54	-18	18	1017	54	-18	18	1017	54	-18	18	1017	54	-18	18	1017	54	-18	18	1017	54	-18	18	1017
55	-18	18	1035	55	-18	18	1035	55	-18	18	1035	55	-18	18	1035	55	-18	18	1035	55	-18	18	1035	55	-18	18	1035	55	-18	18	1035	55	-18	18	1035	55	-18	18	1035
56	-20	20	1055	56	-20	20	1055	56	-20	20	1055	56	-20	20	1055	56	-20	20	1055	56	-20	20	1055	56	-20	20	1055	56	-20	20	1055	56	-20	20	1055	56	-20	20	1055
57	-17	17	1072	57	-17	17	1072	57	-17	17	1072	57	-17	17	1072	57	-17	17	1072	57	-17	17	1072	57	-17	17	1072	57	-17	17	1072	57	-17	17	1072	57	-17	17	1072
58	-22	22	1094	58	-22	22	1094	58	-22	22	1094	58	-22	22	1094	58	-22	22	1094	58	-22	22	1094	58	-22	22	1094	58	-22	22	1094	58	-22	22	1094	58	-22	22	1094
59	-17	17	1111	59	-17	17	1111	59	-17	17	1111	59	-17	17	1111	59	-17	17	1111	59	-17	17	1111	59	-17	17	1111	59	-17	17	1111	59	-17	17	1111	59	-17	17	1111
60	-17	17	1128	60	-17	17	1128	60	-17	17	1128	60	-17	17	1128	60	-17	17	1128	60	-17	17	1128	60	-17	17	1128	60	-17	17	1128	60	-17	17	1128	60	-17	17	1128
61	-117	18	1146	61	-117	18	1146	61	-117	18	1146	61	-117	18	1146	61	-117	18	1146	61	-117	18	1146	61	-117	18	1146	61	-117	18	1146	61	-117	18	1146	61	-117	18	1146
62	-20	20	1166	62	-20	20	1166	62	-20	20	1166	62	-20	20	1166	62	-20	20	1166	62	-20	20	1166	62	-20	20	1166	62	-20	20	1166	62	-20	20	1166	62	-20	20	1166
63	-23	23	1189	63	-23	23	1189	63	-23	23	1189	63	-23	23	1189	63	-23	23	1189	63	-23	23	1189	63	-23	23	1189	63	-23	23	1189	63	-23	23	1189	63	-23	23	1189
64	-17	17	1206	64	-17	17	1206	64	-17	17	1206	64	-17	17	1206	64	-17	17	1206	64	-17	17	1206	64	-17	17	1206	64	-17	17	1206	64	-17	17	1206	64	-17	17	1206
65	-17	17	1223	65	-17	17	1223	65	-17	17	1223	65	-17	17	1223	65	-17	17	1223	65	-17	17	1223	65	-17	17	1223	65	-17	17	1223	65	-17	17	1223	65	-17	17	1223
66	-21	21	1244	66	-21	21	1244	66	-21	21	1244	66	-21	21	1244	66	-21	21	1244	66	-21	21	1244	66	-21	21	1244	66	-21	21	1244	66	-21	21	1244	66	-21	21	1244
67	-18	18	1262	67	-18	18	1262	67	-18	18	1262	67	-18	18	1262	67	-18	18	1262	67	-18	18	1262	67	-18	18	1262	67	-18	18	1262	67	-18	18	1262	67	-18	18	1262
68	-19	19	1281	68	-19	19	1281	68	-19	19	1281	68	-19	19	1281	68	-19	19	1281	68	-19	19	1281	68	-19	19	1281	68	-19	19	1281	68	-19	19	1281	68	-19	19	1281
69	-22	22	1303	69	-22	22	1303	69	-22	22	1303	69	-22	22	1303	69	-22	22	1303	69	-22	22	1303	69	-22	22	1303	69	-22	22	1303	69	-22	22	1303	69	-22	22	1303
70	-20	20	1323	70	-20	20	1323	70	-20	20	1323	70	-20	20	1323	70	-20	20	1323	70	-20	20	1323	70	-20	20	1323	70	-20	20	1323	70	-20	20	1323	70	-20	20	1323
71	-18	18	1341	71	-18	18	1341	71	-18	18	1341	71	-18	18	1341	71	-18	18	1341	71	-18	18	1341	71	-18	18	1341	71	-18	18	1341	71	-18	18	1341	71	-18	18	1341
72	-17	17	1358	72	-17	17	1358	72	-17	17	1358	72	-17	17	1358	72	-17	17	1358	72	-17	17	1358	72	-17	17	1358	72	-17	17	1358	72	-17	17	1358	72	-17	17	1358
73	-25	25	1383	73	-25	25	1383	73	-25	25	1383	73	-25	25	1383	73	-25	25	1383	73	-25	25	1383	73	-25	25	1383	73	-25	25	1383	73	-25	25	1383	73	-25	25	1383
74	-18	18	1401	74	-18	18	1401	74	-18	18	1401	74	-18	18	1401	74	-18	18	1401	74	-18	18	1401	74	-18	18	1401	74	-18	18	1401	74	-18	18	1401	74	-18	18	1401
75	-17	17	1418	75	-17	17	1418	75	-17	17	1418	75	-17	17	1418	75	-17	17	1418	75	-17	17	1418	75	-17	17	1418	75	-17	17	1418	75	-17	17	1418	75	-17	17	1418
76	-19	19	1437	76	-19	19	1437	76	-19	19	1437	76	-19	19	1437	76	-19	19	1437	76	-19	19	1437	76	-19	19	1437	76	-19	19	1437	76	-19	19	1437	76	-19	19	1437
77	-119	20	1457	77	-119	20	1457	77	-119	20	1457	77	-119	20	1457	77	-119	20	1457	77	-119	20	1457	77	-119	20	1457	77	-119	20	1457	77	-119	20	1457	77	-119	20	1457
78	-20	20	1477	78	-20	20	1477	78	-20	20	1477	78	-20	20	1477	78	-20	20	1477	78	-20	20	1477	78	-20	20	1477	78	-20	20	1477	78	-20	20	1477	78	-20	20	1477
79	-19	19	1496	79	-19	19	1496	79	-19	19	1496	79	-19	19	1496	79	-19	19	1496	79	-19	19	1496	79	-19	19	1496	79	-19	19	1496	79	-19	19	1496	79	-19	19	1496
80	-25	25	1521	80	-25	25	1521	80	-25	25	1521	80	-25	25	1521	80	-25	25	1521	80	-25	25	1521	80	-25	25	1521	80	-25	25	1521	80	-25	25	1521	80	-25	25	1521
81	-20	20	1541	81	-20	20	1541	81	-20	20	1541	81	-20	20	1541	81	-20	20	1541	81	-20	20	1541	81	-20	20	1541	81	-20	20	1541	81	-20	20	1541	81	-20	20	1541
82	-17	17	1558	82	-17	17	1558	82	-17	17	1558	82	-17	17	1558	82	-17	17	1558	82	-17	17	1558	82	-17	17	1558	82	-17	17	1558	82	-17	17	1558	82	-17	17	1558
83	-18	18	1576	83	-18	18	1576	83	-18	18	1576	83	-18	18	1576	83	-18	18	1576	83	-18	18	1576	83	-18	18	1576	83	-18	18	1576	83	-18	18	1576	83	-18	18	1576
84	-20	20	1596	84	-20	20	1596	84	-20	20	1596	84	-20	20	1596	84	-20	20	1596	84	-20	20	1596	84	-20	20	1596	84	-20	20	1596	84	-20	20	1596	84	-20	20	1596
85	-18	18	1614	85	-18	18	1614	85	-18	18	1614	85	-18	18	1614	85	-18	18	1614	85	-18	18	1614	85	-18	18	1614	85	-18	18	1614	85	-18	18	1614	85	-18	18	1614
86	-23	23	1637	86	-23	23	1637	86	-23	23	1637	86	-23	23	1637	86	-23	23	1637	86	-23	23	1637	86	-23	23	1637	86	-23	23	1637	86	-23	23	1637	86	-23	23	1637
87	-19	19	1656	87	-19	19	1656	87	-19	19	1656	87	-19	19	1656	87	-19	19	1656	87	-19	19	1656	87	-19	19	1656	87	-19	19	1656	87	-19	19	1656	87	-19	19	1656
88	-17	17	1673	88	-17	17	1673	88	-17	17	1673	88	-17	17	1673	88	-17	17	1673	88	-17	17	1673	88	-17	17	1673	88	-17	17	1673	88	-17	17	1673	88	-17	17	1673
89	-21	21	1694	89	-21	21	1694	89	-21	21	1694	89	-21	21	1694	89	-21	21	1694	89	-21	21	1694	89	-21	21	1694	89	-21	21	1694	89	-21	21	1694	89	-21	21	1694
90	-19	19	1713	90	-19	19	1713	90	-19	19	1713	90	-19	19	1713	90	-19	19	1713	90	-19	19	1713	90	-19	19	1713	90	-19	19	1713	90	-19	19	1713	90	-19	19	1713
91	-21	21	1734	91	-21	21	1734	91	-21	21	1734	91	-21	21	1734	91	-21	21	1734	91	-21	21	1734	91	-21	21	1734	91	-21	21	1734	91	-21	21	1734	91	-21	21	1734
92	-18	18	1752	92	-18	18	1752	92	-18	18	1752	92	-18	18	1752	92	-18	18	1752	92	-18	18	1752	92	-18	18	1752	92	-18	18	1752	92	-18	18	1752	92	-18	18	1752
93	-21	21	1773	93	-21	21	1773	93	-21	21	1773	93	-21	21	1773	93	-21	21	1773	93	-21	21	1773	93	-21	21	1773	93	-21	21	1773	93	-21	21	1773	93	-21	21	1773
94	-22	22	1795	94	-22	22	1795	94	-22	22	1795	94	-22	22	1795	94	-22	22	1795	94	-22	22	1795	94	-22	22	1795	94	-22	22	1795	94	-22	22	1795	94	-22	22	1795
95	-21	21	1816	95	-21	21	1816	95	-21	21	1816	95	-21	21	1816	95	-21	21	1816	95	-21	21	1816	95	-21	21	1816	95	-21	21	1816	95	-21	21	1816	95	-21	21	1816
96	-18	18	1834	96	-18	18	1834	96	-18	18	1834	96	-18	18	1834	96	-18	18	1834	96	-18	18	1834	96	-18	18	1834	96	-18	18	1834	96	-18	18	1834	96	-18	18	1834
97	-21	21	1855	97	-21	21	1855	97	-21	21	1855	97	-21	21	1855	97	-21	21	1855	97	-21	21	1855	97	-21	21	1855	97	-21	21	1855	97	-21	21	1855	97	-21	21	1855
98	-23	23	1878	98	-23	23	1878	98	-23	23	1878	98	-23	23	1878	98	-23	23	1878	98	-23	23	1878	98	-23	23	1878	98	-23	23	1878	98	-23	23	1878	98	-23	23	1878
99	-17	17	1895	99	-17	17	1895	99	-17	17	1895	99	-17	17	1895	99	-17	17	1895	99	-17	17	1895	99	-17	17	1895	99	-17	17	1895	99	-17	17	1895	99	-17	17	1895
100	-18	18	1913	100	-18	18	1913	100	-18	18	1913	100	-18	18	1913	100	-18	18	1913	100	-18	18	1913	100	-18	18	1913	100	-18	18	1913	100	-18	18	1913	100	-18	18	1913
101	-22	22	1935	101	-22	22	1935	101	-22	22	1935	101	-22	22	1935	101	-22	22	1935	101	-22	22	1935	101	-22	22	1935	101	-22	22	1935	101	-22	22	1935	101	-22	22	1935
102	-17	17	1952	102	-17	17	1952	102	-17	17	1952	102	-17	17	1952	102	-17	17	1952	102	-17	17	1952	102	-17	17	1952	102	-17	17	1952	102	-17	17	1952	102	-17	17	1952
103	-17	17	1969	103	-17	17	1969	103	-17	17	1969	103	-17	17	1969	103	-17	17	1969	103	-17	17	1969	103	-17	17	1969	103	-17	17	1969	103	-17	17	1969	103	-17	17	1969
104	-19	19	1988	104	-19	19	1988	104	-19	19	1988	104	-19	19	1988	104	-19	19	1988	104	-19	19	1988	104	-19	19	1988	104	-19	19	1988	104	-19	19	1988	104	-19	19	1988
105	-20	20	2008	105	-20	20	2008	105	-20	20	2008	105	-20	20	2008	105	-20	20	2008	105	-20	20	2008	105	-20	20	2008	105	-20	20	2008	105	-20	20	2008	105	-20	20	2008
106	-24	24	2032	106	-24	24	2032	106	-24	24	2032	106	-24	24	2032	106	-24	24	2032	106	-24	24	2032	106	-24	24	2032	106	-24	24	2032	106	-24	24	2032	106	-24	24	2032
107	-18	18	2050	107	-18	18	2050	107	-18	18	2050	107	-18	18	2050	107	-18	18	2050	107	-18	18	2050	107	-18	18	2050	107	-18	18	2050	107	-18	18	2050	107	-18	18	2050
108	-24	24	2074	108	-24	24	2074	108	-24	24	2074	108	-24	24	2074	108	-24	24	2074	108	-24	24	2074	108	-24	24	2074	108	-24	24	2074	108	-24	24	2074	108	-24	24	2074
109	-18	18	2092	109	-18	18	2092	109	-18	18	2092	109	-18	18	2092	109	-18	18	2092	109	-18	18	2092	109	-18	18	2092	109	-18	18	2092	109	-18	18	2092	109	-18	18	2092
110	-18	18	2110	110	-18	18	2110	110	-18	18	2110	110	-18	18	2110	110	-18	18	2110	110	-18	18	2110	110	-18	18	2110	110	-18	18	2110	110	-18	18	2110	110	-18	18	2110
111	-19	19	2129	111	-19	19	2129	111	-19	19	2129	111	-19	19	2129	111	-19	19	2129	111	-19	19	2129	111	-19	19	2129	111	-19	19	2129	111	-19	19	2129	111	-19	19	2129
112	-18	18	2147	112	-18	18	2147	112	-18	18	2147	112	-18	18	2147	112	-18	18	2147	112	-18	18	2147	112	-18	18	2147	112	-18	18	2147	112	-18	18	2147	112	-18	18	2147
113	-118	19	2166	113	-118	19	2166	113	-118	19	2166	113	-118	19	2166	113	-118	19	2166	113	-118	19	2166	113	-118	19	2166	113	-118	19	2166	113	-118	19	2166	113	-118	19	2166
114	-25	25	2191	114	-25	25	2191	114	-25	25	2191	114	-25	25	2191	114	-25	25	2191	114	-25	25	2191	114	-25	25	2191	114	-25	25	2191	114	-25	25	2191	114	-25	25	2191
115	-18	18	2209	115	-18	18	2209	115	-18	18	2209	115	-18	18	2209	115	-18	18	2209	115	-18	18	2209	115	-18	18	2209	115	-18	18	2209	115	-18	18	2209	115	-18	18	2209
116	-20	20	2229	116	-20	20	2229	116	-20	20	2229	116	-20	20	2229	116	-20	20	2229	116	-20	20	2229	116	-20	20	2229	116	-20	20	2229	116	-20	20	2229	116	-20	20	2229
117	-21	21	2250	117	-21	21	2250	117	-21	21	2250	117	-21	21	2250	117	-21	21	2250	117	-21	21	2250	117	-21	21	2250	117	-21	21	2250	117	-21	21	2250	117	-21	21	2250
118	-15	15	2265	118	-15	15	2265	118	-15	15	2265	118	-15	15	2265	118	-15	15	2265	118	-15	15	2265	118	-15	15	2265	118	-15	15	2265	118	-15	15	2265	118	-15	15	2265
119	-15	15	2280	119	-15	15	2280	119	-15	15	2280	119	-15	15	2280	119	-15	15	2280	119	-15	15	2280	119	-15	15	2280	119	-15	15	2280	119	-15	15	2280	119	-15	15	2280
120	-15	15	2295	120	-15	15	2295	120	-15	15	2295	120	-15	15	2295	120	-15	15	2295	120	-15	15	2295	120	-15	15	2295	120	-15	15	2295	120	-15	15	2295	120	-15	15	2295
121	-22	22	2317	121	-22	22	2317	121	-22	22	2317	121	-22	22	2317	121	-22	22	2317	121	-22	22	2317	121	-22	22	2317	121	-22	22	2317	121	-22	22	2317	121	-22	22	2317
122	-15	15	2332	122	-15	15	2332	122	-15	15	2332	122	-15	15	2332	122	-15	15	2332	122	-15	15	2332	122	-15	15	2332	122	-15	15	2332	122	-15	15	2332	122	-15	15	2332
123	-15	15	2347	123	-15	15	2347	123	-15	15	2347	123	-15	15	2347	123	-15	15	2347	123	-15	15	2347	123	-15	15	2347	123	-15	15	2347	123	-15	15	2347	123	-15	15	2347
124	-15	15	2362	124	-15	15	2362	124	-15	15	2362	124	-15	15	2362	124	-15	15	2362	124	-15	15	2362	124	-15	15	2362	124	-15	15	2362	124	-15	15	2362	124	-15	15	2362
125	-20	20	2382	125	-20	20	2382	125	-20	20	2382	125	-20	20	2382	125	-20	20	2382	125	-20	20	2382	125	-20	20	2382	125	-20	20	2382	125	-20	20	2382	125	-20	20	2382
126	-19	19	2401	126	-19	19	2401	126	-19	19	2401	126	-19	19	2401	126	-19	19	2401	126	-19	19	2401	126	-19	19	2401	126	-19	19	2401	126	-19	19	2401	126	-19	19	2401
127	-16	16	2417	127	-16	16	2417	127	-16	16	2417	127	-16	16	2417	127	-16	16	2417	127	-16	16	2417	127	-16	16	2417	127	-16	16	2417	127	-16	16	2417	127	-16	16	2417
128	-19	19	2436	128	-19	19	2436	128	-19	19	2436	128	-19	19	2436	128	-19	19	2436	128	-19	19	2436	128	-19	19	2436	128	-19	19	2436	128	-19	19	2436	128	-19	19	2436
129	-18	18	2454	129	-18	18	2454	129	-18	18	2454	129	-18	18	2454	129	-18	18	2454	129	-18	18	2454	129	-18	18	2454	129	-18	18	2454	129	-18	18	2454	129	-18	18	2454
130	-17	17	2471	130	-17	17	2471	130	-17	17	2471	130	-17	17	2471	130	-17	17	2471	130	-17	17	2471	130	-17	17	2471	130	-17	17	2471	130	-17	17	2471	130	-17	17	2471
131	-15	15	2486	131	-15	15	2486	131	-15	15	2486	131	-15	15	2486	131	-15	15	2486	131	-15	15	2486	131	-15	15	2486	131	-15	15	2486	131	-15	15	2486	131	-15	15	2486
132	-21	21	2507	132	-21	21	2507	132	-21	21	2507	132	-21	21	2507	132	-21	21	2507	132	-21	21	2507	132	-21	21	2507	132	-21	21	2507	132	-21	21	2507	132	-21	21	2507
133	-20	20	2527	133	-20	20	2527	133	-20	20	2527	133	-20	20	2527	133	-20	20	2527	133	-20	20	2527	133	-20	20	2527	133	-20	20	2527	133	-20	20	2527	133	-20	20	2527
134	-16	16	2543	134	-16	16	2543	134	-16	16	2543	134	-16	16	2543	134	-16	16	2543	134	-16	16	2543	134	-16	16	2543	134	-16	16	2543	134	-16	16	2543	134	-16	16	2543
135	-18	18	2561	135	-18	18	2561	135	-18	18	2561	135	-18	18	2561	135	-18	18	2561	135	-18	18	2561	135	-18	18	2561	135	-18	18	2561	135	-18	18	2561	135	-18	18	2561
136	-15	15	2576	136	-15	15	2576	136	-15	15	2576	136	-15	15	2576	136	-15	15	2576	136	-15	15	2576	136	-15	15	2576	136	-15	15	2576	136	-15	15	2576	136	-15	15	2576
137	-21	21	2597	137	-21	21	2597	137	-21	21	2597	137	-21	21	2597	137	-21	21	2597	137	-21	21	2597	137	-21	21	2597	137	-21	21	2597	137	-21	21	2597	137	-21	21	2597
138	-20	20	2617	138	-20	20	2617	138	-20	20	2617	138	-20	20	2617	138	-20	20	2617	138	-20	20	2617	138	-20	20	2617	138	-20	20	2617	138	-20	20	2617	138	-20	20	2617
139	-19	19	2636	139	-19	19	2636	139	-19	19	2636	139	-19	19	2636	139	-19	19	2636	139	-19	19	2636	139	-19	19	2636	139	-19	19	2636	139	-19	19	2636	139	-19	19	2636
140	-17	17	2653	140	-17	17	2653	140	-17	17	2653	140	-17	17	2653	140	-17	17	2653	140	-17	17	2653	140	-17	17	2653	140	-17	17	2653	140	-17	17	2653	140	-17	17	2653
141	-18	18	2671	141	-18	18	2671	141	-18	18	2671	141	-18	18	2671	141	-18	18	2671	141	-18	18	2671	141	-18	18	2671	141	-18	18	2671	141	-18	18	2671	141	-18	18	2671
142	-19	19	2690	142	-19	19	2690	142	-19	19	2690	142	-19	19	2690	142	-19	19	2690	142	-19	19	2690	142	-19	19	2690	142	-19	19	2690	142	-19	19	2690	142	-19	19	2690
143	-17	17	2707	143	-17	17	2707	143	-17	17	2707	143	-17	17	2707	143	-17	17	2707	143	-17	17	2707	143	-17	17	2707	143	-17	17	2707	143	-17	17	2707	143	-17	17	2707
144	-20	20	2727	144	-20	20	2727	144	-20	20	2727	144	-20	20	2727	144	-20	20	2727	144	-20	20	2727	144	-20	20	2727	144	-20	20	2727	144	-20	20	2727	144	-20	20	2727
145	-19	19	2746	145	-19	19	2746	145	-19	19	2746	145	-19	19	2746	145	-19	19	2746	145	-19	19	2746	145	-19	19	2746	145	-19	19	2746	145	-19	19	2746	145	-19	19	2746
146	-20	20	2766	146	-20	20	2766	146	-20	20	2766	146	-20	20	2766	146	-20	20	2766	146	-20	20	2766	146	-20	20	2766	146	-20	20	2766	146	-20	20	2766	146	-20	20	2766
147	-22	22	2788	147	-22	22	2788	147	-22	22	2788	147	-22	22	2788	147	-22	22	2788	147	-22	22	2788	147	-22	22	2788	147	-22	22	2788	147	-22	22	2788	147	-22	22	2788
148	-17	17	2805	148	-17	17	2805	148	-17	17	2805	148	-17	17	2805	148	-17	17	2805	148	-17	17	2805	148	-17	17	2805	148	-17	17	2805	148	-17	17	2805	148	-17	17	2805
149	-18	18	2823	149	-18	18	2823	149	-18	18	2823	149	-18	18	2823	149	-18	18	2823	149	-18	18	2823	149	-18	18	2823	149	-18	18	2823	149	-18	18	2823	149	-18	18	2823
150	-17	17	2840	150	-17	17	2840	150	-17	17	2840	150	-17	17	2840	150	-17	17	2840	150	-17	17	2840	150	-17	17	2840	150	-17	17	2840	150	-17	17	2840	150	-17	17	2840
151	-17	17	2857	151	-17	17	2857	151	-17	17	2857	151	-17	17	2857	151	-17	17	2857	151	-17	17	2857	151	-17	17	2857	151	-17	17	2857	151	-17	17	2857	151	-17	17	2857
152	-20	20	2877	152	-20	20	2877	152	-20	20	2877	152	-20	20	2877	152	-20	20	2877	152	-20	20	2877	152	-20	20	2877	152	-20	20	2877	152	-20	20	2877	152	-20	20	2877
153	-19	19	2896	153	-19	19	2896	153	-19	19	2896	153	-19	19	2896	153	-19	19	2896	153	-19	19	2896	153	-19	19	2896	153	-19	19	2896	153	-19	19	2896	153	-19	19	2896
154	-19	19	2915	154	-19	19	2915	154	-19	19	2915	154	-19	19	2915	154	-19	19	2915	154	-19	19	2915	154	-19	19	2915	154	-19	19	2915	154	-19	19	2915	154	-19	19	2915
155	-19	19	2934	155	-19	19	2934	155	-19	19	2934	155	-19	19	2934	155	-19	19	2934	155	-19	19	2934	155	-19	19	2934	155	-19	19	2934	155	-19	19	2934	155	-19	19	2934
156	-19	19	2953	156	-19	19	2953	156	-19	19	2953	156	-19	19	2953	156	-19	19	2953	156	-19	19	2953	156	-19	19	2953	156	-19	19	2953	156	-19	19	2953	156	-19	19	2953
157	-17	17	2970	157	-17	17	2970	157	-17	17	2970	157	-17	17	2970	157	-17	17	2970	157	-17	17	2970	157	-17	17	2970	157	-17	17	2970	157	-17	17	2970	157	-17	17	2970
158	-17	17	2987	158	-17	17	2987	158	-17	17	2987	158	-17	17	2987	158	-17	17	2987	158	-17	17	2987	158	-17	17	2987	158	-17	17	2987	158	-17	17	2987	158	-17	17	2987
159	-19	19	3006	159	-19	19	3006	159	-19	19	3006	159	-19	19	3006	159	-19	19	3006	159	-19	19	3006	159	-19	19	3006	159	-19	19	3006	159	-19	19	3006	159	-19	19	3006
160	-17	17	3023	160	-17	17	3023	160	-17	17	3023	160	-17	17	3023	160	-17	17	3023	160	-17	17	3023	160	-17	17	3023	160	-17	17	3023	160	-17	17	3023	160	-17	17	3023
161	-18	18	3041	161	-18	18	3041	161	-18	18	3041	161	-18	18	3041	161	-18	18	3041	161	-18	18	3041	161	-18	18	3041	161	-18	18	3041	161	-18	18	3041	161	-18	18	3041
162	-22	22	3063	162	-22	22	3063	162	-22	22	3063	162	-22	22	3063	162	-22	22	3063	162	-22	22	3063	162	-22	22	3063	162	-22	22	3063	162	-22	22	3063	162	-22	22	3063
163	-20	20	3083	163	-20	20	3083	163	-20	20	3083	163	-20	20	3083	163	-20	20	3083	163	-20	20	3083	163	-20	20	3083	163	-20	20	3083	163	-20	20	3083	163	-20	20	3083
164	-19	19	3102	164	-19	19	3102	164	-19	19	3102	164	-19	19	3102	164	-19	19	3102	164	-19	19	3102	164	-19	19	3102	164	-19	19	3102	164	-19	19	3102	164	-19	19	3102
165	-19	19	3121	165	-19	19	3121	165	-19	19	3121	165	-19	19	3121	165	-19	19	3121	165	-19	19	3121	165	-19	19	3121	165	-19	19	3121	165	-19	19	3121	165	-19	19	3121
166	-18	18	3139	166	-18	18	3139	166	-18	18	3139	166	-18	18	3139	166	-18	18	3139	166	-18	18	3139	166	-18	18	3139	166	-18	18	3139	166	-18	18	3139	166	-18	18	3139
167	-19	19	3158	167	-19	19	3158	167	-19	19	3158	167	-19	19	3158	167	-19	19	3158	167	-19	19	3158	167	-19	19	3158	167	-19	19	3158	167	-19	19	3158	167	-19	19	3158
168	-19	19	3177	168	-19	19	3177	168	-19	19	3177	168	-19	19	3177	168	-19	19	3177	168	-19	19	3177	168	-19	19	3177	168	-19	19	3177	168	-19	19	3177	168	-19	19	3177
169	-17	17	3194	169	-17	17	3194	169	-17	17	3194	169	-17	17	3194	169	-17	17	3194	169	-17	17	3194	169	-17	17	3194	169	-17	17	3194	169	-17	17	3194	169	-17	17	3194
170	-23	23	3217	170	-23	23	3217	170	-23	23	3217	170	-23	23	3217	170	-23	23	3217	170	-23	23	3217	170	-23	23	3217	170	-23	23	3217	170	-23	23	3217	170	-23	23	3217
171	-23	23	3240	171	-23	23	3240	171	-23	23	3240	171	-23	23	3240	171	-23	23	3240	171	-23	23	3240	171	-23	23	3240	171	-23	23	3240	171	-23	23	3240	171	-23	23	3240
172	-21	21	3261	172	-21	21	3261	172	-21	21	3261	172	-21	21	3261	172	-21	21	3261	172	-21	21	3261	172	-21	21	3261	172	-21	21	3261	172	-21	21	3261	172	-21	21	3261
173	-19	19	3280	173	-19	19	3280	173	-19	19	3280	173	-19	19	3280	173	-19	19	3280	173	-19	19	3280	173	-19	19	3280	173	-19	19	3280	173	-19	19	3280	173	-19	19	3280
174	-18	18	3298	174	-18	18	3298	174	-18	18	3298	174	-18	18	3298	174	-18	18	3298	174	-18	18	3298	174	-18	18	3298	174	-18	18	3298	174	-18	18	3298	174	-18	18	3298
175	-17	17	3315	175	-17	17	3315	175	-17	17	3315	175	-17	17	3315	175	-17	17	3315	175	-17	17	3315	175	-17	17	3315	175	-17	17	3315	175	-17	17	3315	175	-17	17	3315
176	-21	21	3336	176	-21	21	3336	176	-21	21	3336	176	-21	21	3336	176	-21	21	3336	176	-21	21	3336	176	-21	21	3336	176	-21	21	3336	176	-21	21	3336	176	-21	21	3336
177	-17	17	3353	177	-17	17	3353	177	-17	17	3353	177	-17	17	3353	177	-17	17	3353	177	-17	17	3353	177	-17	17	3353	177	-17	17	3353	177	-17	17	3353	177	-17	17	3353
178	-17	17	3370	178	-17	17	3370	178	-17	17	3370	178	-17	17	3370	178	-17	17	3370	178	-17	17	3370	178	-17	17	3370	178	-17	17	3370	178	-17	17	3370	178	-17	17	3370
179	-21	21	3391	179	-21	21	3391	179	-21	21	3391	179	-21	21	3391	179	-21	21	3391	179	-21	21	3391	179	-21	21	3391	179	-21	21	3391	179	-21	21	3391	179	-21	21	3391
180	-17	17	3408	180	-17	17	3408	180	-17	17	3408	180	-17	17	3408	180	-17	17	3408	180	-17	17	3408	180	-17	17	3408	180	-17	17	3408	180	-17	17	3408	180	-17	17	3408
181	-19	19	3427	181	-19	19	3427	181	-19	19	3427	181	-19	19	3427	181	-19	19	3427	181	-19	19	3427	181	-19	19	3427	181	-19	19	3427	181	-19	19	3427	181	-19	19	3427
182	-19	19	3446	182	-19	19	3446	182	-19	19	3446	182	-19	19	3446	182	-19	19	3446	182	-19	19	3446	182	-19	19	3446	182	-19	19	3446	182	-19	19	3446	182	-19	19	3446
183	-21	21	3467	183	-21	21	3467	183	-21	21	3467	183	-21	21	3467	183	-21	21	3467	183	-21	21	3467	183	-21	21	3467	183	-21	21	3467	183	-21	21	3467	183	-21	21	3467
184	-17	17	3484	184	-17	17	3484	184	-17	17	3484	184	-17	17	3484	184	-17	17	3484	184	-17	17	3484	184	-17	17	3484	184	-17	17	3484	184	-17	17	3484	184	-17	17	3484
185	-18	18	3502	185	-18	18	3502	185	-18	18	3502	185	-18	18	3502	185	-18	18	3502	185	-18	18	3502	185	-18	18	3502	185	-18	18	3502	185	-18	18	3502	185	-18	18	3502
186	-118	19	3521	186	-118	19	3521	186	-118	19	3521	186	-118	19	3521	186	-118	19	3521	186	-118	19	3521	186	-118	19	3521	186	-118	19	3521	186	-118	19	3521	186	-118	19	3521
187	-18	18	3539	187	-18	18	3539	187	-18	18	3539	187	-18	18	3539	187	-18	18	3539	187	-18	18	3539	187	-18	18	3539	187	-18	18	3539	187	-18	18	3539	187	-18	18	3539
188	-17	17	3556	188	-17	17	3556	188	-17	17	3556	188	-17	17	3556	188	-17	17	3556	188	-17	17	3556	188	-17	17	3556	188	-17	17	3556	188	-17	17	3556	188	-17	17	3556
189	-19	19	3575	189	-19	19	3575	189	-19	19	3575	189	-19	19	3575	189	-19	19	3575	189	-19	19	3575	189	-19	19	3575	189	-19	19	3575	189	-19	19	3575	189	-19	19	3575
190	-19	19	3594	190	-19	19	3594	190	-19	19	3594	190	-19	19	3594	190	-19	19	3594	190	-19	19	3594	190	-19	19	3594	190	-19	19	3594	190	-19	19	3594	190	-19	19	3594
191	-19	19	3613	191	-19	19	3613	191	-19	19	3613	191	-19	19	3613	191	-19	19	3613	191	-19	19	3613	191	-19	19	3613	191	-19	19	3613	191	-19	19	3613	191	-19	19	3613
192	-19	19	3632	192	-19	19	3632	192	-19	19	3632	192	-19	19	3632	192	-19	19	3632	192	-19	19	3632	192	-19	19	3632	192	-19	19	3632	192	-19	19	3632	192	-19	19	3632
193	-24	24	3656	193	-24	24	3656	193	-24	24	3656	193	-24	24	3656	193	-24	24	3656	193	-24	24	3656	193	-24	24	3656	193	-24	24	3656	193	-24	24	3656	193	-24	24	3656
194	-20	20	3676	194	-20	20	3676	194	-20	20	3676	194	-20	20	3676	194	-20	20	3676	194	-20	20	3676	194	-20	20	3676	194	-20	20	3676	194	-20	20	3676	194	-20	20	3676
195	-18	18	3694	195	-18	18	3694	195	-18	18	3694	195	-18	18	3694	195	-18	18	3694	195	-18	18	3694	195	-18	18	3694	195	-18	18	3694	195	-18	18	3694	195	-18	18	3694
196	-119	20	3714	196	-119	20	3714	196	-119	20	3714	196	-119	20	3714	196	-119	20	3714	196	-119	20	3714	196	-119	20	3714	196	-119	20	3714	196	-119	20	3714	196	-119	20	3714
197	-19	19	3733	197	-19	19	3733	197	-19	19	3733	197	-19	19	3733	197	-19	19	3733	197	-19	19	3733	197	-19	19	3733	197	-19	19	3733	197	-19	19	3733	197	-19	19	3733
198	-19	19	3752	198	-19	19	3752	198	-19	19	3752	198	-19	19	3752	198	-19	19	3752	198	-19	19	3752	198	-19	19	3752	198	-19	19	3752	198	-19	19	3752	198	-19	19	3752
199	-17	17	3769	199	-17	17	3769	199	-17	17	3769	199	-17	17	3769	199	-17	17	3769	199	-17	17	3769	199	-17	17	3769	199	-17	17	3769	199	-17	17	3769	199	-17	17	3769
