Episode	Accumulated Reward	Length	Steps	Episode	Accumulated Reward	Length	Steps
0	-500.0	500	500	0	-500.0	500	500
1	-500.0	500	1000	1	-500.0	500	1000
2	-496.0	496	1496	2	-496.0	496	1496
3	-500.0	500	1996	3	-500.0	500	1996
4	-499.0	499	2495	4	-499.0	499	2495
5	-276.0	276	2771	5	-276.0	276	2771
6	-309.0	309	3080	6	-309.0	309	3080
7	-251.0	251	3331	7	-251.0	251	3331
8	-269.0	269	3600	8	-269.0	269	3600
9	-274.0	274	3874	9	-274.0	274	3874
10	-275.0	275	4149	10	-275.0	275	4149
11	-243.0	243	4392	11	-243.0	243	4392
12	-273.0	273	4665	12	-273.0	273	4665
13	-163.0	163	4828	13	-163.0	163	4828
14	-268.0	268	5096	14	-268.0	268	5096
15	-240.0	240	5336	15	-240.0	240	5336
16	-161.0	161	5497	16	-161.0	161	5497
17	-205.0	205	5702	17	-205.0	205	5702
18	-222.0	222	5924	18	-222.0	222	5924
19	-144.0	144	6068	19	-144.0	144	6068
20	-153.0	153	6221	20	-153.0	153	6221
21	-151.0	151	6372	21	-151.0	151	6372
22	-200.0	200	6572	22	-200.0	200	6572
23	-189.0	189	6761	23	-189.0	189	6761
24	-157.0	157	6918	24	-157.0	157	6918
25	-156.0	156	7074	25	-156.0	156	7074
26	-187.0	187	7261	26	-187.0	187	7261
27	-186.0	186	7447	27	-186.0	186	7447
28	-143.0	143	7590	28	-143.0	143	7590
29	-185.0	185	7775	29	-185.0	185	7775
30	-147.0	147	7922	30	-147.0	147	7922
31	-149.0	149	8071	31	-149.0	149	8071
32	-192.0	192	8263	32	-192.0	192	8263
33	-210.0	210	8473	33	-210.0	210	8473
34	-145.0	145	8618	34	-145.0	145	8618
35	-228.0	228	8846	35	-228.0	228	8846
36	-188.0	188	9034	36	-188.0	188	9034
37	-119.0	119	9153	37	-119.0	119	9153
38	-202.0	202	9355	38	-202.0	202	9355
39	-148.0	148	9503	39	-148.0	148	9503
40	-119.0	119	9622	40	-119.0	119	9622
41	-110.0	110	9732	41	-110.0	110	9732
42	-142.0	142	9874	42	-142.0	142	9874
43	-143.0	143	10017	43	-143.0	143	10017
44	-131.0	131	10148	44	-131.0	131	10148
45	-137.0	137	10285	45	-137.0	137	10285
46	-150.0	150	10435	46	-150.0	150	10435
47	-107.0	107	10542	47	-107.0	107	10542
48	-108.0	108	10650	48	-108.0	108	10650
49	-112.0	112	10762	49	-112.0	112	10762
50	-88.0	88	10850	50	-88.0	88	10850
51	-126.0	126	10976	51	-126.0	126	10976
52	-147.0	147	11123	52	-147.0	147	11123
53	-143.0	143	11266	53	-143.0	143	11266
54	-135.0	135	11401	54	-135.0	135	11401
55	-182.0	182	11583	55	-182.0	182	11583
56	-203.0	203	11786	56	-203.0	203	11786
57	-138.0	138	11924	57	-138.0	138	11924
58	-148.0	148	12072	58	-148.0	148	12072
59	-115.0	115	12187	59	-115.0	115	12187
60	-114.0	114	12301	60	-114.0	114	12301
61	-156.0	156	12457	61	-156.0	156	12457
62	-115.0	115	12572	62	-115.0	115	12572
63	-176.0	176	12748	63	-176.0	176	12748
64	-161.0	161	12909	64	-161.0	161	12909
65	-152.0	152	13061	65	-152.0	152	13061
66	-144.0	144	13205	66	-144.0	144	13205
67	-143.0	143	13348	67	-143.0	143	13348
68	-148.0	148	13496	68	-148.0	148	13496
69	-139.0	139	13635	69	-139.0	139	13635
70	-141.0	141	13776	70	-141.0	141	13776
71	-139.0	139	13915	71	-139.0	139	13915
72	-215.0	215	14130	72	-215.0	215	14130
73	-179.0	179	14309	73	-179.0	179	14309
74	-163.0	163	14472	74	-163.0	163	14472
75	-139.0	139	14611	75	-139.0	139	14611
76	-148.0	148	14759	76	-148.0	148	14759
77	-138.0	138	14897	77	-138.0	138	14897
78	-151.0	151	15048	78	-151.0	151	15048
79	-165.0	165	15213	79	-165.0	165	15213
80	-159.0	159	15372	80	-159.0	159	15372
81	-145.0	145	15517	81	-145.0	145	15517
82	-138.0	138	15655	82	-138.0	138	15655
83	-150.0	150	15805	83	-150.0	150	15805
84	-137.0	137	15942	84	-137.0	137	15942
85	-169.0	169	16111	85	-169.0	169	16111
86	-133.0	133	16244	86	-133.0	133	16244
87	-138.0	138	16382	87	-138.0	138	16382
88	-162.0	162	16544	88	-162.0	162	16544
89	-150.0	150	16694	89	-150.0	150	16694
90	-158.0	158	16852	90	-158.0	158	16852
91	-152.0	152	17004	91	-152.0	152	17004
92	-135.0	135	17139	92	-135.0	135	17139
93	-127.0	127	17266	93	-127.0	127	17266
94	-136.0	136	17402	94	-136.0	136	17402
95	-128.0	128	17530	95	-128.0	128	17530
96	-128.0	128	17658	96	-128.0	128	17658
97	-135.0	135	17793	97	-135.0	135	17793
98	-184.0	184	17977	98	-184.0	184	17977
99	-146.0	146	18123	99	-146.0	146	18123
100	-135.0	135	18258	100	-135.0	135	18258
101	-147.0	147	18405	101	-147.0	147	18405
102	-129.0	129	18534	102	-129.0	129	18534
103	-112.0	112	18646	103	-112.0	112	18646
104	-137.0	137	18783	104	-137.0	137	18783
105	-179.0	179	18962	105	-179.0	179	18962
106	-181.0	181	19143	106	-181.0	181	19143
107	-111.0	111	19254	107	-111.0	111	19254
108	-123.0	123	19377	108	-123.0	123	19377
109	-127.0	127	19504	109	-127.0	127	19504
110	-106.0	106	19610	110	-106.0	106	19610
111	-109.0	109	19719	111	-109.0	109	19719
112	-111.0	111	19830	112	-111.0	111	19830
113	-152.0	152	19982	113	-152.0	152	19982
114	-147.0	147	20129	114	-147.0	147	20129
115	-152.0	152	20281	115	-152.0	152	20281
116	-147.0	147	20428	116	-147.0	147	20428
117	-134.0	134	20562	117	-134.0	134	20562
118	-106.0	106	20668	118	-106.0	106	20668
119	-140.0	140	20808	119	-140.0	140	20808
120	-106.0	106	20914	120	-106.0	106	20914
121	-151.0	151	21065	121	-151.0	151	21065
122	-150.0	150	21215	122	-150.0	150	21215
123	-145.0	145	21360	123	-145.0	145	21360
124	-141.0	141	21501	124	-141.0	141	21501
125	-139.0	139	21640	125	-139.0	139	21640
126	-137.0	137	21777	126	-137.0	137	21777
127	-136.0	136	21913	127	-136.0	136	21913
128	-137.0	137	22050	128	-137.0	137	22050
129	-137.0	137	22187	129	-137.0	137	22187
130	-106.0	106	22293	130	-106.0	106	22293
131	-147.0	147	22440	131	-147.0	147	22440
132	-106.0	106	22546	132	-106.0	106	22546
133	-142.0	142	22688	133	-142.0	142	22688
134	-143.0	143	22831	134	-143.0	143	22831
135	-146.0	146	22977	135	-146.0	146	22977
136	-144.0	144	23121	136	-144.0	144	23121
137	-107.0	107	23228	137	-107.0	107	23228
138	-144.0	144	23372	138	-144.0	144	23372
139	-110.0	110	23482	139	-110.0	110	23482
140	-148.0	148	23630	140	-148.0	148	23630
141	-141.0	141	23771	141	-141.0	141	23771
142	-140.0	140	23911	142	-140.0	140	23911
143	-107.0	107	24018	143	-107.0	107	24018
144	-149.0	149	24167	144	-149.0	149	24167
145	-117.0	117	24284	145	-117.0	117	24284
146	-106.0	106	24390	146	-106.0	106	24390
147	-147.0	147	24537	147	-147.0	147	24537
148	-143.0	143	24680	148	-143.0	143	24680
149	-105.0	105	24785	149	-105.0	105	24785
150	-109.0	109	24894	150	-109.0	109	24894
151	-111.0	111	25005	151	-111.0	111	25005
152	-136.0	136	25141	152	-136.0	136	25141
153	-134.0	134	25275	153	-134.0	134	25275
154	-147.0	147	25422	154	-147.0	147	25422
155	-135.0	135	25557	155	-135.0	135	25557
156	-117.0	117	25674	156	-117.0	117	25674
157	-105.0	105	25779	157	-105.0	105	25779
158	-203.0	203	25982	158	-203.0	203	25982
159	-176.0	176	26158	159	-176.0	176	26158
160	-113.0	113	26271	160	-113.0	113	26271
161	-137.0	137	26408	161	-137.0	137	26408
162	-134.0	134	26542	162	-134.0	134	26542
163	-192.0	192	26734	163	-192.0	192	26734
164	-147.0	147	26881	164	-147.0	147	26881
165	-136.0	136	27017	165	-136.0	136	27017
166	-142.0	142	27159	166	-142.0	142	27159
167	-139.0	139	27298	167	-139.0	139	27298
168	-138.0	138	27436	168	-138.0	138	27436
169	-120.0	120	27556	169	-120.0	120	27556
170	-159.0	159	27715	170	-159.0	159	27715
171	-115.0	115	27830	171	-115.0	115	27830
172	-89.0	89	27919	172	-89.0	89	27919
173	-110.0	110	28029	173	-110.0	110	28029
174	-88.0	88	28117	174	-88.0	88	28117
175	-84.0	84	28201	175	-84.0	84	28201
176	-143.0	143	28344	176	-143.0	143	28344
177	-108.0	108	28452	177	-108.0	108	28452
178	-134.0	134	28586	178	-134.0	134	28586
179	-134.0	134	28720	179	-134.0	134	28720
180	-158.0	158	28878	180	-158.0	158	28878
181	-106.0	106	28984	181	-106.0	106	28984
182	-134.0	134	29118	182	-134.0	134	29118
183	-134.0	134	29252	183	-134.0	134	29252
184	-105.0	105	29357	184	-105.0	105	29357
185	-155.0	155	29512	185	-155.0	155	29512
186	-135.0	135	29647	186	-135.0	135	29647
187	-126.0	126	29773	187	-126.0	126	29773
188	-132.0	132	29905	188	-132.0	132	29905
189	-136.0	136	30041	189	-136.0	136	30041
190	-134.0	134	30175	190	-134.0	134	30175
191	-136.0	136	30311	191	-136.0	136	30311
192	-116.0	116	30427	192	-116.0	116	30427
193	-134.0	134	30561	193	-134.0	134	30561
194	-105.0	105	30666	194	-105.0	105	30666
195	-146.0	146	30812	195	-146.0	146	30812
196	-137.0	137	30949	196	-137.0	137	30949
197	-105.0	105	31054	197	-105.0	105	31054
198	-139.0	139	31193	198	-139.0	139	31193
199	-133.0	133	31326	199	-133.0	133	31326
200	-105.0	105	31431	200	-105.0	105	31431
201	-135.0	135	31566	201	-135.0	135	31566
202	-138.0	138	31704	202	-138.0	138	31704
203	-106.0	106	31810	203	-106.0	106	31810
204	-139.0	139	31949	204	-139.0	139	31949
205	-150.0	150	32099	205	-150.0	150	32099
206	-139.0	139	32238	206	-139.0	139	32238
207	-139.0	139	32377	207	-139.0	139	32377
208	-153.0	153	32530	208	-153.0	153	32530
209	-141.0	141	32671	209	-141.0	141	32671
210	-138.0	138	32809	210	-138.0	138	32809
211	-138.0	138	32947	211	-138.0	138	32947
212	-136.0	136	33083	212	-136.0	136	33083
213	-134.0	134	33217	213	-134.0	134	33217
214	-136.0	136	33353	214	-136.0	136	33353
215	-106.0	106	33459	215	-106.0	106	33459
216	-106.0	106	33565	216	-106.0	106	33565
217	-108.0	108	33673	217	-108.0	108	33673
218	-107.0	107	33780	218	-107.0	107	33780
219	-138.0	138	33918	219	-138.0	138	33918
220	-133.0	133	34051	220	-133.0	133	34051
221	-111.0	111	34162	221	-111.0	111	34162
222	-134.0	134	34296	222	-134.0	134	34296
223	-107.0	107	34403	223	-107.0	107	34403
224	-134.0	134	34537	224	-134.0	134	34537
225	-138.0	138	34675	225	-138.0	138	34675
226	-135.0	135	34810	226	-135.0	135	34810
227	-109.0	109	34919	227	-109.0	109	34919
228	-105.0	105	35024	228	-105.0	105	35024
229	-144.0	144	35168	229	-144.0	144	35168
230	-134.0	134	35302	230	-134.0	134	35302
231	-139.0	139	35441	231	-139.0	139	35441
232	-162.0	162	35603	232	-162.0	162	35603
233	-152.0	152	35755	233	-152.0	152	35755
234	-141.0	141	35896	234	-141.0	141	35896
235	-135.0	135	36031	235	-135.0	135	36031
236	-147.0	147	36178	236	-147.0	147	36178
237	-135.0	135	36313	237	-135.0	135	36313
238	-131.0	131	36444	238	-131.0	131	36444
239	-133.0	133	36577	239	-133.0	133	36577
240	-134.0	134	36711	240	-134.0	134	36711
241	-134.0	134	36845	241	-134.0	134	36845
242	-113.0	113	36958	242	-113.0	113	36958
243	-192.0	192	37150	243	-192.0	192	37150
244	-111.0	111	37261	244	-111.0	111	37261
245	-113.0	113	37374	245	-113.0	113	37374
246	-145.0	145	37519	246	-145.0	145	37519
247	-110.0	110	37629	247	-110.0	110	37629
248	-146.0	146	37775	248	-146.0	146	37775
249	-111.0	111	37886	249	-111.0	111	37886
250	-146.0	146	38032	250	-146.0	146	38032
251	-138.0	138	38170	251	-138.0	138	38170
252	-112.0	112	38282	252	-112.0	112	38282
253	-121.0	121	38403	253	-121.0	121	38403
254	-141.0	141	38544	254	-141.0	141	38544
255	-135.0	135	38679	255	-135.0	135	38679
256	-138.0	138	38817	256	-138.0	138	38817
257	-136.0	136	38953	257	-136.0	136	38953
258	-108.0	108	39061	258	-108.0	108	39061
259	-106.0	106	39167	259	-106.0	106	39167
260	-140.0	140	39307	260	-140.0	140	39307
261	-136.0	136	39443	261	-136.0	136	39443
262	-107.0	107	39550	262	-107.0	107	39550
263	-134.0	134	39684	263	-134.0	134	39684
264	-132.0	132	39816	264	-132.0	132	39816
265	-135.0	135	39951	265	-135.0	135	39951
266	-132.0	132	40083	266	-132.0	132	40083
267	-134.0	134	40217	267	-134.0	134	40217
268	-135.0	135	40352	268	-135.0	135	40352
269	-139.0	139	40491	269	-139.0	139	40491
270	-110.0	110	40601	270	-110.0	110	40601
271	-147.0	147	40748	271	-147.0	147	40748
272	-109.0	109	40857	272	-109.0	109	40857
273	-107.0	107	40964	273	-107.0	107	40964
274	-143.0	143	41107	274	-143.0	143	41107
275	-111.0	111	41218	275	-111.0	111	41218
276	-137.0	137	41355	276	-137.0	137	41355
277	-108.0	108	41463	277	-108.0	108	41463
278	-112.0	112	41575	278	-112.0	112	41575
279	-135.0	135	41710	279	-135.0	135	41710
280	-135.0	135	41845	280	-135.0	135	41845
281	-164.0	164	42009	281	-164.0	164	42009
282	-111.0	111	42120	282	-111.0	111	42120
283	-138.0	138	42258	283	-138.0	138	42258
284	-134.0	134	42392	284	-134.0	134	42392
285	-135.0	135	42527	285	-135.0	135	42527
286	-106.0	106	42633	286	-106.0	106	42633
287	-134.0	134	42767	287	-134.0	134	42767
288	-106.0	106	42873	288	-106.0	106	42873
289	-134.0	134	43007	289	-134.0	134	43007
290	-134.0	134	43141	290	-134.0	134	43141
291	-106.0	106	43247	291	-106.0	106	43247
292	-136.0	136	43383	292	-136.0	136	43383
293	-107.0	107	43490	293	-107.0	107	43490
294	-136.0	136	43626	294	-136.0	136	43626
295	-108.0	108	43734	295	-108.0	108	43734
296	-138.0	138	43872	296	-138.0	138	43872
297	-112.0	112	43984	297	-112.0	112	43984
298	-137.0	137	44121	298	-137.0	137	44121
299	-137.0	137	44258	299	-137.0	137	44258
