Episode	Accumulated Reward	Length	Steps	Episode	Accumulated Reward	Length	Steps	Episode	Accumulated Reward	Length	Steps
0	-200.0	200	200	0	-200.0	200	200	0	-200.0	200	200
1	-200.0	200	400	1	-200.0	200	400	1	-200.0	200	400
2	-200.0	200	600	2	-200.0	200	600	2	-200.0	200	600
3	-200.0	200	800	3	-200.0	200	800	3	-200.0	200	800
4	-200.0	200	1000	4	-200.0	200	1000	4	-200.0	200	1000
5	-200.0	200	1200	5	-200.0	200	1200	5	-200.0	200	1200
6	-200.0	200	1400	6	-200.0	200	1400	6	-200.0	200	1400
7	-200.0	200	1600	7	-200.0	200	1600	7	-200.0	200	1600
8	-200.0	200	1800	8	-200.0	200	1800	8	-200.0	200	1800
9	-200.0	200	2000	9	-200.0	200	2000	9	-200.0	200	2000
10	-200.0	200	2200	10	-200.0	200	2200	10	-200.0	200	2200
11	-200.0	200	2400	11	-200.0	200	2400	11	-200.0	200	2400
12	-200.0	200	2600	12	-200.0	200	2600	12	-200.0	200	2600
13	-200.0	200	2800	13	-200.0	200	2800	13	-200.0	200	2800
14	-200.0	200	3000	14	-200.0	200	3000	14	-200.0	200	3000
15	-200.0	200	3200	15	-200.0	200	3200	15	-200.0	200	3200
16	-200.0	200	3400	16	-200.0	200	3400	16	-200.0	200	3400
17	-200.0	200	3600	17	-200.0	200	3600	17	-200.0	200	3600
18	-154.0	154	3754	18	-154.0	154	3754	18	-154.0	154	3754
19	-200.0	200	3954	19	-200.0	200	3954	19	-200.0	200	3954
20	-166.0	166	4120	20	-166.0	166	4120	20	-166.0	166	4120
21	-161.0	161	4281	21	-161.0	161	4281	21	-161.0	161	4281
22	-200.0	200	4481	22	-200.0	200	4481	22	-200.0	200	4481
23	-163.0	163	4644	23	-163.0	163	4644	23	-163.0	163	4644
24	-149.0	149	4793	24	-149.0	149	4793	24	-149.0	149	4793
25	-200.0	200	4993	25	-200.0	200	4993	25	-200.0	200	4993
26	-165.0	165	5158	26	-165.0	165	5158	26	-165.0	165	5158
27	-156.0	156	5314	27	-156.0	156	5314	27	-156.0	156	5314
28	-199.0	199	5513	28	-199.0	199	5513	28	-199.0	199	5513
29	-159.0	159	5672	29	-159.0	159	5672	29	-159.0	159	5672
30	-157.0	157	5829	30	-157.0	157	5829	30	-157.0	157	5829
31	-147.0	147	5976	31	-147.0	147	5976	31	-147.0	147	5976
32	-200.0	200	6176	32	-200.0	200	6176	32	-200.0	200	6176
33	-200.0	200	6376	33	-200.0	200	6376	33	-200.0	200	6376
34	-200.0	200	6576	34	-200.0	200	6576	34	-200.0	200	6576
35	-170.0	170	6746	35	-170.0	170	6746	35	-170.0	170	6746
36	-190.0	190	6936	36	-190.0	190	6936	36	-190.0	190	6936
37	-155.0	155	7091	37	-155.0	155	7091	37	-155.0	155	7091
38	-181.0	181	7272	38	-181.0	181	7272	38	-181.0	181	7272
39	-145.0	145	7417	39	-145.0	145	7417	39	-145.0	145	7417
40	-196.0	196	7613	40	-196.0	196	7613	40	-196.0	196	7613
41	-115.0	115	7728	41	-115.0	115	7728	41	-115.0	115	7728
42	-150.0	150	7878	42	-150.0	150	7878	42	-150.0	150	7878
43	-147.0	147	8025	43	-147.0	147	8025	43	-147.0	147	8025
44	-196.0	196	8221	44	-196.0	196	8221	44	-196.0	196	8221
45	-151.0	151	8372	45	-151.0	151	8372	45	-151.0	151	8372
46	-200.0	200	8572	46	-200.0	200	8572	46	-200.0	200	8572
47	-152.0	152	8724	47	-152.0	152	8724	47	-152.0	152	8724
48	-157.0	157	8881	48	-157.0	157	8881	48	-157.0	157	8881
49	-120.0	120	9001	49	-120.0	120	9001	49	-120.0	120	9001
50	-161.0	161	9162	50	-161.0	161	9162	50	-161.0	161	9162
51	-158.0	158	9320	51	-158.0	158	9320	51	-158.0	158	9320
52	-153.0	153	9473	52	-153.0	153	9473	52	-153.0	153	9473
53	-150.0	150	9623	53	-150.0	150	9623	53	-150.0	150	9623
54	-141.0	141	9764	54	-141.0	141	9764	54	-141.0	141	9764
55	-154.0	154	9918	55	-154.0	154	9918	55	-154.0	154	9918
56	-200.0	200	10118	56	-200.0	200	10118	56	-200.0	200	10118
57	-200.0	200	10318	57	-200.0	200	10318	57	-200.0	200	10318
58	-164.0	164	10482	58	-164.0	164	10482	58	-164.0	164	10482
59	-200.0	200	10682	59	-200.0	200	10682	59	-200.0	200	10682
60	-200.0	200	10882	60	-200.0	200	10882	60	-200.0	200	10882
61	-150.0	150	11032	61	-150.0	150	11032	61	-150.0	150	11032
62	-200.0	200	11232	62	-200.0	200	11232	62	-200.0	200	11232
63	-200.0	200	11432	63	-200.0	200	11432	63	-200.0	200	11432
64	-200.0	200	11632	64	-200.0	200	11632	64	-200.0	200	11632
65	-175.0	175	11807	65	-175.0	175	11807	65	-175.0	175	11807
66	-151.0	151	11958	66	-151.0	151	11958	66	-151.0	151	11958
67	-149.0	149	12107	67	-149.0	149	12107	67	-149.0	149	12107
68	-146.0	146	12253	68	-146.0	146	12253	68	-146.0	146	12253
69	-162.0	162	12415	69	-162.0	162	12415	69	-162.0	162	12415
70	-196.0	196	12611	70	-196.0	196	12611	70	-196.0	196	12611
71	-112.0	112	12723	71	-112.0	112	12723	71	-112.0	112	12723
72	-153.0	153	12876	72	-153.0	153	12876	72	-153.0	153	12876
73	-109.0	109	12985	73	-109.0	109	12985	73	-109.0	109	12985
74	-112.0	112	13097	74	-112.0	112	13097	74	-112.0	112	13097
75	-153.0	153	13250	75	-153.0	153	13250	75	-153.0	153	13250
76	-155.0	155	13405	76	-155.0	155	13405	76	-155.0	155	13405
77	-137.0	137	13542	77	-137.0	137	13542	77	-137.0	137	13542
78	-147.0	147	13689	78	-147.0	147	13689	78	-147.0	147	13689
79	-146.0	146	13835	79	-146.0	146	13835	79	-146.0	146	13835
80	-145.0	145	13980	80	-145.0	145	13980	80	-145.0	145	13980
81	-182.0	182	14162	81	-182.0	182	14162	81	-182.0	182	14162
82	-154.0	154	14316	82	-154.0	154	14316	82	-154.0	154	14316
83	-200.0	200	14516	83	-200.0	200	14516	83	-200.0	200	14516
84	-149.0	149	14665	84	-149.0	149	14665	84	-149.0	149	14665
85	-150.0	150	14815	85	-150.0	150	14815	85	-150.0	150	14815
86	-142.0	142	14957	86	-142.0	142	14957	86	-142.0	142	14957
87	-131.0	131	15088	87	-131.0	131	15088	87	-131.0	131	15088
88	-167.0	167	15255	88	-167.0	167	15255	88	-167.0	167	15255
89	-110.0	110	15365	89	-110.0	110	15365	89	-110.0	110	15365
90	-146.0	146	15511	90	-146.0	146	15511	90	-146.0	146	15511
91	-149.0	149	15660	91	-149.0	149	15660	91	-149.0	149	15660
92	-147.0	147	15807	92	-147.0	147	15807	92	-147.0	147	15807
93	-151.0	151	15958	93	-151.0	151	15958	93	-151.0	151	15958
94	-147.0	147	16105	94	-147.0	147	16105	94	-147.0	147	16105
95	-144.0	144	16249	95	-144.0	144	16249	95	-144.0	144	16249
96	-144.0	144	16393	96	-144.0	144	16393	96	-144.0	144	16393
97	-144.0	144	16537	97	-144.0	144	16537	97	-144.0	144	16537
98	-127.0	127	16664	98	-127.0	127	16664	98	-127.0	127	16664
99	-140.0	140	16804	99	-140.0	140	16804	99	-140.0	140	16804
100	-145.0	145	16949	100	-145.0	145	16949	100	-145.0	145	16949
101	-183.0	183	17132	101	-183.0	183	17132	101	-183.0	183	17132
102	-175.0	175	17307	102	-175.0	175	17307	102	-175.0	175	17307
103	-117.0	117	17424	103	-117.0	117	17424	103	-117.0	117	17424
104	-123.0	123	17547	104	-123.0	123	17547	104	-123.0	123	17547
105	-119.0	119	17666	105	-119.0	119	17666	105	-119.0	119	17666
106	-150.0	150	17816	106	-150.0	150	17816	106	-150.0	150	17816
107	-143.0	143	17959	107	-143.0	143	17959	107	-143.0	143	17959
108	-110.0	110	18069	108	-110.0	110	18069	108	-110.0	110	18069
109	-160.0	160	18229	109	-160.0	160	18229	109	-160.0	160	18229
110	-145.0	145	18374	110	-145.0	145	18374	110	-145.0	145	18374
111	-113.0	113	18487	111	-113.0	113	18487	111	-113.0	113	18487
112	-139.0	139	18626	112	-139.0	139	18626	112	-139.0	139	18626
113	-117.0	117	18743	113	-117.0	117	18743	113	-117.0	117	18743
114	-112.0	112	18855	114	-112.0	112	18855	114	-112.0	112	18855
115	-108.0	108	18963	115	-108.0	108	18963	115	-108.0	108	18963
116	-110.0	110	19073	116	-110.0	110	19073	116	-110.0	110	19073
117	-144.0	144	19217	117	-144.0	144	19217	117	-144.0	144	19217
118	-156.0	156	19373	118	-156.0	156	19373	118	-156.0	156	19373
119	-133.0	133	19506	119	-133.0	133	19506	119	-133.0	133	19506
120	-133.0	133	19639	120	-133.0	133	19639	120	-133.0	133	19639
121	-138.0	138	19777	121	-138.0	138	19777	121	-138.0	138	19777
122	-200.0	200	19977	122	-200.0	200	19977	122	-200.0	200	19977
123	-87.0	87	20064	123	-87.0	87	20064	123	-87.0	87	20064
124	-157.0	157	20221	124	-157.0	157	20221	124	-157.0	157	20221
125	-146.0	146	20367	125	-146.0	146	20367	125	-146.0	146	20367
126	-115.0	115	20482	126	-115.0	115	20482	126	-115.0	115	20482
127	-109.0	109	20591	127	-109.0	109	20591	127	-109.0	109	20591
128	-108.0	108	20699	128	-108.0	108	20699	128	-108.0	108	20699
129	-144.0	144	20843	129	-144.0	144	20843	129	-144.0	144	20843
130	-86.0	86	20929	130	-86.0	86	20929	130	-86.0	86	20929
131	-94.0	94	21023	131	-94.0	94	21023	131	-94.0	94	21023
132	-141.0	141	21164	132	-141.0	141	21164	132	-141.0	141	21164
133	-135.0	135	21299	133	-135.0	135	21299	133	-135.0	135	21299
134	-137.0	137	21436	134	-137.0	137	21436	134	-137.0	137	21436
135	-134.0	134	21570	135	-134.0	134	21570	135	-134.0	134	21570
136	-129.0	129	21699	136	-129.0	129	21699	136	-129.0	129	21699
137	-159.0	159	21858	137	-159.0	159	21858	137	-159.0	159	21858
138	-137.0	137	21995	138	-137.0	137	21995	138	-137.0	137	21995
139	-129.0	129	22124	139	-129.0	129	22124	139	-129.0	129	22124
140	-143.0	143	22267	140	-143.0	143	22267	140	-143.0	143	22267
141	-139.0	139	22406	141	-139.0	139	22406	141	-139.0	139	22406
142	-146.0	146	22552	142	-146.0	146	22552	142	-146.0	146	22552
143	-132.0	132	22684	143	-132.0	132	22684	143	-132.0	132	22684
144	-138.0	138	22822	144	-138.0	138	22822	144	-138.0	138	22822
145	-122.0	122	22944	145	-122.0	122	22944	145	-122.0	122	22944
146	-156.0	156	23100	146	-156.0	156	23100	146	-156.0	156	23100
147	-143.0	143	23243	147	-143.0	143	23243	147	-143.0	143	23243
148	-142.0	142	23385	148	-142.0	142	23385	148	-142.0	142	23385
149	-138.0	138	23523	149	-138.0	138	23523	149	-138.0	138	23523
150	-111.0	111	23634	150	-111.0	111	23634	150	-111.0	111	23634
151	-139.0	139	23773	151	-139.0	139	23773	151	-139.0	139	23773
152	-139.0	139	23912	152	-139.0	139	23912	152	-139.0	139	23912
153	-138.0	138	24050	153	-138.0	138	24050	153	-138.0	138	24050
154	-104.0	104	24154	154	-104.0	104	24154	154	-104.0	104	24154
155	-144.0	144	24298	155	-144.0	144	24298	155	-144.0	144	24298
156	-145.0	145	24443	156	-145.0	145	24443	156	-145.0	145	24443
157	-106.0	106	24549	157	-106.0	106	24549	157	-106.0	106	24549
158	-104.0	104	24653	158	-104.0	104	24653	158	-104.0	104	24653
159	-104.0	104	24757	159	-104.0	104	24757	159	-104.0	104	24757
160	-114.0	114	24871	160	-114.0	114	24871	160	-114.0	114	24871
161	-108.0	108	24979	161	-108.0	108	24979	161	-108.0	108	24979
162	-108.0	108	25087	162	-108.0	108	25087	162	-108.0	108	25087
163	-104.0	104	25191	163	-104.0	104	25191	163	-104.0	104	25191
164	-150.0	150	25341	164	-150.0	150	25341	164	-150.0	150	25341
165	-147.0	147	25488	165	-147.0	147	25488	165	-147.0	147	25488
166	-198.0	198	25686	166	-198.0	198	25686	166	-198.0	198	25686
167	-181.0	181	25867	167	-181.0	181	25867	167	-181.0	181	25867
168	-99.0	99	25966	168	-99.0	99	25966	168	-99.0	99	25966
169	-111.0	111	26077	169	-111.0	111	26077	169	-111.0	111	26077
170	-193.0	193	26270	170	-193.0	193	26270	170	-193.0	193	26270
171	-111.0	111	26381	171	-111.0	111	26381	171	-111.0	111	26381
172	-142.0	142	26523	172	-142.0	142	26523	172	-142.0	142	26523
173	-139.0	139	26662	173	-139.0	139	26662	173	-139.0	139	26662
174	-135.0	135	26797	174	-135.0	135	26797	174	-135.0	135	26797
175	-137.0	137	26934	175	-137.0	137	26934	175	-137.0	137	26934
176	-143.0	143	27077	176	-143.0	143	27077	176	-143.0	143	27077
177	-91.0	91	27168	177	-91.0	91	27168	177	-91.0	91	27168
178	-136.0	136	27304	178	-136.0	136	27304	178	-136.0	136	27304
179	-153.0	153	27457	179	-153.0	153	27457	179	-153.0	153	27457
180	-134.0	134	27591	180	-134.0	134	27591	180	-134.0	134	27591
181	-126.0	126	27717	181	-126.0	126	27717	181	-126.0	126	27717
182	-136.0	136	27853	182	-136.0	136	27853	182	-136.0	136	27853
183	-125.0	125	27978	183	-125.0	125	27978	183	-125.0	125	27978
184	-135.0	135	28113	184	-135.0	135	28113	184	-135.0	135	28113
185	-130.0	130	28243	185	-130.0	130	28243	185	-130.0	130	28243
186	-126.0	126	28369	186	-126.0	126	28369	186	-126.0	126	28369
187	-126.0	126	28495	187	-126.0	126	28495	187	-126.0	126	28495
188	-136.0	136	28631	188	-136.0	136	28631	188	-136.0	136	28631
189	-126.0	126	28757	189	-126.0	126	28757	189	-126.0	126	28757
190	-125.0	125	28882	190	-125.0	125	28882	190	-125.0	125	28882
191	-125.0	125	29007	191	-125.0	125	29007	191	-125.0	125	29007
192	-139.0	139	29146	192	-139.0	139	29146	192	-139.0	139	29146
193	-136.0	136	29282	193	-136.0	136	29282	193	-136.0	136	29282
194	-132.0	132	29414	194	-132.0	132	29414	194	-132.0	132	29414
195	-132.0	132	29546	195	-132.0	132	29546	195	-132.0	132	29546
196	-146.0	146	29692	196	-146.0	146	29692	196	-146.0	146	29692
197	-89.0	89	29781	197	-89.0	89	29781	197	-89.0	89	29781
198	-135.0	135	29916	198	-135.0	135	29916	198	-135.0	135	29916
199	-124.0	124	30040	199	-124.0	124	30040	199	-124.0	124	30040
200	-136.0	136	30176	200	-136.0	136	30176	200	-136.0	136	30176
201	-162.0	162	30338	201	-162.0	162	30338	201	-162.0	162	30338
202	-133.0	133	30471	202	-133.0	133	30471	202	-133.0	133	30471
203	-107.0	107	30578	203	-107.0	107	30578	203	-107.0	107	30578
204	-97.0	97	30675	204	-97.0	97	30675	204	-97.0	97	30675
205	-152.0	152	30827	205	-152.0	152	30827	205	-152.0	152	30827
206	-115.0	115	30942	206	-115.0	115	30942	206	-115.0	115	30942
207	-136.0	136	31078	207	-136.0	136	31078	207	-136.0	136	31078
208	-135.0	135	31213	208	-135.0	135	31213	208	-135.0	135	31213
209	-140.0	140	31353	209	-140.0	140	31353	209	-140.0	140	31353
210	-137.0	137	31490	210	-137.0	137	31490	210	-137.0	137	31490
211	-160.0	160	31650	211	-160.0	160	31650	211	-160.0	160	31650
212	-167.0	167	31817	212	-167.0	167	31817	212	-167.0	167	31817
213	-193.0	193	32010	213	-193.0	193	32010	213	-193.0	193	32010
214	-170.0	170	32180	214	-170.0	170	32180	214	-170.0	170	32180
215	-152.0	152	32332	215	-152.0	152	32332	215	-152.0	152	32332
216	-165.0	165	32497	216	-165.0	165	32497	216	-165.0	165	32497
217	-139.0	139	32636	217	-139.0	139	32636	217	-139.0	139	32636
218	-141.0	141	32777	218	-141.0	141	32777	218	-141.0	141	32777
219	-140.0	140	32917	219	-140.0	140	32917	219	-140.0	140	32917
220	-137.0	137	33054	220	-137.0	137	33054	220	-137.0	137	33054
221	-139.0	139	33193	221	-139.0	139	33193	221	-139.0	139	33193
222	-145.0	145	33338	222	-145.0	145	33338	222	-145.0	145	33338
223	-140.0	140	33478	223	-140.0	140	33478	223	-140.0	140	33478
224	-137.0	137	33615	224	-137.0	137	33615	224	-137.0	137	33615
225	-140.0	140	33755	225	-140.0	140	33755	225	-140.0	140	33755
226	-112.0	112	33867	226	-112.0	112	33867	226	-112.0	112	33867
227	-143.0	143	34010	227	-143.0	143	34010	227	-143.0	143	34010
228	-140.0	140	34150	228	-140.0	140	34150	228	-140.0	140	34150
229	-144.0	144	34294	229	-144.0	144	34294	229	-144.0	144	34294
230	-152.0	152	34446	230	-152.0	152	34446	230	-152.0	152	34446
231	-145.0	145	34591	231	-145.0	145	34591	231	-145.0	145	34591
232	-144.0	144	34735	232	-144.0	144	34735	232	-144.0	144	34735
233	-171.0	171	34906	233	-171.0	171	34906	233	-171.0	171	34906
234	-113.0	113	35019	234	-113.0	113	35019	234	-113.0	113	35019
235	-143.0	143	35162	235	-143.0	143	35162	235	-143.0	143	35162
236	-141.0	141	35303	236	-141.0	141	35303	236	-141.0	141	35303
237	-144.0	144	35447	237	-144.0	144	35447	237	-144.0	144	35447
238	-124.0	124	35571	238	-124.0	124	35571	238	-124.0	124	35571
239	-114.0	114	35685	239	-114.0	114	35685	239	-114.0	114	35685
240	-141.0	141	35826	240	-141.0	141	35826	240	-141.0	141	35826
241	-177.0	177	36003	241	-177.0	177	36003	241	-177.0	177	36003
242	-137.0	137	36140	242	-137.0	137	36140	242	-137.0	137	36140
243	-170.0	170	36310	243	-170.0	170	36310	243	-170.0	170	36310
244	-137.0	137	36447	244	-137.0	137	36447	244	-137.0	137	36447
245	-147.0	147	36594	245	-147.0	147	36594	245	-147.0	147	36594
246	-139.0	139	36733	246	-139.0	139	36733	246	-139.0	139	36733
247	-114.0	114	36847	247	-114.0	114	36847	247	-114.0	114	36847
248	-142.0	142	36989	248	-142.0	142	36989	248	-142.0	142	36989
249	-138.0	138	37127	249	-138.0	138	37127	249	-138.0	138	37127
250	-138.0	138	37265	250	-138.0	138	37265	250	-138.0	138	37265
251	-136.0	136	37401	251	-136.0	136	37401	251	-136.0	136	37401
252	-135.0	135	37536	252	-135.0	135	37536	252	-135.0	135	37536
253	-134.0	134	37670	253	-134.0	134	37670	253	-134.0	134	37670
254	-141.0	141	37811	254	-141.0	141	37811	254	-141.0	141	37811
255	-144.0	144	37955	255	-144.0	144	37955	255	-144.0	144	37955
256	-149.0	149	38104	256	-149.0	149	38104	256	-149.0	149	38104
257	-154.0	154	38258	257	-154.0	154	38258	257	-154.0	154	38258
258	-149.0	149	38407	258	-149.0	149	38407	258	-149.0	149	38407
259	-149.0	149	38556	259	-149.0	149	38556	259	-149.0	149	38556
260	-106.0	106	38662	260	-106.0	106	38662	260	-106.0	106	38662
261	-158.0	158	38820	261	-158.0	158	38820	261	-158.0	158	38820
262	-135.0	135	38955	262	-135.0	135	38955	262	-135.0	135	38955
263	-149.0	149	39104	263	-149.0	149	39104	263	-149.0	149	39104
264	-139.0	139	39243	264	-139.0	139	39243	264	-139.0	139	39243
265	-106.0	106	39349	265	-106.0	106	39349	265	-106.0	106	39349
266	-94.0	94	39443	266	-94.0	94	39443	266	-94.0	94	39443
267	-134.0	134	39577	267	-134.0	134	39577	267	-134.0	134	39577
268	-90.0	90	39667	268	-90.0	90	39667	268	-90.0	90	39667
269	-134.0	134	39801	269	-134.0	134	39801	269	-134.0	134	39801
270	-141.0	141	39942	270	-141.0	141	39942	270	-141.0	141	39942
271	-131.0	131	40073	271	-131.0	131	40073	271	-131.0	131	40073
272	-106.0	106	40179	272	-106.0	106	40179	272	-106.0	106	40179
273	-168.0	168	40347	273	-168.0	168	40347	273	-168.0	168	40347
274	-132.0	132	40479	274	-132.0	132	40479	274	-132.0	132	40479
275	-105.0	105	40584	275	-105.0	105	40584	275	-105.0	105	40584
276	-106.0	106	40690	276	-106.0	106	40690	276	-106.0	106	40690
277	-126.0	126	40816	277	-126.0	126	40816	277	-126.0	126	40816
278	-140.0	140	40956	278	-140.0	140	40956	278	-140.0	140	40956
279	-136.0	136	41092	279	-136.0	136	41092	279	-136.0	136	41092
280	-127.0	127	41219	280	-127.0	127	41219	280	-127.0	127	41219
281	-186.0	186	41405	281	-186.0	186	41405	281	-186.0	186	41405
282	-182.0	182	41587	282	-182.0	182	41587	282	-182.0	182	41587
283	-131.0	131	41718	283	-131.0	131	41718	283	-131.0	131	41718
284	-137.0	137	41855	284	-137.0	137	41855	284	-137.0	137	41855
285	-134.0	134	41989	285	-134.0	134	41989	285	-134.0	134	41989
286	-174.0	174	42163	286	-174.0	174	42163	286	-174.0	174	42163
287	-174.0	174	42337	287	-174.0	174	42337	287	-174.0	174	42337
288	-133.0	133	42470	288	-133.0	133	42470	288	-133.0	133	42470
289	-171.0	171	42641	289	-171.0	171	42641	289	-171.0	171	42641
290	-156.0	156	42797	290	-156.0	156	42797	290	-156.0	156	42797
291	-161.0	161	42958	291	-161.0	161	42958	291	-161.0	161	42958
292	-135.0	135	43093	292	-135.0	135	43093	292	-135.0	135	43093
293	-132.0	132	43225	293	-132.0	132	43225	293	-132.0	132	43225
294	-136.0	136	43361	294	-136.0	136	43361	294	-136.0	136	43361
295	-135.0	135	43496	295	-135.0	135	43496	295	-135.0	135	43496
296	-136.0	136	43632	296	-136.0	136	43632	296	-136.0	136	43632
297	-132.0	132	43764	297	-132.0	132	43764	297	-132.0	132	43764
298	-136.0	136	43900	298	-136.0	136	43900	298	-136.0	136	43900
299	-136.0	136	44036	299	-136.0	136	44036	299	-136.0	136	44036
