Episode	Accumulated Reward	Length	Steps	Episode	Accumulated Reward	Length	Steps	Episode	Accumulated Reward	Length	Steps	Episode	Accumulated Reward	Length	Steps	Episode	Accumulated Reward	Length	Steps
0	-500.0	500	500	0	-500.0	500	500	0	-500.0	500	500	0	-500.0	500	500	0	-500.0	500	500
1	-500.0	500	1000	1	-500.0	500	1000	1	-500.0	500	1000	1	-500.0	500	1000	1	-500.0	500	1000
2	-469.0	469	1469	2	-469.0	469	1469	2	-469.0	469	1469	2	-469.0	469	1469	2	-469.0	469	1469
3	-500.0	500	1969	3	-500.0	500	1969	3	-500.0	500	1969	3	-500.0	500	1969	3	-500.0	500	1969
4	-350.0	350	2319	4	-350.0	350	2319	4	-350.0	350	2319	4	-350.0	350	2319	4	-350.0	350	2319
5	-491.0	491	2810	5	-491.0	491	2810	5	-491.0	491	2810	5	-491.0	491	2810	5	-491.0	491	2810
6	-319.0	319	3129	6	-319.0	319	3129	6	-319.0	319	3129	6	-319.0	319	3129	6	-319.0	319	3129
7	-245.0	245	3374	7	-245.0	245	3374	7	-245.0	245	3374	7	-245.0	245	3374	7	-245.0	245	3374
8	-225.0	225	3599	8	-225.0	225	3599	8	-225.0	225	3599	8	-225.0	225	3599	8	-225.0	225	3599
9	-246.0	246	3845	9	-246.0	246	3845	9	-246.0	246	3845	9	-246.0	246	3845	9	-246.0	246	3845
10	-233.0	233	4078	10	-233.0	233	4078	10	-233.0	233	4078	10	-233.0	233	4078	10	-233.0	233	4078
11	-282.0	282	4360	11	-282.0	282	4360	11	-282.0	282	4360	11	-282.0	282	4360	11	-282.0	282	4360
12	-158.0	158	4518	12	-158.0	158	4518	12	-158.0	158	4518	12	-158.0	158	4518	12	-158.0	158	4518
13	-214.0	214	4732	13	-214.0	214	4732	13	-214.0	214	4732	13	-214.0	214	4732	13	-214.0	214	4732
14	-238.0	238	4970	14	-238.0	238	4970	14	-238.0	238	4970	14	-238.0	238	4970	14	-238.0	238	4970
15	-262.0	262	5232	15	-262.0	262	5232	15	-262.0	262	5232	15	-262.0	262	5232	15	-262.0	262	5232
16	-227.0	227	5459	16	-227.0	227	5459	16	-227.0	227	5459	16	-227.0	227	5459	16	-227.0	227	5459
17	-230.0	230	5689	17	-230.0	230	5689	17	-230.0	230	5689	17	-230.0	230	5689	17	-230.0	230	5689
18	-193.0	193	5882	18	-193.0	193	5882	18	-193.0	193	5882	18	-193.0	193	5882	18	-193.0	193	5882
19	-186.0	186	6068	19	-186.0	186	6068	19	-186.0	186	6068	19	-186.0	186	6068	19	-186.0	186	6068
20	-182.0	182	6250	20	-182.0	182	6250	20	-182.0	182	6250	20	-182.0	182	6250	20	-182.0	182	6250
21	-179.0	179	6429	21	-179.0	179	6429	21	-179.0	179	6429	21	-179.0	179	6429	21	-179.0	179	6429
22	-151.0	151	6580	22	-151.0	151	6580	22	-151.0	151	6580	22	-151.0	151	6580	22	-151.0	151	6580
23	-230.0	230	6810	23	-230.0	230	6810	23	-230.0	230	6810	23	-230.0	230	6810	23	-230.0	230	6810
24	-214.0	214	7024	24	-214.0	214	7024	24	-214.0	214	7024	24	-214.0	214	7024	24	-214.0	214	7024
25	-189.0	189	7213	25	-189.0	189	7213	25	-189.0	189	7213	25	-189.0	189	7213	25	-189.0	189	7213
26	-192.0	192	7405	26	-192.0	192	7405	26	-192.0	192	7405	26	-192.0	192	7405	26	-192.0	192	7405
27	-203.0	203	7608	27	-203.0	203	7608	27	-203.0	203	7608	27	-203.0	203	7608	27	-203.0	203	7608
28	-236.0	236	7844	28	-236.0	236	7844	28	-236.0	236	7844	28	-236.0	236	7844	28	-236.0	236	7844
29	-195.0	195	8039	29	-195.0	195	8039	29	-195.0	195	8039	29	-195.0	195	8039	29	-195.0	195	8039
30	-197.0	197	8236	30	-197.0	197	8236	30	-197.0	197	8236	30	-197.0	197	8236	30	-197.0	197	8236
31	-177.0	177	8413	31	-177.0	177	8413	31	-177.0	177	8413	31	-177.0	177	8413	31	-177.0	177	8413
32	-226.0	226	8639	32	-226.0	226	8639	32	-226.0	226	8639	32	-226.0	226	8639	32	-226.0	226	8639
33	-147.0	147	8786	33	-147.0	147	8786	33	-147.0	147	8786	33	-147.0	147	8786	33	-147.0	147	8786
34	-189.0	189	8975	34	-189.0	189	8975	34	-189.0	189	8975	34	-189.0	189	8975	34	-189.0	189	8975
35	-212.0	212	9187	35	-212.0	212	9187	35	-212.0	212	9187	35	-212.0	212	9187	35	-212.0	212	9187
36	-148.0	148	9335	36	-148.0	148	9335	36	-148.0	148	9335	36	-148.0	148	9335	36	-148.0	148	9335
37	-192.0	192	9527	37	-192.0	192	9527	37	-192.0	192	9527	37	-192.0	192	9527	37	-192.0	192	9527
38	-146.0	146	9673	38	-146.0	146	9673	38	-146.0	146	9673	38	-146.0	146	9673	38	-146.0	146	9673
39	-185.0	185	9858	39	-185.0	185	9858	39	-185.0	185	9858	39	-185.0	185	9858	39	-185.0	185	9858
40	-146.0	146	10004	40	-146.0	146	10004	40	-146.0	146	10004	40	-146.0	146	10004	40	-146.0	146	10004
41	-154.0	154	10158	41	-154.0	154	10158	41	-154.0	154	10158	41	-154.0	154	10158	41	-154.0	154	10158
42	-140.0	140	10298	42	-140.0	140	10298	42	-140.0	140	10298	42	-140.0	140	10298	42	-140.0	140	10298
43	-111.0	111	10409	43	-111.0	111	10409	43	-111.0	111	10409	43	-111.0	111	10409	43	-111.0	111	10409
44	-151.0	151	10560	44	-151.0	151	10560	44	-151.0	151	10560	44	-151.0	151	10560	44	-151.0	151	10560
45	-176.0	176	10736	45	-176.0	176	10736	45	-176.0	176	10736	45	-176.0	176	10736	45	-176.0	176	10736
46	-146.0	146	10882	46	-146.0	146	10882	46	-146.0	146	10882	46	-146.0	146	10882	46	-146.0	146	10882
47	-169.0	169	11051	47	-169.0	169	11051	47	-169.0	169	11051	47	-169.0	169	11051	47	-169.0	169	11051
48	-144.0	144	11195	48	-144.0	144	11195	48	-144.0	144	11195	48	-144.0	144	11195	48	-144.0	144	11195
49	-141.0	141	11336	49	-141.0	141	11336	49	-141.0	141	11336	49	-141.0	141	11336	49	-141.0	141	11336
50	-144.0	144	11480	50	-144.0	144	11480	50	-144.0	144	11480	50	-144.0	144	11480	50	-144.0	144	11480
51	-146.0	146	11626	51	-146.0	146	11626	51	-146.0	146	11626	51	-146.0	146	11626	51	-146.0	146	11626
52	-129.0	129	11755	52	-129.0	129	11755	52	-129.0	129	11755	52	-129.0	129	11755	52	-129.0	129	11755
53	-176.0	176	11931	53	-176.0	176	11931	53	-176.0	176	11931	53	-176.0	176	11931	53	-176.0	176	11931
54	-188.0	188	12119	54	-188.0	188	12119	54	-188.0	188	12119	54	-188.0	188	12119	54	-188.0	188	12119
55	-143.0	143	12262	55	-143.0	143	12262	55	-143.0	143	12262	55	-143.0	143	12262	55	-143.0	143	12262
56	-143.0	143	12405	56	-143.0	143	12405	56	-143.0	143	12405	56	-143.0	143	12405	56	-143.0	143	12405
57	-114.0	114	12519	57	-114.0	114	12519	57	-114.0	114	12519	57	-114.0	114	12519	57	-114.0	114	12519
58	-188.0	188	12707	58	-188.0	188	12707	58	-188.0	188	12707	58	-188.0	188	12707	58	-188.0	188	12707
59	-175.0	175	12882	59	-175.0	175	12882	59	-175.0	175	12882	59	-175.0	175	12882	59	-175.0	175	12882
60	-207.0	207	13089	60	-207.0	207	13089	60	-207.0	207	13089	60	-207.0	207	13089	60	-207.0	207	13089
61	-243.0	243	13332	61	-243.0	243	13332	61	-243.0	243	13332	61	-243.0	243	13332	61	-243.0	243	13332
62	-156.0	156	13488	62	-156.0	156	13488	62	-156.0	156	13488	62	-156.0	156	13488	62	-156.0	156	13488
63	-114.0	114	13602	63	-114.0	114	13602	63	-114.0	114	13602	63	-114.0	114	13602	63	-114.0	114	13602
64	-155.0	155	13757	64	-155.0	155	13757	64	-155.0	155	13757	64	-155.0	155	13757	64	-155.0	155	13757
65	-154.0	154	13911	65	-154.0	154	13911	65	-154.0	154	13911	65	-154.0	154	13911	65	-154.0	154	13911
66	-146.0	146	14057	66	-146.0	146	14057	66	-146.0	146	14057	66	-146.0	146	14057	66	-146.0	146	14057
67	-145.0	145	14202	67	-145.0	145	14202	67	-145.0	145	14202	67	-145.0	145	14202	67	-145.0	145	14202
68	-147.0	147	14349	68	-147.0	147	14349	68	-147.0	147	14349	68	-147.0	147	14349	68	-147.0	147	14349
69	-140.0	140	14489	69	-140.0	140	14489	69	-140.0	140	14489	69	-140.0	140	14489	69	-140.0	140	14489
70	-135.0	135	14624	70	-135.0	135	14624	70	-135.0	135	14624	70	-135.0	135	14624	70	-135.0	135	14624
71	-141.0	141	14765	71	-141.0	141	14765	71	-141.0	141	14765	71	-141.0	141	14765	71	-141.0	141	14765
72	-147.0	147	14912	72	-147.0	147	14912	72	-147.0	147	14912	72	-147.0	147	14912	72	-147.0	147	14912
73	-132.0	132	15044	73	-132.0	132	15044	73	-132.0	132	15044	73	-132.0	132	15044	73	-132.0	132	15044
74	-146.0	146	15190	74	-146.0	146	15190	74	-146.0	146	15190	74	-146.0	146	15190	74	-146.0	146	15190
75	-142.0	142	15332	75	-142.0	142	15332	75	-142.0	142	15332	75	-142.0	142	15332	75	-142.0	142	15332
76	-147.0	147	15479	76	-147.0	147	15479	76	-147.0	147	15479	76	-147.0	147	15479	76	-147.0	147	15479
77	-117.0	117	15596	77	-117.0	117	15596	77	-117.0	117	15596	77	-117.0	117	15596	77	-117.0	117	15596
78	-139.0	139	15735	78	-139.0	139	15735	78	-139.0	139	15735	78	-139.0	139	15735	78	-139.0	139	15735
79	-140.0	140	15875	79	-140.0	140	15875	79	-140.0	140	15875	79	-140.0	140	15875	79	-140.0	140	15875
80	-110.0	110	15985	80	-110.0	110	15985	80	-110.0	110	15985	80	-110.0	110	15985	80	-110.0	110	15985
81	-137.0	137	16122	81	-137.0	137	16122	81	-137.0	137	16122	81	-137.0	137	16122	81	-137.0	137	16122
82	-136.0	136	16258	82	-136.0	136	16258	82	-136.0	136	16258	82	-136.0	136	16258	82	-136.0	136	16258
83	-108.0	108	16366	83	-108.0	108	16366	83	-108.0	108	16366	83	-108.0	108	16366	83	-108.0	108	16366
84	-148.0	148	16514	84	-148.0	148	16514	84	-148.0	148	16514	84	-148.0	148	16514	84	-148.0	148	16514
85	-122.0	122	16636	85	-122.0	122	16636	85	-122.0	122	16636	85	-122.0	122	16636	85	-122.0	122	16636
86	-111.0	111	16747	86	-111.0	111	16747	86	-111.0	111	16747	86	-111.0	111	16747	86	-111.0	111	16747
87	-111.0	111	16858	87	-111.0	111	16858	87	-111.0	111	16858	87	-111.0	111	16858	87	-111.0	111	16858
88	-110.0	110	16968	88	-110.0	110	16968	88	-110.0	110	16968	88	-110.0	110	16968	88	-110.0	110	16968
89	-158.0	158	17126	89	-158.0	158	17126	89	-158.0	158	17126	89	-158.0	158	17126	89	-158.0	158	17126
90	-108.0	108	17234	90	-108.0	108	17234	90	-108.0	108	17234	90	-108.0	108	17234	90	-108.0	108	17234
91	-108.0	108	17342	91	-108.0	108	17342	91	-108.0	108	17342	91	-108.0	108	17342	91	-108.0	108	17342
92	-183.0	183	17525	92	-183.0	183	17525	92	-183.0	183	17525	92	-183.0	183	17525	92	-183.0	183	17525
93	-157.0	157	17682	93	-157.0	157	17682	93	-157.0	157	17682	93	-157.0	157	17682	93	-157.0	157	17682
94	-109.0	109	17791	94	-109.0	109	17791	94	-109.0	109	17791	94	-109.0	109	17791	94	-109.0	109	17791
95	-108.0	108	17899	95	-108.0	108	17899	95	-108.0	108	17899	95	-108.0	108	17899	95	-108.0	108	17899
96	-108.0	108	18007	96	-108.0	108	18007	96	-108.0	108	18007	96	-108.0	108	18007	96	-108.0	108	18007
97	-109.0	109	18116	97	-109.0	109	18116	97	-109.0	109	18116	97	-109.0	109	18116	97	-109.0	109	18116
98	-143.0	143	18259	98	-143.0	143	18259	98	-143.0	143	18259	98	-143.0	143	18259	98	-143.0	143	18259
99	-143.0	143	18402	99	-143.0	143	18402	99	-143.0	143	18402	99	-143.0	143	18402	99	-143.0	143	18402
100	-143.0	143	18545	100	-143.0	143	18545	100	-143.0	143	18545	100	-143.0	143	18545	100	-143.0	143	18545
101	-118.0	118	18663	101	-118.0	118	18663	101	-118.0	118	18663	101	-118.0	118	18663	101	-118.0	118	18663
102	-108.0	108	18771	102	-108.0	108	18771	102	-108.0	108	18771	102	-108.0	108	18771	102	-108.0	108	18771
103	-136.0	136	18907	103	-136.0	136	18907	103	-136.0	136	18907	103	-136.0	136	18907	103	-136.0	136	18907
104	-172.0	172	19079	104	-172.0	172	19079	104	-172.0	172	19079	104	-172.0	172	19079	104	-172.0	172	19079
105	-138.0	138	19217	105	-138.0	138	19217	105	-138.0	138	19217	105	-138.0	138	19217	105	-138.0	138	19217
106	-137.0	137	19354	106	-137.0	137	19354	106	-137.0	137	19354	106	-137.0	137	19354	106	-137.0	137	19354
107	-109.0	109	19463	107	-109.0	109	19463	107	-109.0	109	19463	107	-109.0	109	19463	107	-109.0	109	19463
108	-109.0	109	19572	108	-109.0	109	19572	108	-109.0	109	19572	108	-109.0	109	19572	108	-109.0	109	19572
109	-120.0	120	19692	109	-120.0	120	19692	109	-120.0	120	19692	109	-120.0	120	19692	109	-120.0	120	19692
110	-185.0	185	19877	110	-185.0	185	19877	110	-185.0	185	19877	110	-185.0	185	19877	110	-185.0	185	19877
111	-133.0	133	20010	111	-133.0	133	20010	111	-133.0	133	20010	111	-133.0	133	20010	111	-133.0	133	20010
112	-107.0	107	20117	112	-107.0	107	20117	112	-107.0	107	20117	112	-107.0	107	20117	112	-107.0	107	20117
113	-136.0	136	20253	113	-136.0	136	20253	113	-136.0	136	20253	113	-136.0	136	20253	113	-136.0	136	20253
114	-134.0	134	20387	114	-134.0	134	20387	114	-134.0	134	20387	114	-134.0	134	20387	114	-134.0	134	20387
115	-106.0	106	20493	115	-106.0	106	20493	115	-106.0	106	20493	115	-106.0	106	20493	115	-106.0	106	20493
116	-143.0	143	20636	116	-143.0	143	20636	116	-143.0	143	20636	116	-143.0	143	20636	116	-143.0	143	20636
117	-136.0	136	20772	117	-136.0	136	20772	117	-136.0	136	20772	117	-136.0	136	20772	117	-136.0	136	20772
118	-136.0	136	20908	118	-136.0	136	20908	118	-136.0	136	20908	118	-136.0	136	20908	118	-136.0	136	20908
119	-156.0	156	21064	119	-156.0	156	21064	119	-156.0	156	21064	119	-156.0	156	21064	119	-156.0	156	21064
120	-156.0	156	21220	120	-156.0	156	21220	120	-156.0	156	21220	120	-156.0	156	21220	120	-156.0	156	21220
121	-147.0	147	21367	121	-147.0	147	21367	121	-147.0	147	21367	121	-147.0	147	21367	121	-147.0	147	21367
122	-143.0	143	21510	122	-143.0	143	21510	122	-143.0	143	21510	122	-143.0	143	21510	122	-143.0	143	21510
123	-133.0	133	21643	123	-133.0	133	21643	123	-133.0	133	21643	123	-133.0	133	21643	123	-133.0	133	21643
124	-138.0	138	21781	124	-138.0	138	21781	124	-138.0	138	21781	124	-138.0	138	21781	124	-138.0	138	21781
125	-109.0	109	21890	125	-109.0	109	21890	125	-109.0	109	21890	125	-109.0	109	21890	125	-109.0	109	21890
126	-133.0	133	22023	126	-133.0	133	22023	126	-133.0	133	22023	126	-133.0	133	22023	126	-133.0	133	22023
127	-120.0	120	22143	127	-120.0	120	22143	127	-120.0	120	22143	127	-120.0	120	22143	127	-120.0	120	22143
128	-107.0	107	22250	128	-107.0	107	22250	128	-107.0	107	22250	128	-107.0	107	22250	128	-107.0	107	22250
129	-105.0	105	22355	129	-105.0	105	22355	129	-105.0	105	22355	129	-105.0	105	22355	129	-105.0	105	22355
130	-107.0	107	22462	130	-107.0	107	22462	130	-107.0	107	22462	130	-107.0	107	22462	130	-107.0	107	22462
131	-107.0	107	22569	131	-107.0	107	22569	131	-107.0	107	22569	131	-107.0	107	22569	131	-107.0	107	22569
132	-106.0	106	22675	132	-106.0	106	22675	132	-106.0	106	22675	132	-106.0	106	22675	132	-106.0	106	22675
133	-179.0	179	22854	133	-179.0	179	22854	133	-179.0	179	22854	133	-179.0	179	22854	133	-179.0	179	22854
134	-141.0	141	22995	134	-141.0	141	22995	134	-141.0	141	22995	134	-141.0	141	22995	134	-141.0	141	22995
135	-107.0	107	23102	135	-107.0	107	23102	135	-107.0	107	23102	135	-107.0	107	23102	135	-107.0	107	23102
136	-109.0	109	23211	136	-109.0	109	23211	136	-109.0	109	23211	136	-109.0	109	23211	136	-109.0	109	23211
137	-113.0	113	23324	137	-113.0	113	23324	137	-113.0	113	23324	137	-113.0	113	23324	137	-113.0	113	23324
138	-144.0	144	23468	138	-144.0	144	23468	138	-144.0	144	23468	138	-144.0	144	23468	138	-144.0	144	23468
139	-108.0	108	23576	139	-108.0	108	23576	139	-108.0	108	23576	139	-108.0	108	23576	139	-108.0	108	23576
140	-142.0	142	23718	140	-142.0	142	23718	140	-142.0	142	23718	140	-142.0	142	23718	140	-142.0	142	23718
141	-137.0	137	23855	141	-137.0	137	23855	141	-137.0	137	23855	141	-137.0	137	23855	141	-137.0	137	23855
142	-182.0	182	24037	142	-182.0	182	24037	142	-182.0	182	24037	142	-182.0	182	24037	142	-182.0	182	24037
143	-112.0	112	24149	143	-112.0	112	24149	143	-112.0	112	24149	143	-112.0	112	24149	143	-112.0	112	24149
144	-137.0	137	24286	144	-137.0	137	24286	144	-137.0	137	24286	144	-137.0	137	24286	144	-137.0	137	24286
145	-135.0	135	24421	145	-135.0	135	24421	145	-135.0	135	24421	145	-135.0	135	24421	145	-135.0	135	24421
146	-112.0	112	24533	146	-112.0	112	24533	146	-112.0	112	24533	146	-112.0	112	24533	146	-112.0	112	24533
147	-142.0	142	24675	147	-142.0	142	24675	147	-142.0	142	24675	147	-142.0	142	24675	147	-142.0	142	24675
148	-200.0	200	24875	148	-200.0	200	24875	148	-200.0	200	24875	148	-200.0	200	24875	148	-200.0	200	24875
149	-138.0	138	25013	149	-138.0	138	25013	149	-138.0	138	25013	149	-138.0	138	25013	149	-138.0	138	25013
150	-109.0	109	25122	150	-109.0	109	25122	150	-109.0	109	25122	150	-109.0	109	25122	150	-109.0	109	25122
151	-136.0	136	25258	151	-136.0	136	25258	151	-136.0	136	25258	151	-136.0	136	25258	151	-136.0	136	25258
152	-137.0	137	25395	152	-137.0	137	25395	152	-137.0	137	25395	152	-137.0	137	25395	152	-137.0	137	25395
153	-114.0	114	25509	153	-114.0	114	25509	153	-114.0	114	25509	153	-114.0	114	25509	153	-114.0	114	25509
154	-135.0	135	25644	154	-135.0	135	25644	154	-135.0	135	25644	154	-135.0	135	25644	154	-135.0	135	25644
155	-111.0	111	25755	155	-111.0	111	25755	155	-111.0	111	25755	155	-111.0	111	25755	155	-111.0	111	25755
156	-139.0	139	25894	156	-139.0	139	25894	156	-139.0	139	25894	156	-139.0	139	25894	156	-139.0	139	25894
157	-138.0	138	26032	157	-138.0	138	26032	157	-138.0	138	26032	157	-138.0	138	26032	157	-138.0	138	26032
158	-147.0	147	26179	158	-147.0	147	26179	158	-147.0	147	26179	158	-147.0	147	26179	158	-147.0	147	26179
159	-184.0	184	26363	159	-184.0	184	26363	159	-184.0	184	26363	159	-184.0	184	26363	159	-184.0	184	26363
160	-159.0	159	26522	160	-159.0	159	26522	160	-159.0	159	26522	160	-159.0	159	26522	160	-159.0	159	26522
161	-155.0	155	26677	161	-155.0	155	26677	161	-155.0	155	26677	161	-155.0	155	26677	161	-155.0	155	26677
162	-139.0	139	26816	162	-139.0	139	26816	162	-139.0	139	26816	162	-139.0	139	26816	162	-139.0	139	26816
163	-140.0	140	26956	163	-140.0	140	26956	163	-140.0	140	26956	163	-140.0	140	26956	163	-140.0	140	26956
164	-141.0	141	27097	164	-141.0	141	27097	164	-141.0	141	27097	164	-141.0	141	27097	164	-141.0	141	27097
165	-142.0	142	27239	165	-142.0	142	27239	165	-142.0	142	27239	165	-142.0	142	27239	165	-142.0	142	27239
166	-179.0	179	27418	166	-179.0	179	27418	166	-179.0	179	27418	166	-179.0	179	27418	166	-179.0	179	27418
167	-140.0	140	27558	167	-140.0	140	27558	167	-140.0	140	27558	167	-140.0	140	27558	167	-140.0	140	27558
168	-138.0	138	27696	168	-138.0	138	27696	168	-138.0	138	27696	168	-138.0	138	27696	168	-138.0	138	27696
169	-140.0	140	27836	169	-140.0	140	27836	169	-140.0	140	27836	169	-140.0	140	27836	169	-140.0	140	27836
170	-166.0	166	28002	170	-166.0	166	28002	170	-166.0	166	28002	170	-166.0	166	28002	170	-166.0	166	28002
171	-175.0	175	28177	171	-175.0	175	28177	171	-175.0	175	28177	171	-175.0	175	28177	171	-175.0	175	28177
172	-144.0	144	28321	172	-144.0	144	28321	172	-144.0	144	28321	172	-144.0	144	28321	172	-144.0	144	28321
173	-175.0	175	28496	173	-175.0	175	28496	173	-175.0	175	28496	173	-175.0	175	28496	173	-175.0	175	28496
174	-187.0	187	28683	174	-187.0	187	28683	174	-187.0	187	28683	174	-187.0	187	28683	174	-187.0	187	28683
175	-150.0	150	28833	175	-150.0	150	28833	175	-150.0	150	28833	175	-150.0	150	28833	175	-150.0	150	28833
176	-144.0	144	28977	176	-144.0	144	28977	176	-144.0	144	28977	176	-144.0	144	28977	176	-144.0	144	28977
177	-194.0	194	29171	177	-194.0	194	29171	177	-194.0	194	29171	177	-194.0	194	29171	177	-194.0	194	29171
178	-172.0	172	29343	178	-172.0	172	29343	178	-172.0	172	29343	178	-172.0	172	29343	178	-172.0	172	29343
179	-111.0	111	29454	179	-111.0	111	29454	179	-111.0	111	29454	179	-111.0	111	29454	179	-111.0	111	29454
180	-107.0	107	29561	180	-107.0	107	29561	180	-107.0	107	29561	180	-107.0	107	29561	180	-107.0	107	29561
181	-147.0	147	29708	181	-147.0	147	29708	181	-147.0	147	29708	181	-147.0	147	29708	181	-147.0	147	29708
182	-108.0	108	29816	182	-108.0	108	29816	182	-108.0	108	29816	182	-108.0	108	29816	182	-108.0	108	29816
183	-159.0	159	29975	183	-159.0	159	29975	183	-159.0	159	29975	183	-159.0	159	29975	183	-159.0	159	29975
184	-148.0	148	30123	184	-148.0	148	30123	184	-148.0	148	30123	184	-148.0	148	30123	184	-148.0	148	30123
185	-146.0	146	30269	185	-146.0	146	30269	185	-146.0	146	30269	185	-146.0	146	30269	185	-146.0	146	30269
186	-137.0	137	30406	186	-137.0	137	30406	186	-137.0	137	30406	186	-137.0	137	30406	186	-137.0	137	30406
187	-137.0	137	30543	187	-137.0	137	30543	187	-137.0	137	30543	187	-137.0	137	30543	187	-137.0	137	30543
188	-202.0	202	30745	188	-202.0	202	30745	188	-202.0	202	30745	188	-202.0	202	30745	188	-202.0	202	30745
189	-136.0	136	30881	189	-136.0	136	30881	189	-136.0	136	30881	189	-136.0	136	30881	189	-136.0	136	30881
190	-130.0	130	31011	190	-130.0	130	31011	190	-130.0	130	31011	190	-130.0	130	31011	190	-130.0	130	31011
191	-106.0	106	31117	191	-106.0	106	31117	191	-106.0	106	31117	191	-106.0	106	31117	191	-106.0	106	31117
192	-139.0	139	31256	192	-139.0	139	31256	192	-139.0	139	31256	192	-139.0	139	31256	192	-139.0	139	31256
193	-159.0	159	31415	193	-159.0	159	31415	193	-159.0	159	31415	193	-159.0	159	31415	193	-159.0	159	31415
194	-138.0	138	31553	194	-138.0	138	31553	194	-138.0	138	31553	194	-138.0	138	31553	194	-138.0	138	31553
195	-133.0	133	31686	195	-133.0	133	31686	195	-133.0	133	31686	195	-133.0	133	31686	195	-133.0	133	31686
196	-137.0	137	31823	196	-137.0	137	31823	196	-137.0	137	31823	196	-137.0	137	31823	196	-137.0	137	31823
197	-139.0	139	31962	197	-139.0	139	31962	197	-139.0	139	31962	197	-139.0	139	31962	197	-139.0	139	31962
198	-134.0	134	32096	198	-134.0	134	32096	198	-134.0	134	32096	198	-134.0	134	32096	198	-134.0	134	32096
199	-141.0	141	32237	199	-141.0	141	32237	199	-141.0	141	32237	199	-141.0	141	32237	199	-141.0	141	32237
200	-132.0	132	32369	200	-132.0	132	32369	200	-132.0	132	32369	200	-132.0	132	32369	200	-132.0	132	32369
201	-134.0	134	32503	201	-134.0	134	32503	201	-134.0	134	32503	201	-134.0	134	32503	201	-134.0	134	32503
202	-123.0	123	32626	202	-123.0	123	32626	202	-123.0	123	32626	202	-123.0	123	32626	202	-123.0	123	32626
203	-127.0	127	32753	203	-127.0	127	32753	203	-127.0	127	32753	203	-127.0	127	32753	203	-127.0	127	32753
204	-127.0	127	32880	204	-127.0	127	32880	204	-127.0	127	32880	204	-127.0	127	32880	204	-127.0	127	32880
205	-127.0	127	33007	205	-127.0	127	33007	205	-127.0	127	33007	205	-127.0	127	33007	205	-127.0	127	33007
206	-188.0	188	33195	206	-188.0	188	33195	206	-188.0	188	33195	206	-188.0	188	33195	206	-188.0	188	33195
207	-148.0	148	33343	207	-148.0	148	33343	207	-148.0	148	33343	207	-148.0	148	33343	207	-148.0	148	33343
208	-138.0	138	33481	208	-138.0	138	33481	208	-138.0	138	33481	208	-138.0	138	33481	208	-138.0	138	33481
209	-106.0	106	33587	209	-106.0	106	33587	209	-106.0	106	33587	209	-106.0	106	33587	209	-106.0	106	33587
210	-109.0	109	33696	210	-109.0	109	33696	210	-109.0	109	33696	210	-109.0	109	33696	210	-109.0	109	33696
211	-140.0	140	33836	211	-140.0	140	33836	211	-140.0	140	33836	211	-140.0	140	33836	211	-140.0	140	33836
212	-138.0	138	33974	212	-138.0	138	33974	212	-138.0	138	33974	212	-138.0	138	33974	212	-138.0	138	33974
213	-137.0	137	34111	213	-137.0	137	34111	213	-137.0	137	34111	213	-137.0	137	34111	213	-137.0	137	34111
214	-157.0	157	34268	214	-157.0	157	34268	214	-157.0	157	34268	214	-157.0	157	34268	214	-157.0	157	34268
215	-188.0	188	34456	215	-188.0	188	34456	215	-188.0	188	34456	215	-188.0	188	34456	215	-188.0	188	34456
216	-162.0	162	34618	216	-162.0	162	34618	216	-162.0	162	34618	216	-162.0	162	34618	216	-162.0	162	34618
217	-139.0	139	34757	217	-139.0	139	34757	217	-139.0	139	34757	217	-139.0	139	34757	217	-139.0	139	34757
218	-139.0	139	34896	218	-139.0	139	34896	218	-139.0	139	34896	218	-139.0	139	34896	218	-139.0	139	34896
219	-133.0	133	35029	219	-133.0	133	35029	219	-133.0	133	35029	219	-133.0	133	35029	219	-133.0	133	35029
220	-212.0	212	35241	220	-212.0	212	35241	220	-212.0	212	35241	220	-212.0	212	35241	220	-212.0	212	35241
221	-138.0	138	35379	221	-138.0	138	35379	221	-138.0	138	35379	221	-138.0	138	35379	221	-138.0	138	35379
222	-107.0	107	35486	222	-107.0	107	35486	222	-107.0	107	35486	222	-107.0	107	35486	222	-107.0	107	35486
223	-113.0	113	35599	223	-113.0	113	35599	223	-113.0	113	35599	223	-113.0	113	35599	223	-113.0	113	35599
224	-141.0	141	35740	224	-141.0	141	35740	224	-141.0	141	35740	224	-141.0	141	35740	224	-141.0	141	35740
225	-169.0	169	35909	225	-169.0	169	35909	225	-169.0	169	35909	225	-169.0	169	35909	225	-169.0	169	35909
226	-140.0	140	36049	226	-140.0	140	36049	226	-140.0	140	36049	226	-140.0	140	36049	226	-140.0	140	36049
227	-139.0	139	36188	227	-139.0	139	36188	227	-139.0	139	36188	227	-139.0	139	36188	227	-139.0	139	36188
228	-112.0	112	36300	228	-112.0	112	36300	228	-112.0	112	36300	228	-112.0	112	36300	228	-112.0	112	36300
229	-134.0	134	36434	229	-134.0	134	36434	229	-134.0	134	36434	229	-134.0	134	36434	229	-134.0	134	36434
230	-133.0	133	36567	230	-133.0	133	36567	230	-133.0	133	36567	230	-133.0	133	36567	230	-133.0	133	36567
231	-175.0	175	36742	231	-175.0	175	36742	231	-175.0	175	36742	231	-175.0	175	36742	231	-175.0	175	36742
232	-135.0	135	36877	232	-135.0	135	36877	232	-135.0	135	36877	232	-135.0	135	36877	232	-135.0	135	36877
233	-110.0	110	36987	233	-110.0	110	36987	233	-110.0	110	36987	233	-110.0	110	36987	233	-110.0	110	36987
234	-133.0	133	37120	234	-133.0	133	37120	234	-133.0	133	37120	234	-133.0	133	37120	234	-133.0	133	37120
235	-164.0	164	37284	235	-164.0	164	37284	235	-164.0	164	37284	235	-164.0	164	37284	235	-164.0	164	37284
236	-188.0	188	37472	236	-188.0	188	37472	236	-188.0	188	37472	236	-188.0	188	37472	236	-188.0	188	37472
237	-180.0	180	37652	237	-180.0	180	37652	237	-180.0	180	37652	237	-180.0	180	37652	237	-180.0	180	37652
238	-206.0	206	37858	238	-206.0	206	37858	238	-206.0	206	37858	238	-206.0	206	37858	238	-206.0	206	37858
239	-135.0	135	37993	239	-135.0	135	37993	239	-135.0	135	37993	239	-135.0	135	37993	239	-135.0	135	37993
240	-174.0	174	38167	240	-174.0	174	38167	240	-174.0	174	38167	240	-174.0	174	38167	240	-174.0	174	38167
241	-175.0	175	38342	241	-175.0	175	38342	241	-175.0	175	38342	241	-175.0	175	38342	241	-175.0	175	38342
242	-136.0	136	38478	242	-136.0	136	38478	242	-136.0	136	38478	242	-136.0	136	38478	242	-136.0	136	38478
243	-121.0	121	38599	243	-121.0	121	38599	243	-121.0	121	38599	243	-121.0	121	38599	243	-121.0	121	38599
244	-179.0	179	38778	244	-179.0	179	38778	244	-179.0	179	38778	244	-179.0	179	38778	244	-179.0	179	38778
245	-173.0	173	38951	245	-173.0	173	38951	245	-173.0	173	38951	245	-173.0	173	38951	245	-173.0	173	38951
246	-157.0	157	39108	246	-157.0	157	39108	246	-157.0	157	39108	246	-157.0	157	39108	246	-157.0	157	39108
247	-157.0	157	39265	247	-157.0	157	39265	247	-157.0	157	39265	247	-157.0	157	39265	247	-157.0	157	39265
248	-175.0	175	39440	248	-175.0	175	39440	248	-175.0	175	39440	248	-175.0	175	39440	248	-175.0	175	39440
249	-178.0	178	39618	249	-178.0	178	39618	249	-178.0	178	39618	249	-178.0	178	39618	249	-178.0	178	39618
250	-160.0	160	39778	250	-160.0	160	39778	250	-160.0	160	39778	250	-160.0	160	39778	250	-160.0	160	39778
251	-170.0	170	39948	251	-170.0	170	39948	251	-170.0	170	39948	251	-170.0	170	39948	251	-170.0	170	39948
252	-197.0	197	40145	252	-197.0	197	40145	252	-197.0	197	40145	252	-197.0	197	40145	252	-197.0	197	40145
253	-139.0	139	40284	253	-139.0	139	40284	253	-139.0	139	40284	253	-139.0	139	40284	253	-139.0	139	40284
254	-139.0	139	40423	254	-139.0	139	40423	254	-139.0	139	40423	254	-139.0	139	40423	254	-139.0	139	40423
255	-146.0	146	40569	255	-146.0	146	40569	255	-146.0	146	40569	255	-146.0	146	40569	255	-146.0	146	40569
256	-134.0	134	40703	256	-134.0	134	40703	256	-134.0	134	40703	256	-134.0	134	40703	256	-134.0	134	40703
257	-134.0	134	40837	257	-134.0	134	40837	257	-134.0	134	40837	257	-134.0	134	40837	257	-134.0	134	40837
258	-133.0	133	40970	258	-133.0	133	40970	258	-133.0	133	40970	258	-133.0	133	40970	258	-133.0	133	40970
259	-137.0	137	41107	259	-137.0	137	41107	259	-137.0	137	41107	259	-137.0	137	41107	259	-137.0	137	41107
260	-134.0	134	41241	260	-134.0	134	41241	260	-134.0	134	41241	260	-134.0	134	41241	260	-134.0	134	41241
261	-112.0	112	41353	261	-112.0	112	41353	261	-112.0	112	41353	261	-112.0	112	41353	261	-112.0	112	41353
262	-112.0	112	41465	262	-112.0	112	41465	262	-112.0	112	41465	262	-112.0	112	41465	262	-112.0	112	41465
263	-111.0	111	41576	263	-111.0	111	41576	263	-111.0	111	41576	263	-111.0	111	41576	263	-111.0	111	41576
264	-162.0	162	41738	264	-162.0	162	41738	264	-162.0	162	41738	264	-162.0	162	41738	264	-162.0	162	41738
265	-164.0	164	41902	265	-164.0	164	41902	265	-164.0	164	41902	265	-164.0	164	41902	265	-164.0	164	41902
266	-169.0	169	42071	266	-169.0	169	42071	266	-169.0	169	42071	266	-169.0	169	42071	266	-169.0	169	42071
267	-117.0	117	42188	267	-117.0	117	42188	267	-117.0	117	42188	267	-117.0	117	42188	267	-117.0	117	42188
268	-134.0	134	42322	268	-134.0	134	42322	268	-134.0	134	42322	268	-134.0	134	42322	268	-134.0	134	42322
269	-135.0	135	42457	269	-135.0	135	42457	269	-135.0	135	42457	269	-135.0	135	42457	269	-135.0	135	42457
270	-196.0	196	42653	270	-196.0	196	42653	270	-196.0	196	42653	270	-196.0	196	42653	270	-196.0	196	42653
271	-148.0	148	42801	271	-148.0	148	42801	271	-148.0	148	42801	271	-148.0	148	42801	271	-148.0	148	42801
272	-117.0	117	42918	272	-117.0	117	42918	272	-117.0	117	42918	272	-117.0	117	42918	272	-117.0	117	42918
273	-151.0	151	43069	273	-151.0	151	43069	273	-151.0	151	43069	273	-151.0	151	43069	273	-151.0	151	43069
274	-166.0	166	43235	274	-166.0	166	43235	274	-166.0	166	43235	274	-166.0	166	43235	274	-166.0	166	43235
275	-161.0	161	43396	275	-161.0	161	43396	275	-161.0	161	43396	275	-161.0	161	43396	275	-161.0	161	43396
276	-147.0	147	43543	276	-147.0	147	43543	276	-147.0	147	43543	276	-147.0	147	43543	276	-147.0	147	43543
277	-137.0	137	43680	277	-137.0	137	43680	277	-137.0	137	43680	277	-137.0	137	43680	277	-137.0	137	43680
278	-140.0	140	43820	278	-140.0	140	43820	278	-140.0	140	43820	278	-140.0	140	43820	278	-140.0	140	43820
279	-128.0	128	43948	279	-128.0	128	43948	279	-128.0	128	43948	279	-128.0	128	43948	279	-128.0	128	43948
280	-140.0	140	44088	280	-140.0	140	44088	280	-140.0	140	44088	280	-140.0	140	44088	280	-140.0	140	44088
281	-110.0	110	44198	281	-110.0	110	44198	281	-110.0	110	44198	281	-110.0	110	44198	281	-110.0	110	44198
282	-136.0	136	44334	282	-136.0	136	44334	282	-136.0	136	44334	282	-136.0	136	44334	282	-136.0	136	44334
283	-166.0	166	44500	283	-166.0	166	44500	283	-166.0	166	44500	283	-166.0	166	44500	283	-166.0	166	44500
284	-135.0	135	44635	284	-135.0	135	44635	284	-135.0	135	44635	284	-135.0	135	44635	284	-135.0	135	44635
285	-136.0	136	44771	285	-136.0	136	44771	285	-136.0	136	44771	285	-136.0	136	44771	285	-136.0	136	44771
286	-132.0	132	44903	286	-132.0	132	44903	286	-132.0	132	44903	286	-132.0	132	44903	286	-132.0	132	44903
287	-136.0	136	45039	287	-136.0	136	45039	287	-136.0	136	45039	287	-136.0	136	45039	287	-136.0	136	45039
288	-137.0	137	45176	288	-137.0	137	45176	288	-137.0	137	45176	288	-137.0	137	45176	288	-137.0	137	45176
289	-137.0	137	45313	289	-137.0	137	45313	289	-137.0	137	45313	289	-137.0	137	45313	289	-137.0	137	45313
290	-110.0	110	45423	290	-110.0	110	45423	290	-110.0	110	45423	290	-110.0	110	45423	290	-110.0	110	45423
291	-137.0	137	45560	291	-137.0	137	45560	291	-137.0	137	45560	291	-137.0	137	45560	291	-137.0	137	45560
292	-130.0	130	45690	292	-130.0	130	45690	292	-130.0	130	45690	292	-130.0	130	45690	292	-130.0	130	45690
293	-133.0	133	45823	293	-133.0	133	45823	293	-133.0	133	45823	293	-133.0	133	45823	293	-133.0	133	45823
294	-136.0	136	45959	294	-136.0	136	45959	294	-136.0	136	45959	294	-136.0	136	45959	294	-136.0	136	45959
295	-154.0	154	46113	295	-154.0	154	46113	295	-154.0	154	46113	295	-154.0	154	46113	295	-154.0	154	46113
296	-127.0	127	46240	296	-127.0	127	46240	296	-127.0	127	46240	296	-127.0	127	46240	296	-127.0	127	46240
297	-137.0	137	46377	297	-137.0	137	46377	297	-137.0	137	46377	297	-137.0	137	46377	297	-137.0	137	46377
298	-136.0	136	46513	298	-136.0	136	46513	298	-136.0	136	46513	298	-136.0	136	46513	298	-136.0	136	46513
299	-131.0	131	46644	299	-131.0	131	46644	299	-131.0	131	46644	299	-131.0	131	46644	299	-131.0	131	46644
