Episode	Accumulated Reward	Length	Steps	Episode	Accumulated Reward	Length	Steps	Episode	Accumulated Reward	Length	Steps	Episode	Accumulated Reward	Length	Steps	Episode	Accumulated Reward	Length	Steps	Episode	Accumulated Reward	Length	Steps
0	-19	19	19	0	-19	19	19	0	-19	19	19	0	-19	19	19	0	-19	19	19	0	-19	19	19
1	-15	15	34	1	-15	15	34	1	-15	15	34	1	-15	15	34	1	-15	15	34	1	-15	15	34
2	-17	17	51	2	-17	17	51	2	-17	17	51	2	-17	17	51	2	-17	17	51	2	-17	17	51
3	-17	17	68	3	-17	17	68	3	-17	17	68	3	-17	17	68	3	-17	17	68	3	-17	17	68
4	-15	15	83	4	-15	15	83	4	-15	15	83	4	-15	15	83	4	-15	15	83	4	-15	15	83
5	-19	19	102	5	-19	19	102	5	-19	19	102	5	-19	19	102	5	-19	19	102	5	-19	19	102
6	-17	17	119	6	-17	17	119	6	-17	17	119	6	-17	17	119	6	-17	17	119	6	-17	17	119
7	-17	17	136	7	-17	17	136	7	-17	17	136	7	-17	17	136	7	-17	17	136	7	-17	17	136
8	-17	17	153	8	-17	17	153	8	-17	17	153	8	-17	17	153	8	-17	17	153	8	-17	17	153
9	-17	17	170	9	-17	17	170	9	-17	17	170	9	-17	17	170	9	-17	17	170	9	-17	17	170
10	-15	15	185	10	-15	15	185	10	-15	15	185	10	-15	15	185	10	-15	15	185	10	-15	15	185
11	-15	15	200	11	-15	15	200	11	-15	15	200	11	-15	15	200	11	-15	15	200	11	-15	15	200
12	-26	26	226	12	-26	26	226	12	-26	26	226	12	-26	26	226	12	-26	26	226	12	-26	26	226
13	-17	17	243	13	-17	17	243	13	-17	17	243	13	-17	17	243	13	-17	17	243	13	-17	17	243
14	-17	17	260	14	-17	17	260	14	-17	17	260	14	-17	17	260	14	-17	17	260	14	-17	17	260
15	-19	19	279	15	-19	19	279	15	-19	19	279	15	-19	19	279	15	-19	19	279	15	-19	19	279
16	-16	16	295	16	-16	16	295	16	-16	16	295	16	-16	16	295	16	-16	16	295	16	-16	16	295
17	-21	21	316	17	-21	21	316	17	-21	21	316	17	-21	21	316	17	-21	21	316	17	-21	21	316
18	-17	17	333	18	-17	17	333	18	-17	17	333	18	-17	17	333	18	-17	17	333	18	-17	17	333
19	-18	18	351	19	-18	18	351	19	-18	18	351	19	-18	18	351	19	-18	18	351	19	-18	18	351
20	-17	17	368	20	-17	17	368	20	-17	17	368	20	-17	17	368	20	-17	17	368	20	-17	17	368
21	-17	17	385	21	-17	17	385	21	-17	17	385	21	-17	17	385	21	-17	17	385	21	-17	17	385
22	-18	18	403	22	-18	18	403	22	-18	18	403	22	-18	18	403	22	-18	18	403	22	-18	18	403
23	-15	15	418	23	-15	15	418	23	-15	15	418	23	-15	15	418	23	-15	15	418	23	-15	15	418
24	-17	17	435	24	-17	17	435	24	-17	17	435	24	-17	17	435	24	-17	17	435	24	-17	17	435
25	-19	19	454	25	-19	19	454	25	-19	19	454	25	-19	19	454	25	-19	19	454	25	-19	19	454
26	-15	15	469	26	-15	15	469	26	-15	15	469	26	-15	15	469	26	-15	15	469	26	-15	15	469
27	-19	19	488	27	-19	19	488	27	-19	19	488	27	-19	19	488	27	-19	19	488	27	-19	19	488
28	-18	18	506	28	-18	18	506	28	-18	18	506	28	-18	18	506	28	-18	18	506	28	-18	18	506
29	-18	18	524	29	-18	18	524	29	-18	18	524	29	-18	18	524	29	-18	18	524	29	-18	18	524
30	-15	15	539	30	-15	15	539	30	-15	15	539	30	-15	15	539	30	-15	15	539	30	-15	15	539
31	-17	17	556	31	-17	17	556	31	-17	17	556	31	-17	17	556	31	-17	17	556	31	-17	17	556
32	-15	15	571	32	-15	15	571	32	-15	15	571	32	-15	15	571	32	-15	15	571	32	-15	15	571
33	-15	15	586	33	-15	15	586	33	-15	15	586	33	-15	15	586	33	-15	15	586	33	-15	15	586
34	-15	15	601	34	-15	15	601	34	-15	15	601	34	-15	15	601	34	-15	15	601	34	-15	15	601
35	-15	15	616	35	-15	15	616	35	-15	15	616	35	-15	15	616	35	-15	15	616	35	-15	15	616
36	-19	19	635	36	-19	19	635	36	-19	19	635	36	-19	19	635	36	-19	19	635	36	-19	19	635
37	-17	17	652	37	-17	17	652	37	-17	17	652	37	-17	17	652	37	-17	17	652	37	-17	17	652
38	-15	15	667	38	-15	15	667	38	-15	15	667	38	-15	15	667	38	-15	15	667	38	-15	15	667
39	-18	18	685	39	-18	18	685	39	-18	18	685	39	-18	18	685	39	-18	18	685	39	-18	18	685
40	-17	17	702	40	-17	17	702	40	-17	17	702	40	-17	17	702	40	-17	17	702	40	-17	17	702
41	-17	17	719	41	-17	17	719	41	-17	17	719	41	-17	17	719	41	-17	17	719	41	-17	17	719
42	-21	21	740	42	-21	21	740	42	-21	21	740	42	-21	21	740	42	-21	21	740	42	-21	21	740
43	-19	19	759	43	-19	19	759	43	-19	19	759	43	-19	19	759	43	-19	19	759	43	-19	19	759
44	-15	15	774	44	-15	15	774	44	-15	15	774	44	-15	15	774	44	-15	15	774	44	-15	15	774
45	-18	18	792	45	-18	18	792	45	-18	18	792	45	-18	18	792	45	-18	18	792	45	-18	18	792
46	-17	17	809	46	-17	17	809	46	-17	17	809	46	-17	17	809	46	-17	17	809	46	-17	17	809
47	-121	22	831	47	-121	22	831	47	-121	22	831	47	-121	22	831	47	-121	22	831	47	-121	22	831
48	-15	15	846	48	-15	15	846	48	-15	15	846	48	-15	15	846	48	-15	15	846	48	-15	15	846
49	-15	15	861	49	-15	15	861	49	-15	15	861	49	-15	15	861	49	-15	15	861	49	-15	15	861
50	-17	17	878	50	-17	17	878	50	-17	17	878	50	-17	17	878	50	-17	17	878	50	-17	17	878
51	-19	19	897	51	-19	19	897	51	-19	19	897	51	-19	19	897	51	-19	19	897	51	-19	19	897
52	-117	18	915	52	-117	18	915	52	-117	18	915	52	-117	18	915	52	-117	18	915	52	-117	18	915
53	-19	19	934	53	-19	19	934	53	-19	19	934	53	-19	19	934	53	-19	19	934	53	-19	19	934
54	-15	15	949	54	-15	15	949	54	-15	15	949	54	-15	15	949	54	-15	15	949	54	-15	15	949
55	-18	18	967	55	-18	18	967	55	-18	18	967	55	-18	18	967	55	-18	18	967	55	-18	18	967
56	-21	21	988	56	-21	21	988	56	-21	21	988	56	-21	21	988	56	-21	21	988	56	-21	21	988
57	-21	21	1009	57	-21	21	1009	57	-21	21	1009	57	-21	21	1009	57	-21	21	1009	57	-21	21	1009
58	-125	26	1035	58	-125	26	1035	58	-125	26	1035	58	-125	26	1035	58	-125	26	1035	58	-125	26	1035
59	-17	17	1052	59	-17	17	1052	59	-17	17	1052	59	-17	17	1052	59	-17	17	1052	59	-17	17	1052
60	-27	27	1079	60	-27	27	1079	60	-27	27	1079	60	-27	27	1079	60	-27	27	1079	60	-27	27	1079
61	-19	19	1098	61	-19	19	1098	61	-19	19	1098	61	-19	19	1098	61	-19	19	1098	61	-19	19	1098
62	-17	17	1115	62	-17	17	1115	62	-17	17	1115	62	-17	17	1115	62	-17	17	1115	62	-17	17	1115
63	-22	22	1137	63	-22	22	1137	63	-22	22	1137	63	-22	22	1137	63	-22	22	1137	63	-22	22	1137
64	-19	19	1156	64	-19	19	1156	64	-19	19	1156	64	-19	19	1156	64	-19	19	1156	64	-19	19	1156
65	-19	19	1175	65	-19	19	1175	65	-19	19	1175	65	-19	19	1175	65	-19	19	1175	65	-19	19	1175
66	-19	19	1194	66	-19	19	1194	66	-19	19	1194	66	-19	19	1194	66	-19	19	1194	66	-19	19	1194
67	-23	23	1217	67	-23	23	1217	67	-23	23	1217	67	-23	23	1217	67	-23	23	1217	67	-23	23	1217
68	-19	19	1236	68	-19	19	1236	68	-19	19	1236	68	-19	19	1236	68	-19	19	1236	68	-19	19	1236
69	-20	20	1256	69	-20	20	1256	69	-20	20	1256	69	-20	20	1256	69	-20	20	1256	69	-20	20	1256
70	-19	19	1275	70	-19	19	1275	70	-19	19	1275	70	-19	19	1275	70	-19	19	1275	70	-19	19	1275
71	-19	19	1294	71	-19	19	1294	71	-19	19	1294	71	-19	19	1294	71	-19	19	1294	71	-19	19	1294
72	-17	17	1311	72	-17	17	1311	72	-17	17	1311	72	-17	17	1311	72	-17	17	1311	72	-17	17	1311
73	-19	19	1330	73	-19	19	1330	73	-19	19	1330	73	-19	19	1330	73	-19	19	1330	73	-19	19	1330
74	-19	19	1349	74	-19	19	1349	74	-19	19	1349	74	-19	19	1349	74	-19	19	1349	74	-19	19	1349
75	-18	18	1367	75	-18	18	1367	75	-18	18	1367	75	-18	18	1367	75	-18	18	1367	75	-18	18	1367
76	-19	19	1386	76	-19	19	1386	76	-19	19	1386	76	-19	19	1386	76	-19	19	1386	76	-19	19	1386
77	-21	21	1407	77	-21	21	1407	77	-21	21	1407	77	-21	21	1407	77	-21	21	1407	77	-21	21	1407
78	-18	18	1425	78	-18	18	1425	78	-18	18	1425	78	-18	18	1425	78	-18	18	1425	78	-18	18	1425
79	-15	15	1440	79	-15	15	1440	79	-15	15	1440	79	-15	15	1440	79	-15	15	1440	79	-15	15	1440
80	-16	16	1456	80	-16	16	1456	80	-16	16	1456	80	-16	16	1456	80	-16	16	1456	80	-16	16	1456
81	-17	17	1473	81	-17	17	1473	81	-17	17	1473	81	-17	17	1473	81	-17	17	1473	81	-17	17	1473
82	-17	17	1490	82	-17	17	1490	82	-17	17	1490	82	-17	17	1490	82	-17	17	1490	82	-17	17	1490
83	-17	17	1507	83	-17	17	1507	83	-17	17	1507	83	-17	17	1507	83	-17	17	1507	83	-17	17	1507
84	-19	19	1526	84	-19	19	1526	84	-19	19	1526	84	-19	19	1526	84	-19	19	1526	84	-19	19	1526
85	-15	15	1541	85	-15	15	1541	85	-15	15	1541	85	-15	15	1541	85	-15	15	1541	85	-15	15	1541
86	-16	16	1557	86	-16	16	1557	86	-16	16	1557	86	-16	16	1557	86	-16	16	1557	86	-16	16	1557
87	-15	15	1572	87	-15	15	1572	87	-15	15	1572	87	-15	15	1572	87	-15	15	1572	87	-15	15	1572
88	-23	23	1595	88	-23	23	1595	88	-23	23	1595	88	-23	23	1595	88	-23	23	1595	88	-23	23	1595
89	-15	15	1610	89	-15	15	1610	89	-15	15	1610	89	-15	15	1610	89	-15	15	1610	89	-15	15	1610
90	-17	17	1627	90	-17	17	1627	90	-17	17	1627	90	-17	17	1627	90	-17	17	1627	90	-17	17	1627
91	-17	17	1644	91	-17	17	1644	91	-17	17	1644	91	-17	17	1644	91	-17	17	1644	91	-17	17	1644
92	-15	15	1659	92	-15	15	1659	92	-15	15	1659	92	-15	15	1659	92	-15	15	1659	92	-15	15	1659
93	-23	23	1682	93	-23	23	1682	93	-23	23	1682	93	-23	23	1682	93	-23	23	1682	93	-23	23	1682
94	-19	19	1701	94	-19	19	1701	94	-19	19	1701	94	-19	19	1701	94	-19	19	1701	94	-19	19	1701
95	-17	17	1718	95	-17	17	1718	95	-17	17	1718	95	-17	17	1718	95	-17	17	1718	95	-17	17	1718
96	-18	18	1736	96	-18	18	1736	96	-18	18	1736	96	-18	18	1736	96	-18	18	1736	96	-18	18	1736
97	-15	15	1751	97	-15	15	1751	97	-15	15	1751	97	-15	15	1751	97	-15	15	1751	97	-15	15	1751
98	-117	18	1769	98	-117	18	1769	98	-117	18	1769	98	-117	18	1769	98	-117	18	1769	98	-117	18	1769
99	-19	19	1788	99	-19	19	1788	99	-19	19	1788	99	-19	19	1788	99	-19	19	1788	99	-19	19	1788
100	-15	15	1803	100	-15	15	1803	100	-15	15	1803	100	-15	15	1803	100	-15	15	1803	100	-15	15	1803
101	-17	17	1820	101	-17	17	1820	101	-17	17	1820	101	-17	17	1820	101	-17	17	1820	101	-17	17	1820
102	-17	17	1837	102	-17	17	1837	102	-17	17	1837	102	-17	17	1837	102	-17	17	1837	102	-17	17	1837
103	-19	19	1856	103	-19	19	1856	103	-19	19	1856	103	-19	19	1856	103	-19	19	1856	103	-19	19	1856
104	-23	23	1879	104	-23	23	1879	104	-23	23	1879	104	-23	23	1879	104	-23	23	1879	104	-23	23	1879
105	-17	17	1896	105	-17	17	1896	105	-17	17	1896	105	-17	17	1896	105	-17	17	1896	105	-17	17	1896
106	-17	17	1913	106	-17	17	1913	106	-17	17	1913	106	-17	17	1913	106	-17	17	1913	106	-17	17	1913
107	-18	18	1931	107	-18	18	1931	107	-18	18	1931	107	-18	18	1931	107	-18	18	1931	107	-18	18	1931
108	-15	15	1946	108	-15	15	1946	108	-15	15	1946	108	-15	15	1946	108	-15	15	1946	108	-15	15	1946
109	-18	18	1964	109	-18	18	1964	109	-18	18	1964	109	-18	18	1964	109	-18	18	1964	109	-18	18	1964
110	-15	15	1979	110	-15	15	1979	110	-15	15	1979	110	-15	15	1979	110	-15	15	1979	110	-15	15	1979
111	-17	17	1996	111	-17	17	1996	111	-17	17	1996	111	-17	17	1996	111	-17	17	1996	111	-17	17	1996
112	-18	18	2014	112	-18	18	2014	112	-18	18	2014	112	-18	18	2014	112	-18	18	2014	112	-18	18	2014
113	-15	15	2029	113	-15	15	2029	113	-15	15	2029	113	-15	15	2029	113	-15	15	2029	113	-15	15	2029
114	-15	15	2044	114	-15	15	2044	114	-15	15	2044	114	-15	15	2044	114	-15	15	2044	114	-15	15	2044
115	-15	15	2059	115	-15	15	2059	115	-15	15	2059	115	-15	15	2059	115	-15	15	2059	115	-15	15	2059
116	-17	17	2076	116	-17	17	2076	116	-17	17	2076	116	-17	17	2076	116	-17	17	2076	116	-17	17	2076
117	-21	21	2097	117	-21	21	2097	117	-21	21	2097	117	-21	21	2097	117	-21	21	2097	117	-21	21	2097
118	-19	19	2116	118	-19	19	2116	118	-19	19	2116	118	-19	19	2116	118	-19	19	2116	118	-19	19	2116
119	-19	19	2135	119	-19	19	2135	119	-19	19	2135	119	-19	19	2135	119	-19	19	2135	119	-19	19	2135
120	-16	16	2151	120	-16	16	2151	120	-16	16	2151	120	-16	16	2151	120	-16	16	2151	120	-16	16	2151
121	-21	21	2172	121	-21	21	2172	121	-21	21	2172	121	-21	21	2172	121	-21	21	2172	121	-21	21	2172
122	-19	19	2191	122	-19	19	2191	122	-19	19	2191	122	-19	19	2191	122	-19	19	2191	122	-19	19	2191
123	-15	15	2206	123	-15	15	2206	123	-15	15	2206	123	-15	15	2206	123	-15	15	2206	123	-15	15	2206
124	-19	19	2225	124	-19	19	2225	124	-19	19	2225	124	-19	19	2225	124	-19	19	2225	124	-19	19	2225
125	-17	17	2242	125	-17	17	2242	125	-17	17	2242	125	-17	17	2242	125	-17	17	2242	125	-17	17	2242
126	-19	19	2261	126	-19	19	2261	126	-19	19	2261	126	-19	19	2261	126	-19	19	2261	126	-19	19	2261
127	-17	17	2278	127	-17	17	2278	127	-17	17	2278	127	-17	17	2278	127	-17	17	2278	127	-17	17	2278
128	-19	19	2297	128	-19	19	2297	128	-19	19	2297	128	-19	19	2297	128	-19	19	2297	128	-19	19	2297
129	-19	19	2316	129	-19	19	2316	129	-19	19	2316	129	-19	19	2316	129	-19	19	2316	129	-19	19	2316
130	-17	17	2333	130	-17	17	2333	130	-17	17	2333	130	-17	17	2333	130	-17	17	2333	130	-17	17	2333
131	-17	17	2350	131	-17	17	2350	131	-17	17	2350	131	-17	17	2350	131	-17	17	2350	131	-17	17	2350
132	-23	23	2373	132	-23	23	2373	132	-23	23	2373	132	-23	23	2373	132	-23	23	2373	132	-23	23	2373
133	-21	21	2394	133	-21	21	2394	133	-21	21	2394	133	-21	21	2394	133	-21	21	2394	133	-21	21	2394
134	-19	19	2413	134	-19	19	2413	134	-19	19	2413	134	-19	19	2413	134	-19	19	2413	134	-19	19	2413
135	-17	17	2430	135	-17	17	2430	135	-17	17	2430	135	-17	17	2430	135	-17	17	2430	135	-17	17	2430
136	-17	17	2447	136	-17	17	2447	136	-17	17	2447	136	-17	17	2447	136	-17	17	2447	136	-17	17	2447
137	-17	17	2464	137	-17	17	2464	137	-17	17	2464	137	-17	17	2464	137	-17	17	2464	137	-17	17	2464
138	-121	22	2486	138	-121	22	2486	138	-121	22	2486	138	-121	22	2486	138	-121	22	2486	138	-121	22	2486
139	-23	23	2509	139	-23	23	2509	139	-23	23	2509	139	-23	23	2509	139	-23	23	2509	139	-23	23	2509
140	-19	19	2528	140	-19	19	2528	140	-19	19	2528	140	-19	19	2528	140	-19	19	2528	140	-19	19	2528
141	-17	17	2545	141	-17	17	2545	141	-17	17	2545	141	-17	17	2545	141	-17	17	2545	141	-17	17	2545
142	-22	22	2567	142	-22	22	2567	142	-22	22	2567	142	-22	22	2567	142	-22	22	2567	142	-22	22	2567
143	-19	19	2586	143	-19	19	2586	143	-19	19	2586	143	-19	19	2586	143	-19	19	2586	143	-19	19	2586
144	-17	17	2603	144	-17	17	2603	144	-17	17	2603	144	-17	17	2603	144	-17	17	2603	144	-17	17	2603
145	-19	19	2622	145	-19	19	2622	145	-19	19	2622	145	-19	19	2622	145	-19	19	2622	145	-19	19	2622
146	-21	21	2643	146	-21	21	2643	146	-21	21	2643	146	-21	21	2643	146	-21	21	2643	146	-21	21	2643
147	-17	17	2660	147	-17	17	2660	147	-17	17	2660	147	-17	17	2660	147	-17	17	2660	147	-17	17	2660
148	-17	17	2677	148	-17	17	2677	148	-17	17	2677	148	-17	17	2677	148	-17	17	2677	148	-17	17	2677
149	-21	21	2698	149	-21	21	2698	149	-21	21	2698	149	-21	21	2698	149	-21	21	2698	149	-21	21	2698
150	-17	17	2715	150	-17	17	2715	150	-17	17	2715	150	-17	17	2715	150	-17	17	2715	150	-17	17	2715
151	-17	17	2732	151	-17	17	2732	151	-17	17	2732	151	-17	17	2732	151	-17	17	2732	151	-17	17	2732
152	-17	17	2749	152	-17	17	2749	152	-17	17	2749	152	-17	17	2749	152	-17	17	2749	152	-17	17	2749
153	-19	19	2768	153	-19	19	2768	153	-19	19	2768	153	-19	19	2768	153	-19	19	2768	153	-19	19	2768
154	-20	20	2788	154	-20	20	2788	154	-20	20	2788	154	-20	20	2788	154	-20	20	2788	154	-20	20	2788
155	-25	25	2813	155	-25	25	2813	155	-25	25	2813	155	-25	25	2813	155	-25	25	2813	155	-25	25	2813
156	-21	21	2834	156	-21	21	2834	156	-21	21	2834	156	-21	21	2834	156	-21	21	2834	156	-21	21	2834
157	-19	19	2853	157	-19	19	2853	157	-19	19	2853	157	-19	19	2853	157	-19	19	2853	157	-19	19	2853
158	-17	17	2870	158	-17	17	2870	158	-17	17	2870	158	-17	17	2870	158	-17	17	2870	158	-17	17	2870
159	-21	21	2891	159	-21	21	2891	159	-21	21	2891	159	-21	21	2891	159	-21	21	2891	159	-21	21	2891
160	-28	28	2919	160	-28	28	2919	160	-28	28	2919	160	-28	28	2919	160	-28	28	2919	160	-28	28	2919
161	-19	19	2938	161	-19	19	2938	161	-19	19	2938	161	-19	19	2938	161	-19	19	2938	161	-19	19	2938
162	-17	17	2955	162	-17	17	2955	162	-17	17	2955	162	-17	17	2955	162	-17	17	2955	162	-17	17	2955
163	-20	20	2975	163	-20	20	2975	163	-20	20	2975	163	-20	20	2975	163	-20	20	2975	163	-20	20	2975
164	-17	17	2992	164	-17	17	2992	164	-17	17	2992	164	-17	17	2992	164	-17	17	2992	164	-17	17	2992
165	-19	19	3011	165	-19	19	3011	165	-19	19	3011	165	-19	19	3011	165	-19	19	3011	165	-19	19	3011
166	-17	17	3028	166	-17	17	3028	166	-17	17	3028	166	-17	17	3028	166	-17	17	3028	166	-17	17	3028
167	-18	18	3046	167	-18	18	3046	167	-18	18	3046	167	-18	18	3046	167	-18	18	3046	167	-18	18	3046
168	-22	22	3068	168	-22	22	3068	168	-22	22	3068	168	-22	22	3068	168	-22	22	3068	168	-22	22	3068
169	-20	20	3088	169	-20	20	3088	169	-20	20	3088	169	-20	20	3088	169	-20	20	3088	169	-20	20	3088
170	-19	19	3107	170	-19	19	3107	170	-19	19	3107	170	-19	19	3107	170	-19	19	3107	170	-19	19	3107
171	-17	17	3124	171	-17	17	3124	171	-17	17	3124	171	-17	17	3124	171	-17	17	3124	171	-17	17	3124
172	-21	21	3145	172	-21	21	3145	172	-21	21	3145	172	-21	21	3145	172	-21	21	3145	172	-21	21	3145
173	-220	22	3167	173	-220	22	3167	173	-220	22	3167	173	-220	22	3167	173	-220	22	3167	173	-220	22	3167
174	-22	22	3189	174	-22	22	3189	174	-22	22	3189	174	-22	22	3189	174	-22	22	3189	174	-22	22	3189
175	-18	18	3207	175	-18	18	3207	175	-18	18	3207	175	-18	18	3207	175	-18	18	3207	175	-18	18	3207
176	-17	17	3224	176	-17	17	3224	176	-17	17	3224	176	-17	17	3224	176	-17	17	3224	176	-17	17	3224
177	-15	15	3239	177	-15	15	3239	177	-15	15	3239	177	-15	15	3239	177	-15	15	3239	177	-15	15	3239
178	-15	15	3254	178	-15	15	3254	178	-15	15	3254	178	-15	15	3254	178	-15	15	3254	178	-15	15	3254
179	-19	19	3273	179	-19	19	3273	179	-19	19	3273	179	-19	19	3273	179	-19	19	3273	179	-19	19	3273
180	-19	19	3292	180	-19	19	3292	180	-19	19	3292	180	-19	19	3292	180	-19	19	3292	180	-19	19	3292
181	-17	17	3309	181	-17	17	3309	181	-17	17	3309	181	-17	17	3309	181	-17	17	3309	181	-17	17	3309
182	-15	15	3324	182	-15	15	3324	182	-15	15	3324	182	-15	15	3324	182	-15	15	3324	182	-15	15	3324
183	-19	19	3343	183	-19	19	3343	183	-19	19	3343	183	-19	19	3343	183	-19	19	3343	183	-19	19	3343
184	-17	17	3360	184	-17	17	3360	184	-17	17	3360	184	-17	17	3360	184	-17	17	3360	184	-17	17	3360
185	-25	25	3385	185	-25	25	3385	185	-25	25	3385	185	-25	25	3385	185	-25	25	3385	185	-25	25	3385
186	-17	17	3402	186	-17	17	3402	186	-17	17	3402	186	-17	17	3402	186	-17	17	3402	186	-17	17	3402
187	-17	17	3419	187	-17	17	3419	187	-17	17	3419	187	-17	17	3419	187	-17	17	3419	187	-17	17	3419
188	-20	20	3439	188	-20	20	3439	188	-20	20	3439	188	-20	20	3439	188	-20	20	3439	188	-20	20	3439
189	-15	15	3454	189	-15	15	3454	189	-15	15	3454	189	-15	15	3454	189	-15	15	3454	189	-15	15	3454
190	-17	17	3471	190	-17	17	3471	190	-17	17	3471	190	-17	17	3471	190	-17	17	3471	190	-17	17	3471
191	-21	21	3492	191	-21	21	3492	191	-21	21	3492	191	-21	21	3492	191	-21	21	3492	191	-21	21	3492
192	-17	17	3509	192	-17	17	3509	192	-17	17	3509	192	-17	17	3509	192	-17	17	3509	192	-17	17	3509
193	-15	15	3524	193	-15	15	3524	193	-15	15	3524	193	-15	15	3524	193	-15	15	3524	193	-15	15	3524
194	-21	21	3545	194	-21	21	3545	194	-21	21	3545	194	-21	21	3545	194	-21	21	3545	194	-21	21	3545
195	-17	17	3562	195	-17	17	3562	195	-17	17	3562	195	-17	17	3562	195	-17	17	3562	195	-17	17	3562
196	-17	17	3579	196	-17	17	3579	196	-17	17	3579	196	-17	17	3579	196	-17	17	3579	196	-17	17	3579
197	-21	21	3600	197	-21	21	3600	197	-21	21	3600	197	-21	21	3600	197	-21	21	3600	197	-21	21	3600
198	-129	30	3630	198	-129	30	3630	198	-129	30	3630	198	-129	30	3630	198	-129	30	3630	198	-129	30	3630
199	-15	15	3645	199	-15	15	3645	199	-15	15	3645	199	-15	15	3645	199	-15	15	3645	199	-15	15	3645
