Episode	Accumulated Reward	Length	Steps	Episode	Accumulated Reward	Length	Steps	Episode	Accumulated Reward	Length	Steps	Episode	Accumulated Reward	Length	Steps	Episode	Accumulated Reward	Length	Steps	Episode	Accumulated Reward	Length	Steps	Episode	Accumulated Reward	Length	Steps	Episode	Accumulated Reward	Length	Steps	Episode	Accumulated Reward	Length	Steps
0	-15	15	15	0	-15	15	15	0	-15	15	15	0	-15	15	15	0	-15	15	15	0	-15	15	15	0	-15	15	15	0	-15	15	15	0	-15	15	15
1	-15	15	30	1	-15	15	30	1	-15	15	30	1	-15	15	30	1	-15	15	30	1	-15	15	30	1	-15	15	30	1	-15	15	30	1	-15	15	30
2	-15	15	45	2	-15	15	45	2	-15	15	45	2	-15	15	45	2	-15	15	45	2	-15	15	45	2	-15	15	45	2	-15	15	45	2	-15	15	45
3	-17	17	62	3	-17	17	62	3	-17	17	62	3	-17	17	62	3	-17	17	62	3	-17	17	62	3	-17	17	62	3	-17	17	62	3	-17	17	62
4	-15	15	77	4	-15	15	77	4	-15	15	77	4	-15	15	77	4	-15	15	77	4	-15	15	77	4	-15	15	77	4	-15	15	77	4	-15	15	77
5	-15	15	92	5	-15	15	92	5	-15	15	92	5	-15	15	92	5	-15	15	92	5	-15	15	92	5	-15	15	92	5	-15	15	92	5	-15	15	92
6	-17	17	109	6	-17	17	109	6	-17	17	109	6	-17	17	109	6	-17	17	109	6	-17	17	109	6	-17	17	109	6	-17	17	109	6	-17	17	109
7	-17	17	126	7	-17	17	126	7	-17	17	126	7	-17	17	126	7	-17	17	126	7	-17	17	126	7	-17	17	126	7	-17	17	126	7	-17	17	126
8	-19	19	145	8	-19	19	145	8	-19	19	145	8	-19	19	145	8	-19	19	145	8	-19	19	145	8	-19	19	145	8	-19	19	145	8	-19	19	145
9	-19	19	164	9	-19	19	164	9	-19	19	164	9	-19	19	164	9	-19	19	164	9	-19	19	164	9	-19	19	164	9	-19	19	164	9	-19	19	164
10	-23	23	187	10	-23	23	187	10	-23	23	187	10	-23	23	187	10	-23	23	187	10	-23	23	187	10	-23	23	187	10	-23	23	187	10	-23	23	187
11	-17	17	204	11	-17	17	204	11	-17	17	204	11	-17	17	204	11	-17	17	204	11	-17	17	204	11	-17	17	204	11	-17	17	204	11	-17	17	204
12	-15	15	219	12	-15	15	219	12	-15	15	219	12	-15	15	219	12	-15	15	219	12	-15	15	219	12	-15	15	219	12	-15	15	219	12	-15	15	219
13	-21	21	240	13	-21	21	240	13	-21	21	240	13	-21	21	240	13	-21	21	240	13	-21	21	240	13	-21	21	240	13	-21	21	240	13	-21	21	240
14	-20	20	260	14	-20	20	260	14	-20	20	260	14	-20	20	260	14	-20	20	260	14	-20	20	260	14	-20	20	260	14	-20	20	260	14	-20	20	260
15	-19	19	279	15	-19	19	279	15	-19	19	279	15	-19	19	279	15	-19	19	279	15	-19	19	279	15	-19	19	279	15	-19	19	279	15	-19	19	279
16	-20	20	299	16	-20	20	299	16	-20	20	299	16	-20	20	299	16	-20	20	299	16	-20	20	299	16	-20	20	299	16	-20	20	299	16	-20	20	299
17	-17	17	316	17	-17	17	316	17	-17	17	316	17	-17	17	316	17	-17	17	316	17	-17	17	316	17	-17	17	316	17	-17	17	316	17	-17	17	316
18	-15	15	331	18	-15	15	331	18	-15	15	331	18	-15	15	331	18	-15	15	331	18	-15	15	331	18	-15	15	331	18	-15	15	331	18	-15	15	331
19	-16	16	347	19	-16	16	347	19	-16	16	347	19	-16	16	347	19	-16	16	347	19	-16	16	347	19	-16	16	347	19	-16	16	347	19	-16	16	347
20	-17	17	364	20	-17	17	364	20	-17	17	364	20	-17	17	364	20	-17	17	364	20	-17	17	364	20	-17	17	364	20	-17	17	364	20	-17	17	364
21	-15	15	379	21	-15	15	379	21	-15	15	379	21	-15	15	379	21	-15	15	379	21	-15	15	379	21	-15	15	379	21	-15	15	379	21	-15	15	379
22	-15	15	394	22	-15	15	394	22	-15	15	394	22	-15	15	394	22	-15	15	394	22	-15	15	394	22	-15	15	394	22	-15	15	394	22	-15	15	394
23	-17	17	411	23	-17	17	411	23	-17	17	411	23	-17	17	411	23	-17	17	411	23	-17	17	411	23	-17	17	411	23	-17	17	411	23	-17	17	411
24	-17	17	428	24	-17	17	428	24	-17	17	428	24	-17	17	428	24	-17	17	428	24	-17	17	428	24	-17	17	428	24	-17	17	428	24	-17	17	428
25	-15	15	443	25	-15	15	443	25	-15	15	443	25	-15	15	443	25	-15	15	443	25	-15	15	443	25	-15	15	443	25	-15	15	443	25	-15	15	443
26	-15	15	458	26	-15	15	458	26	-15	15	458	26	-15	15	458	26	-15	15	458	26	-15	15	458	26	-15	15	458	26	-15	15	458	26	-15	15	458
27	-15	15	473	27	-15	15	473	27	-15	15	473	27	-15	15	473	27	-15	15	473	27	-15	15	473	27	-15	15	473	27	-15	15	473	27	-15	15	473
28	-20	20	493	28	-20	20	493	28	-20	20	493	28	-20	20	493	28	-20	20	493	28	-20	20	493	28	-20	20	493	28	-20	20	493	28	-20	20	493
29	-15	15	508	29	-15	15	508	29	-15	15	508	29	-15	15	508	29	-15	15	508	29	-15	15	508	29	-15	15	508	29	-15	15	508	29	-15	15	508
30	-17	17	525	30	-17	17	525	30	-17	17	525	30	-17	17	525	30	-17	17	525	30	-17	17	525	30	-17	17	525	30	-17	17	525	30	-17	17	525
31	-15	15	540	31	-15	15	540	31	-15	15	540	31	-15	15	540	31	-15	15	540	31	-15	15	540	31	-15	15	540	31	-15	15	540	31	-15	15	540
32	-17	17	557	32	-17	17	557	32	-17	17	557	32	-17	17	557	32	-17	17	557	32	-17	17	557	32	-17	17	557	32	-17	17	557	32	-17	17	557
33	-17	17	574	33	-17	17	574	33	-17	17	574	33	-17	17	574	33	-17	17	574	33	-17	17	574	33	-17	17	574	33	-17	17	574	33	-17	17	574
34	-15	15	589	34	-15	15	589	34	-15	15	589	34	-15	15	589	34	-15	15	589	34	-15	15	589	34	-15	15	589	34	-15	15	589	34	-15	15	589
35	-15	15	604	35	-15	15	604	35	-15	15	604	35	-15	15	604	35	-15	15	604	35	-15	15	604	35	-15	15	604	35	-15	15	604	35	-15	15	604
36	-17	17	621	36	-17	17	621	36	-17	17	621	36	-17	17	621	36	-17	17	621	36	-17	17	621	36	-17	17	621	36	-17	17	621	36	-17	17	621
37	-15	15	636	37	-15	15	636	37	-15	15	636	37	-15	15	636	37	-15	15	636	37	-15	15	636	37	-15	15	636	37	-15	15	636	37	-15	15	636
38	-17	17	653	38	-17	17	653	38	-17	17	653	38	-17	17	653	38	-17	17	653	38	-17	17	653	38	-17	17	653	38	-17	17	653	38	-17	17	653
39	-17	17	670	39	-17	17	670	39	-17	17	670	39	-17	17	670	39	-17	17	670	39	-17	17	670	39	-17	17	670	39	-17	17	670	39	-17	17	670
40	-21	21	691	40	-21	21	691	40	-21	21	691	40	-21	21	691	40	-21	21	691	40	-21	21	691	40	-21	21	691	40	-21	21	691	40	-21	21	691
41	-17	17	708	41	-17	17	708	41	-17	17	708	41	-17	17	708	41	-17	17	708	41	-17	17	708	41	-17	17	708	41	-17	17	708	41	-17	17	708
42	-20	20	728	42	-20	20	728	42	-20	20	728	42	-20	20	728	42	-20	20	728	42	-20	20	728	42	-20	20	728	42	-20	20	728	42	-20	20	728
43	-22	22	750	43	-22	22	750	43	-22	22	750	43	-22	22	750	43	-22	22	750	43	-22	22	750	43	-22	22	750	43	-22	22	750	43	-22	22	750
44	-17	17	767	44	-17	17	767	44	-17	17	767	44	-17	17	767	44	-17	17	767	44	-17	17	767	44	-17	17	767	44	-17	17	767	44	-17	17	767
45	-21	21	788	45	-21	21	788	45	-21	21	788	45	-21	21	788	45	-21	21	788	45	-21	21	788	45	-21	21	788	45	-21	21	788	45	-21	21	788
46	-131	32	820	46	-131	32	820	46	-131	32	820	46	-131	32	820	46	-131	32	820	46	-131	32	820	46	-131	32	820	46	-131	32	820	46	-131	32	820
47	-16	16	836	47	-16	16	836	47	-16	16	836	47	-16	16	836	47	-16	16	836	47	-16	16	836	47	-16	16	836	47	-16	16	836	47	-16	16	836
48	-17	17	853	48	-17	17	853	48	-17	17	853	48	-17	17	853	48	-17	17	853	48	-17	17	853	48	-17	17	853	48	-17	17	853	48	-17	17	853
49	-17	17	870	49	-17	17	870	49	-17	17	870	49	-17	17	870	49	-17	17	870	49	-17	17	870	49	-17	17	870	49	-17	17	870	49	-17	17	870
50	-119	20	890	50	-119	20	890	50	-119	20	890	50	-119	20	890	50	-119	20	890	50	-119	20	890	50	-119	20	890	50	-119	20	890	50	-119	20	890
51	-118	19	909	51	-118	19	909	51	-118	19	909	51	-118	19	909	51	-118	19	909	51	-118	19	909	51	-118	19	909	51	-118	19	909	51	-118	19	909
52	-17	17	926	52	-17	17	926	52	-17	17	926	52	-17	17	926	52	-17	17	926	52	-17	17	926	52	-17	17	926	52	-17	17	926	52	-17	17	926
53	-15	15	941	53	-15	15	941	53	-15	15	941	53	-15	15	941	53	-15	15	941	53	-15	15	941	53	-15	15	941	53	-15	15	941	53	-15	15	941
54	-15	15	956	54	-15	15	956	54	-15	15	956	54	-15	15	956	54	-15	15	956	54	-15	15	956	54	-15	15	956	54	-15	15	956	54	-15	15	956
55	-17	17	973	55	-17	17	973	55	-17	17	973	55	-17	17	973	55	-17	17	973	55	-17	17	973	55	-17	17	973	55	-17	17	973	55	-17	17	973
56	-18	18	991	56	-18	18	991	56	-18	18	991	56	-18	18	991	56	-18	18	991	56	-18	18	991	56	-18	18	991	56	-18	18	991	56	-18	18	991
57	-17	17	1008	57	-17	17	1008	57	-17	17	1008	57	-17	17	1008	57	-17	17	1008	57	-17	17	1008	57	-17	17	1008	57	-17	17	1008	57	-17	17	1008
58	-17	17	1025	58	-17	17	1025	58	-17	17	1025	58	-17	17	1025	58	-17	17	1025	58	-17	17	1025	58	-17	17	1025	58	-17	17	1025	58	-17	17	1025
59	-17	17	1042	59	-17	17	1042	59	-17	17	1042	59	-17	17	1042	59	-17	17	1042	59	-17	17	1042	59	-17	17	1042	59	-17	17	1042	59	-17	17	1042
60	-18	18	1060	60	-18	18	1060	60	-18	18	1060	60	-18	18	1060	60	-18	18	1060	60	-18	18	1060	60	-18	18	1060	60	-18	18	1060	60	-18	18	1060
61	-17	17	1077	61	-17	17	1077	61	-17	17	1077	61	-17	17	1077	61	-17	17	1077	61	-17	17	1077	61	-17	17	1077	61	-17	17	1077	61	-17	17	1077
62	-15	15	1092	62	-15	15	1092	62	-15	15	1092	62	-15	15	1092	62	-15	15	1092	62	-15	15	1092	62	-15	15	1092	62	-15	15	1092	62	-15	15	1092
63	-17	17	1109	63	-17	17	1109	63	-17	17	1109	63	-17	17	1109	63	-17	17	1109	63	-17	17	1109	63	-17	17	1109	63	-17	17	1109	63	-17	17	1109
64	-17	17	1126	64	-17	17	1126	64	-17	17	1126	64	-17	17	1126	64	-17	17	1126	64	-17	17	1126	64	-17	17	1126	64	-17	17	1126	64	-17	17	1126
65	-15	15	1141	65	-15	15	1141	65	-15	15	1141	65	-15	15	1141	65	-15	15	1141	65	-15	15	1141	65	-15	15	1141	65	-15	15	1141	65	-15	15	1141
66	-19	19	1160	66	-19	19	1160	66	-19	19	1160	66	-19	19	1160	66	-19	19	1160	66	-19	19	1160	66	-19	19	1160	66	-19	19	1160	66	-19	19	1160
67	-17	17	1177	67	-17	17	1177	67	-17	17	1177	67	-17	17	1177	67	-17	17	1177	67	-17	17	1177	67	-17	17	1177	67	-17	17	1177	67	-17	17	1177
68	-15	15	1192	68	-15	15	1192	68	-15	15	1192	68	-15	15	1192	68	-15	15	1192	68	-15	15	1192	68	-15	15	1192	68	-15	15	1192	68	-15	15	1192
69	-20	20	1212	69	-20	20	1212	69	-20	20	1212	69	-20	20	1212	69	-20	20	1212	69	-20	20	1212	69	-20	20	1212	69	-20	20	1212	69	-20	20	1212
70	-16	16	1228	70	-16	16	1228	70	-16	16	1228	70	-16	16	1228	70	-16	16	1228	70	-16	16	1228	70	-16	16	1228	70	-16	16	1228	70	-16	16	1228
71	-22	22	1250	71	-22	22	1250	71	-22	22	1250	71	-22	22	1250	71	-22	22	1250	71	-22	22	1250	71	-22	22	1250	71	-22	22	1250	71	-22	22	1250
72	-15	15	1265	72	-15	15	1265	72	-15	15	1265	72	-15	15	1265	72	-15	15	1265	72	-15	15	1265	72	-15	15	1265	72	-15	15	1265	72	-15	15	1265
73	-22	22	1287	73	-22	22	1287	73	-22	22	1287	73	-22	22	1287	73	-22	22	1287	73	-22	22	1287	73	-22	22	1287	73	-22	22	1287	73	-22	22	1287
74	-19	19	1306	74	-19	19	1306	74	-19	19	1306	74	-19	19	1306	74	-19	19	1306	74	-19	19	1306	74	-19	19	1306	74	-19	19	1306	74	-19	19	1306
75	-15	15	1321	75	-15	15	1321	75	-15	15	1321	75	-15	15	1321	75	-15	15	1321	75	-15	15	1321	75	-15	15	1321	75	-15	15	1321	75	-15	15	1321
76	-15	15	1336	76	-15	15	1336	76	-15	15	1336	76	-15	15	1336	76	-15	15	1336	76	-15	15	1336	76	-15	15	1336	76	-15	15	1336	76	-15	15	1336
77	-17	17	1353	77	-17	17	1353	77	-17	17	1353	77	-17	17	1353	77	-17	17	1353	77	-17	17	1353	77	-17	17	1353	77	-17	17	1353	77	-17	17	1353
78	-17	17	1370	78	-17	17	1370	78	-17	17	1370	78	-17	17	1370	78	-17	17	1370	78	-17	17	1370	78	-17	17	1370	78	-17	17	1370	78	-17	17	1370
79	-19	19	1389	79	-19	19	1389	79	-19	19	1389	79	-19	19	1389	79	-19	19	1389	79	-19	19	1389	79	-19	19	1389	79	-19	19	1389	79	-19	19	1389
80	-17	17	1406	80	-17	17	1406	80	-17	17	1406	80	-17	17	1406	80	-17	17	1406	80	-17	17	1406	80	-17	17	1406	80	-17	17	1406	80	-17	17	1406
81	-15	15	1421	81	-15	15	1421	81	-15	15	1421	81	-15	15	1421	81	-15	15	1421	81	-15	15	1421	81	-15	15	1421	81	-15	15	1421	81	-15	15	1421
82	-21	21	1442	82	-21	21	1442	82	-21	21	1442	82	-21	21	1442	82	-21	21	1442	82	-21	21	1442	82	-21	21	1442	82	-21	21	1442	82	-21	21	1442
83	-17	17	1459	83	-17	17	1459	83	-17	17	1459	83	-17	17	1459	83	-17	17	1459	83	-17	17	1459	83	-17	17	1459	83	-17	17	1459	83	-17	17	1459
84	-19	19	1478	84	-19	19	1478	84	-19	19	1478	84	-19	19	1478	84	-19	19	1478	84	-19	19	1478	84	-19	19	1478	84	-19	19	1478	84	-19	19	1478
85	-15	15	1493	85	-15	15	1493	85	-15	15	1493	85	-15	15	1493	85	-15	15	1493	85	-15	15	1493	85	-15	15	1493	85	-15	15	1493	85	-15	15	1493
86	-21	21	1514	86	-21	21	1514	86	-21	21	1514	86	-21	21	1514	86	-21	21	1514	86	-21	21	1514	86	-21	21	1514	86	-21	21	1514	86	-21	21	1514
87	-18	18	1532	87	-18	18	1532	87	-18	18	1532	87	-18	18	1532	87	-18	18	1532	87	-18	18	1532	87	-18	18	1532	87	-18	18	1532	87	-18	18	1532
88	-15	15	1547	88	-15	15	1547	88	-15	15	1547	88	-15	15	1547	88	-15	15	1547	88	-15	15	1547	88	-15	15	1547	88	-15	15	1547	88	-15	15	1547
89	-15	15	1562	89	-15	15	1562	89	-15	15	1562	89	-15	15	1562	89	-15	15	1562	89	-15	15	1562	89	-15	15	1562	89	-15	15	1562	89	-15	15	1562
90	-17	17	1579	90	-17	17	1579	90	-17	17	1579	90	-17	17	1579	90	-17	17	1579	90	-17	17	1579	90	-17	17	1579	90	-17	17	1579	90	-17	17	1579
91	-19	19	1598	91	-19	19	1598	91	-19	19	1598	91	-19	19	1598	91	-19	19	1598	91	-19	19	1598	91	-19	19	1598	91	-19	19	1598	91	-19	19	1598
92	-15	15	1613	92	-15	15	1613	92	-15	15	1613	92	-15	15	1613	92	-15	15	1613	92	-15	15	1613	92	-15	15	1613	92	-15	15	1613	92	-15	15	1613
93	-21	21	1634	93	-21	21	1634	93	-21	21	1634	93	-21	21	1634	93	-21	21	1634	93	-21	21	1634	93	-21	21	1634	93	-21	21	1634	93	-21	21	1634
94	-21	21	1655	94	-21	21	1655	94	-21	21	1655	94	-21	21	1655	94	-21	21	1655	94	-21	21	1655	94	-21	21	1655	94	-21	21	1655	94	-21	21	1655
95	-19	19	1674	95	-19	19	1674	95	-19	19	1674	95	-19	19	1674	95	-19	19	1674	95	-19	19	1674	95	-19	19	1674	95	-19	19	1674	95	-19	19	1674
96	-118	19	1693	96	-118	19	1693	96	-118	19	1693	96	-118	19	1693	96	-118	19	1693	96	-118	19	1693	96	-118	19	1693	96	-118	19	1693	96	-118	19	1693
97	-17	17	1710	97	-17	17	1710	97	-17	17	1710	97	-17	17	1710	97	-17	17	1710	97	-17	17	1710	97	-17	17	1710	97	-17	17	1710	97	-17	17	1710
98	-15	15	1725	98	-15	15	1725	98	-15	15	1725	98	-15	15	1725	98	-15	15	1725	98	-15	15	1725	98	-15	15	1725	98	-15	15	1725	98	-15	15	1725
99	-17	17	1742	99	-17	17	1742	99	-17	17	1742	99	-17	17	1742	99	-17	17	1742	99	-17	17	1742	99	-17	17	1742	99	-17	17	1742	99	-17	17	1742
100	-23	23	1765	100	-23	23	1765	100	-23	23	1765	100	-23	23	1765	100	-23	23	1765	100	-23	23	1765	100	-23	23	1765	100	-23	23	1765	100	-23	23	1765
101	-17	17	1782	101	-17	17	1782	101	-17	17	1782	101	-17	17	1782	101	-17	17	1782	101	-17	17	1782	101	-17	17	1782	101	-17	17	1782	101	-17	17	1782
102	-17	17	1799	102	-17	17	1799	102	-17	17	1799	102	-17	17	1799	102	-17	17	1799	102	-17	17	1799	102	-17	17	1799	102	-17	17	1799	102	-17	17	1799
103	-15	15	1814	103	-15	15	1814	103	-15	15	1814	103	-15	15	1814	103	-15	15	1814	103	-15	15	1814	103	-15	15	1814	103	-15	15	1814	103	-15	15	1814
104	-17	17	1831	104	-17	17	1831	104	-17	17	1831	104	-17	17	1831	104	-17	17	1831	104	-17	17	1831	104	-17	17	1831	104	-17	17	1831	104	-17	17	1831
105	-17	17	1848	105	-17	17	1848	105	-17	17	1848	105	-17	17	1848	105	-17	17	1848	105	-17	17	1848	105	-17	17	1848	105	-17	17	1848	105	-17	17	1848
106	-123	24	1872	106	-123	24	1872	106	-123	24	1872	106	-123	24	1872	106	-123	24	1872	106	-123	24	1872	106	-123	24	1872	106	-123	24	1872	106	-123	24	1872
107	-15	15	1887	107	-15	15	1887	107	-15	15	1887	107	-15	15	1887	107	-15	15	1887	107	-15	15	1887	107	-15	15	1887	107	-15	15	1887	107	-15	15	1887
108	-19	19	1906	108	-19	19	1906	108	-19	19	1906	108	-19	19	1906	108	-19	19	1906	108	-19	19	1906	108	-19	19	1906	108	-19	19	1906	108	-19	19	1906
109	-24	24	1930	109	-24	24	1930	109	-24	24	1930	109	-24	24	1930	109	-24	24	1930	109	-24	24	1930	109	-24	24	1930	109	-24	24	1930	109	-24	24	1930
110	-17	17	1947	110	-17	17	1947	110	-17	17	1947	110	-17	17	1947	110	-17	17	1947	110	-17	17	1947	110	-17	17	1947	110	-17	17	1947	110	-17	17	1947
111	-17	17	1964	111	-17	17	1964	111	-17	17	1964	111	-17	17	1964	111	-17	17	1964	111	-17	17	1964	111	-17	17	1964	111	-17	17	1964	111	-17	17	1964
112	-19	19	1983	112	-19	19	1983	112	-19	19	1983	112	-19	19	1983	112	-19	19	1983	112	-19	19	1983	112	-19	19	1983	112	-19	19	1983	112	-19	19	1983
113	-19	19	2002	113	-19	19	2002	113	-19	19	2002	113	-19	19	2002	113	-19	19	2002	113	-19	19	2002	113	-19	19	2002	113	-19	19	2002	113	-19	19	2002
114	-15	15	2017	114	-15	15	2017	114	-15	15	2017	114	-15	15	2017	114	-15	15	2017	114	-15	15	2017	114	-15	15	2017	114	-15	15	2017	114	-15	15	2017
115	-20	20	2037	115	-20	20	2037	115	-20	20	2037	115	-20	20	2037	115	-20	20	2037	115	-20	20	2037	115	-20	20	2037	115	-20	20	2037	115	-20	20	2037
116	-17	17	2054	116	-17	17	2054	116	-17	17	2054	116	-17	17	2054	116	-17	17	2054	116	-17	17	2054	116	-17	17	2054	116	-17	17	2054	116	-17	17	2054
117	-21	21	2075	117	-21	21	2075	117	-21	21	2075	117	-21	21	2075	117	-21	21	2075	117	-21	21	2075	117	-21	21	2075	117	-21	21	2075	117	-21	21	2075
118	-15	15	2090	118	-15	15	2090	118	-15	15	2090	118	-15	15	2090	118	-15	15	2090	118	-15	15	2090	118	-15	15	2090	118	-15	15	2090	118	-15	15	2090
119	-17	17	2107	119	-17	17	2107	119	-17	17	2107	119	-17	17	2107	119	-17	17	2107	119	-17	17	2107	119	-17	17	2107	119	-17	17	2107	119	-17	17	2107
120	-21	21	2128	120	-21	21	2128	120	-21	21	2128	120	-21	21	2128	120	-21	21	2128	120	-21	21	2128	120	-21	21	2128	120	-21	21	2128	120	-21	21	2128
121	-15	15	2143	121	-15	15	2143	121	-15	15	2143	121	-15	15	2143	121	-15	15	2143	121	-15	15	2143	121	-15	15	2143	121	-15	15	2143	121	-15	15	2143
122	-15	15	2158	122	-15	15	2158	122	-15	15	2158	122	-15	15	2158	122	-15	15	2158	122	-15	15	2158	122	-15	15	2158	122	-15	15	2158	122	-15	15	2158
123	-17	17	2175	123	-17	17	2175	123	-17	17	2175	123	-17	17	2175	123	-17	17	2175	123	-17	17	2175	123	-17	17	2175	123	-17	17	2175	123	-17	17	2175
124	-15	15	2190	124	-15	15	2190	124	-15	15	2190	124	-15	15	2190	124	-15	15	2190	124	-15	15	2190	124	-15	15	2190	124	-15	15	2190	124	-15	15	2190
125	-15	15	2205	125	-15	15	2205	125	-15	15	2205	125	-15	15	2205	125	-15	15	2205	125	-15	15	2205	125	-15	15	2205	125	-15	15	2205	125	-15	15	2205
126	-15	15	2220	126	-15	15	2220	126	-15	15	2220	126	-15	15	2220	126	-15	15	2220	126	-15	15	2220	126	-15	15	2220	126	-15	15	2220	126	-15	15	2220
127	-15	15	2235	127	-15	15	2235	127	-15	15	2235	127	-15	15	2235	127	-15	15	2235	127	-15	15	2235	127	-15	15	2235	127	-15	15	2235	127	-15	15	2235
128	-15	15	2250	128	-15	15	2250	128	-15	15	2250	128	-15	15	2250	128	-15	15	2250	128	-15	15	2250	128	-15	15	2250	128	-15	15	2250	128	-15	15	2250
129	-19	19	2269	129	-19	19	2269	129	-19	19	2269	129	-19	19	2269	129	-19	19	2269	129	-19	19	2269	129	-19	19	2269	129	-19	19	2269	129	-19	19	2269
130	-16	16	2285	130	-16	16	2285	130	-16	16	2285	130	-16	16	2285	130	-16	16	2285	130	-16	16	2285	130	-16	16	2285	130	-16	16	2285	130	-16	16	2285
131	-116	17	2302	131	-116	17	2302	131	-116	17	2302	131	-116	17	2302	131	-116	17	2302	131	-116	17	2302	131	-116	17	2302	131	-116	17	2302	131	-116	17	2302
132	-16	16	2318	132	-16	16	2318	132	-16	16	2318	132	-16	16	2318	132	-16	16	2318	132	-16	16	2318	132	-16	16	2318	132	-16	16	2318	132	-16	16	2318
133	-15	15	2333	133	-15	15	2333	133	-15	15	2333	133	-15	15	2333	133	-15	15	2333	133	-15	15	2333	133	-15	15	2333	133	-15	15	2333	133	-15	15	2333
134	-22	22	2355	134	-22	22	2355	134	-22	22	2355	134	-22	22	2355	134	-22	22	2355	134	-22	22	2355	134	-22	22	2355	134	-22	22	2355	134	-22	22	2355
135	-15	15	2370	135	-15	15	2370	135	-15	15	2370	135	-15	15	2370	135	-15	15	2370	135	-15	15	2370	135	-15	15	2370	135	-15	15	2370	135	-15	15	2370
136	-19	19	2389	136	-19	19	2389	136	-19	19	2389	136	-19	19	2389	136	-19	19	2389	136	-19	19	2389	136	-19	19	2389	136	-19	19	2389	136	-19	19	2389
137	-15	15	2404	137	-15	15	2404	137	-15	15	2404	137	-15	15	2404	137	-15	15	2404	137	-15	15	2404	137	-15	15	2404	137	-15	15	2404	137	-15	15	2404
138	-18	18	2422	138	-18	18	2422	138	-18	18	2422	138	-18	18	2422	138	-18	18	2422	138	-18	18	2422	138	-18	18	2422	138	-18	18	2422	138	-18	18	2422
139	-19	19	2441	139	-19	19	2441	139	-19	19	2441	139	-19	19	2441	139	-19	19	2441	139	-19	19	2441	139	-19	19	2441	139	-19	19	2441	139	-19	19	2441
140	-17	17	2458	140	-17	17	2458	140	-17	17	2458	140	-17	17	2458	140	-17	17	2458	140	-17	17	2458	140	-17	17	2458	140	-17	17	2458	140	-17	17	2458
141	-19	19	2477	141	-19	19	2477	141	-19	19	2477	141	-19	19	2477	141	-19	19	2477	141	-19	19	2477	141	-19	19	2477	141	-19	19	2477	141	-19	19	2477
142	-19	19	2496	142	-19	19	2496	142	-19	19	2496	142	-19	19	2496	142	-19	19	2496	142	-19	19	2496	142	-19	19	2496	142	-19	19	2496	142	-19	19	2496
143	-17	17	2513	143	-17	17	2513	143	-17	17	2513	143	-17	17	2513	143	-17	17	2513	143	-17	17	2513	143	-17	17	2513	143	-17	17	2513	143	-17	17	2513
144	-22	22	2535	144	-22	22	2535	144	-22	22	2535	144	-22	22	2535	144	-22	22	2535	144	-22	22	2535	144	-22	22	2535	144	-22	22	2535	144	-22	22	2535
145	-17	17	2552	145	-17	17	2552	145	-17	17	2552	145	-17	17	2552	145	-17	17	2552	145	-17	17	2552	145	-17	17	2552	145	-17	17	2552	145	-17	17	2552
146	-15	15	2567	146	-15	15	2567	146	-15	15	2567	146	-15	15	2567	146	-15	15	2567	146	-15	15	2567	146	-15	15	2567	146	-15	15	2567	146	-15	15	2567
147	-18	18	2585	147	-18	18	2585	147	-18	18	2585	147	-18	18	2585	147	-18	18	2585	147	-18	18	2585	147	-18	18	2585	147	-18	18	2585	147	-18	18	2585
148	-15	15	2600	148	-15	15	2600	148	-15	15	2600	148	-15	15	2600	148	-15	15	2600	148	-15	15	2600	148	-15	15	2600	148	-15	15	2600	148	-15	15	2600
149	-117	18	2618	149	-117	18	2618	149	-117	18	2618	149	-117	18	2618	149	-117	18	2618	149	-117	18	2618	149	-117	18	2618	149	-117	18	2618	149	-117	18	2618
150	-17	17	2635	150	-17	17	2635	150	-17	17	2635	150	-17	17	2635	150	-17	17	2635	150	-17	17	2635	150	-17	17	2635	150	-17	17	2635	150	-17	17	2635
151	-15	15	2650	151	-15	15	2650	151	-15	15	2650	151	-15	15	2650	151	-15	15	2650	151	-15	15	2650	151	-15	15	2650	151	-15	15	2650	151	-15	15	2650
152	-19	19	2669	152	-19	19	2669	152	-19	19	2669	152	-19	19	2669	152	-19	19	2669	152	-19	19	2669	152	-19	19	2669	152	-19	19	2669	152	-19	19	2669
153	-117	18	2687	153	-117	18	2687	153	-117	18	2687	153	-117	18	2687	153	-117	18	2687	153	-117	18	2687	153	-117	18	2687	153	-117	18	2687	153	-117	18	2687
154	-17	17	2704	154	-17	17	2704	154	-17	17	2704	154	-17	17	2704	154	-17	17	2704	154	-17	17	2704	154	-17	17	2704	154	-17	17	2704	154	-17	17	2704
155	-19	19	2723	155	-19	19	2723	155	-19	19	2723	155	-19	19	2723	155	-19	19	2723	155	-19	19	2723	155	-19	19	2723	155	-19	19	2723	155	-19	19	2723
156	-25	25	2748	156	-25	25	2748	156	-25	25	2748	156	-25	25	2748	156	-25	25	2748	156	-25	25	2748	156	-25	25	2748	156	-25	25	2748	156	-25	25	2748
157	-18	18	2766	157	-18	18	2766	157	-18	18	2766	157	-18	18	2766	157	-18	18	2766	157	-18	18	2766	157	-18	18	2766	157	-18	18	2766	157	-18	18	2766
158	-17	17	2783	158	-17	17	2783	158	-17	17	2783	158	-17	17	2783	158	-17	17	2783	158	-17	17	2783	158	-17	17	2783	158	-17	17	2783	158	-17	17	2783
159	-17	17	2800	159	-17	17	2800	159	-17	17	2800	159	-17	17	2800	159	-17	17	2800	159	-17	17	2800	159	-17	17	2800	159	-17	17	2800	159	-17	17	2800
160	-15	15	2815	160	-15	15	2815	160	-15	15	2815	160	-15	15	2815	160	-15	15	2815	160	-15	15	2815	160	-15	15	2815	160	-15	15	2815	160	-15	15	2815
161	-17	17	2832	161	-17	17	2832	161	-17	17	2832	161	-17	17	2832	161	-17	17	2832	161	-17	17	2832	161	-17	17	2832	161	-17	17	2832	161	-17	17	2832
162	-15	15	2847	162	-15	15	2847	162	-15	15	2847	162	-15	15	2847	162	-15	15	2847	162	-15	15	2847	162	-15	15	2847	162	-15	15	2847	162	-15	15	2847
163	-118	19	2866	163	-118	19	2866	163	-118	19	2866	163	-118	19	2866	163	-118	19	2866	163	-118	19	2866	163	-118	19	2866	163	-118	19	2866	163	-118	19	2866
164	-19	19	2885	164	-19	19	2885	164	-19	19	2885	164	-19	19	2885	164	-19	19	2885	164	-19	19	2885	164	-19	19	2885	164	-19	19	2885	164	-19	19	2885
165	-15	15	2900	165	-15	15	2900	165	-15	15	2900	165	-15	15	2900	165	-15	15	2900	165	-15	15	2900	165	-15	15	2900	165	-15	15	2900	165	-15	15	2900
166	-15	15	2915	166	-15	15	2915	166	-15	15	2915	166	-15	15	2915	166	-15	15	2915	166	-15	15	2915	166	-15	15	2915	166	-15	15	2915	166	-15	15	2915
167	-19	19	2934	167	-19	19	2934	167	-19	19	2934	167	-19	19	2934	167	-19	19	2934	167	-19	19	2934	167	-19	19	2934	167	-19	19	2934	167	-19	19	2934
168	-17	17	2951	168	-17	17	2951	168	-17	17	2951	168	-17	17	2951	168	-17	17	2951	168	-17	17	2951	168	-17	17	2951	168	-17	17	2951	168	-17	17	2951
169	-16	16	2967	169	-16	16	2967	169	-16	16	2967	169	-16	16	2967	169	-16	16	2967	169	-16	16	2967	169	-16	16	2967	169	-16	16	2967	169	-16	16	2967
170	-17	17	2984	170	-17	17	2984	170	-17	17	2984	170	-17	17	2984	170	-17	17	2984	170	-17	17	2984	170	-17	17	2984	170	-17	17	2984	170	-17	17	2984
171	-18	18	3002	171	-18	18	3002	171	-18	18	3002	171	-18	18	3002	171	-18	18	3002	171	-18	18	3002	171	-18	18	3002	171	-18	18	3002	171	-18	18	3002
172	-17	17	3019	172	-17	17	3019	172	-17	17	3019	172	-17	17	3019	172	-17	17	3019	172	-17	17	3019	172	-17	17	3019	172	-17	17	3019	172	-17	17	3019
173	-19	19	3038	173	-19	19	3038	173	-19	19	3038	173	-19	19	3038	173	-19	19	3038	173	-19	19	3038	173	-19	19	3038	173	-19	19	3038	173	-19	19	3038
174	-15	15	3053	174	-15	15	3053	174	-15	15	3053	174	-15	15	3053	174	-15	15	3053	174	-15	15	3053	174	-15	15	3053	174	-15	15	3053	174	-15	15	3053
175	-23	23	3076	175	-23	23	3076	175	-23	23	3076	175	-23	23	3076	175	-23	23	3076	175	-23	23	3076	175	-23	23	3076	175	-23	23	3076	175	-23	23	3076
176	-15	15	3091	176	-15	15	3091	176	-15	15	3091	176	-15	15	3091	176	-15	15	3091	176	-15	15	3091	176	-15	15	3091	176	-15	15	3091	176	-15	15	3091
177	-15	15	3106	177	-15	15	3106	177	-15	15	3106	177	-15	15	3106	177	-15	15	3106	177	-15	15	3106	177	-15	15	3106	177	-15	15	3106	177	-15	15	3106
178	-15	15	3121	178	-15	15	3121	178	-15	15	3121	178	-15	15	3121	178	-15	15	3121	178	-15	15	3121	178	-15	15	3121	178	-15	15	3121	178	-15	15	3121
179	-15	15	3136	179	-15	15	3136	179	-15	15	3136	179	-15	15	3136	179	-15	15	3136	179	-15	15	3136	179	-15	15	3136	179	-15	15	3136	179	-15	15	3136
180	-17	17	3153	180	-17	17	3153	180	-17	17	3153	180	-17	17	3153	180	-17	17	3153	180	-17	17	3153	180	-17	17	3153	180	-17	17	3153	180	-17	17	3153
181	-16	16	3169	181	-16	16	3169	181	-16	16	3169	181	-16	16	3169	181	-16	16	3169	181	-16	16	3169	181	-16	16	3169	181	-16	16	3169	181	-16	16	3169
182	-15	15	3184	182	-15	15	3184	182	-15	15	3184	182	-15	15	3184	182	-15	15	3184	182	-15	15	3184	182	-15	15	3184	182	-15	15	3184	182	-15	15	3184
183	-17	17	3201	183	-17	17	3201	183	-17	17	3201	183	-17	17	3201	183	-17	17	3201	183	-17	17	3201	183	-17	17	3201	183	-17	17	3201	183	-17	17	3201
184	-18	18	3219	184	-18	18	3219	184	-18	18	3219	184	-18	18	3219	184	-18	18	3219	184	-18	18	3219	184	-18	18	3219	184	-18	18	3219	184	-18	18	3219
185	-15	15	3234	185	-15	15	3234	185	-15	15	3234	185	-15	15	3234	185	-15	15	3234	185	-15	15	3234	185	-15	15	3234	185	-15	15	3234	185	-15	15	3234
186	-15	15	3249	186	-15	15	3249	186	-15	15	3249	186	-15	15	3249	186	-15	15	3249	186	-15	15	3249	186	-15	15	3249	186	-15	15	3249	186	-15	15	3249
187	-15	15	3264	187	-15	15	3264	187	-15	15	3264	187	-15	15	3264	187	-15	15	3264	187	-15	15	3264	187	-15	15	3264	187	-15	15	3264	187	-15	15	3264
188	-17	17	3281	188	-17	17	3281	188	-17	17	3281	188	-17	17	3281	188	-17	17	3281	188	-17	17	3281	188	-17	17	3281	188	-17	17	3281	188	-17	17	3281
189	-22	22	3303	189	-22	22	3303	189	-22	22	3303	189	-22	22	3303	189	-22	22	3303	189	-22	22	3303	189	-22	22	3303	189	-22	22	3303	189	-22	22	3303
190	-15	15	3318	190	-15	15	3318	190	-15	15	3318	190	-15	15	3318	190	-15	15	3318	190	-15	15	3318	190	-15	15	3318	190	-15	15	3318	190	-15	15	3318
191	-19	19	3337	191	-19	19	3337	191	-19	19	3337	191	-19	19	3337	191	-19	19	3337	191	-19	19	3337	191	-19	19	3337	191	-19	19	3337	191	-19	19	3337
192	-21	21	3358	192	-21	21	3358	192	-21	21	3358	192	-21	21	3358	192	-21	21	3358	192	-21	21	3358	192	-21	21	3358	192	-21	21	3358	192	-21	21	3358
193	-16	16	3374	193	-16	16	3374	193	-16	16	3374	193	-16	16	3374	193	-16	16	3374	193	-16	16	3374	193	-16	16	3374	193	-16	16	3374	193	-16	16	3374
194	-17	17	3391	194	-17	17	3391	194	-17	17	3391	194	-17	17	3391	194	-17	17	3391	194	-17	17	3391	194	-17	17	3391	194	-17	17	3391	194	-17	17	3391
195	-15	15	3406	195	-15	15	3406	195	-15	15	3406	195	-15	15	3406	195	-15	15	3406	195	-15	15	3406	195	-15	15	3406	195	-15	15	3406	195	-15	15	3406
196	-17	17	3423	196	-17	17	3423	196	-17	17	3423	196	-17	17	3423	196	-17	17	3423	196	-17	17	3423	196	-17	17	3423	196	-17	17	3423	196	-17	17	3423
197	-15	15	3438	197	-15	15	3438	197	-15	15	3438	197	-15	15	3438	197	-15	15	3438	197	-15	15	3438	197	-15	15	3438	197	-15	15	3438	197	-15	15	3438
198	-17	17	3455	198	-17	17	3455	198	-17	17	3455	198	-17	17	3455	198	-17	17	3455	198	-17	17	3455	198	-17	17	3455	198	-17	17	3455	198	-17	17	3455
199	-16	16	3471	199	-16	16	3471	199	-16	16	3471	199	-16	16	3471	199	-16	16	3471	199	-16	16	3471	199	-16	16	3471	199	-16	16	3471	199	-16	16	3471
