Episode	Accumulated Reward	Length	Steps	Episode	Accumulated Reward	Length	Steps	Episode	Accumulated Reward	Length	Steps	Episode	Accumulated Reward	Length	Steps
0	-200.0	200	200	0	-200.0	200	200	0	-200.0	200	200	0	-200.0	200	200
1	-200.0	200	400	1	-200.0	200	400	1	-200.0	200	400	1	-200.0	200	400
2	-200.0	200	600	2	-200.0	200	600	2	-200.0	200	600	2	-200.0	200	600
3	-200.0	200	800	3	-200.0	200	800	3	-200.0	200	800	3	-200.0	200	800
4	-200.0	200	1000	4	-200.0	200	1000	4	-200.0	200	1000	4	-200.0	200	1000
5	-200.0	200	1200	5	-200.0	200	1200	5	-200.0	200	1200	5	-200.0	200	1200
6	-200.0	200	1400	6	-200.0	200	1400	6	-200.0	200	1400	6	-200.0	200	1400
7	-200.0	200	1600	7	-200.0	200	1600	7	-200.0	200	1600	7	-200.0	200	1600
8	-200.0	200	1800	8	-200.0	200	1800	8	-200.0	200	1800	8	-200.0	200	1800
9	-200.0	200	2000	9	-200.0	200	2000	9	-200.0	200	2000	9	-200.0	200	2000
10	-200.0	200	2200	10	-200.0	200	2200	10	-200.0	200	2200	10	-200.0	200	2200
11	-200.0	200	2400	11	-200.0	200	2400	11	-200.0	200	2400	11	-200.0	200	2400
12	-200.0	200	2600	12	-200.0	200	2600	12	-200.0	200	2600	12	-200.0	200	2600
13	-200.0	200	2800	13	-200.0	200	2800	13	-200.0	200	2800	13	-200.0	200	2800
14	-200.0	200	3000	14	-200.0	200	3000	14	-200.0	200	3000	14	-200.0	200	3000
15	-200.0	200	3200	15	-200.0	200	3200	15	-200.0	200	3200	15	-200.0	200	3200
16	-191.0	191	3391	16	-191.0	191	3391	16	-191.0	191	3391	16	-191.0	191	3391
17	-193.0	193	3584	17	-193.0	193	3584	17	-193.0	193	3584	17	-193.0	193	3584
18	-163.0	163	3747	18	-163.0	163	3747	18	-163.0	163	3747	18	-163.0	163	3747
19	-196.0	196	3943	19	-196.0	196	3943	19	-196.0	196	3943	19	-196.0	196	3943
20	-174.0	174	4117	20	-174.0	174	4117	20	-174.0	174	4117	20	-174.0	174	4117
21	-200.0	200	4317	21	-200.0	200	4317	21	-200.0	200	4317	21	-200.0	200	4317
22	-165.0	165	4482	22	-165.0	165	4482	22	-165.0	165	4482	22	-165.0	165	4482
23	-200.0	200	4682	23	-200.0	200	4682	23	-200.0	200	4682	23	-200.0	200	4682
24	-167.0	167	4849	24	-167.0	167	4849	24	-167.0	167	4849	24	-167.0	167	4849
25	-200.0	200	5049	25	-200.0	200	5049	25	-200.0	200	5049	25	-200.0	200	5049
26	-200.0	200	5249	26	-200.0	200	5249	26	-200.0	200	5249	26	-200.0	200	5249
27	-196.0	196	5445	27	-196.0	196	5445	27	-196.0	196	5445	27	-196.0	196	5445
28	-158.0	158	5603	28	-158.0	158	5603	28	-158.0	158	5603	28	-158.0	158	5603
29	-200.0	200	5803	29	-200.0	200	5803	29	-200.0	200	5803	29	-200.0	200	5803
30	-158.0	158	5961	30	-158.0	158	5961	30	-158.0	158	5961	30	-158.0	158	5961
31	-154.0	154	6115	31	-154.0	154	6115	31	-154.0	154	6115	31	-154.0	154	6115
32	-157.0	157	6272	32	-157.0	157	6272	32	-157.0	157	6272	32	-157.0	157	6272
33	-154.0	154	6426	33	-154.0	154	6426	33	-154.0	154	6426	33	-154.0	154	6426
34	-200.0	200	6626	34	-200.0	200	6626	34	-200.0	200	6626	34	-200.0	200	6626
35	-149.0	149	6775	35	-149.0	149	6775	35	-149.0	149	6775	35	-149.0	149	6775
36	-193.0	193	6968	36	-193.0	193	6968	36	-193.0	193	6968	36	-193.0	193	6968
37	-188.0	188	7156	37	-188.0	188	7156	37	-188.0	188	7156	37	-188.0	188	7156
38	-145.0	145	7301	38	-145.0	145	7301	38	-145.0	145	7301	38	-145.0	145	7301
39	-156.0	156	7457	39	-156.0	156	7457	39	-156.0	156	7457	39	-156.0	156	7457
40	-200.0	200	7657	40	-200.0	200	7657	40	-200.0	200	7657	40	-200.0	200	7657
41	-200.0	200	7857	41	-200.0	200	7857	41	-200.0	200	7857	41	-200.0	200	7857
42	-200.0	200	8057	42	-200.0	200	8057	42	-200.0	200	8057	42	-200.0	200	8057
43	-175.0	175	8232	43	-175.0	175	8232	43	-175.0	175	8232	43	-175.0	175	8232
44	-179.0	179	8411	44	-179.0	179	8411	44	-179.0	179	8411	44	-179.0	179	8411
45	-200.0	200	8611	45	-200.0	200	8611	45	-200.0	200	8611	45	-200.0	200	8611
46	-156.0	156	8767	46	-156.0	156	8767	46	-156.0	156	8767	46	-156.0	156	8767
47	-144.0	144	8911	47	-144.0	144	8911	47	-144.0	144	8911	47	-144.0	144	8911
48	-146.0	146	9057	48	-146.0	146	9057	48	-146.0	146	9057	48	-146.0	146	9057
49	-140.0	140	9197	49	-140.0	140	9197	49	-140.0	140	9197	49	-140.0	140	9197
50	-200.0	200	9397	50	-200.0	200	9397	50	-200.0	200	9397	50	-200.0	200	9397
51	-181.0	181	9578	51	-181.0	181	9578	51	-181.0	181	9578	51	-181.0	181	9578
52	-111.0	111	9689	52	-111.0	111	9689	52	-111.0	111	9689	52	-111.0	111	9689
53	-147.0	147	9836	53	-147.0	147	9836	53	-147.0	147	9836	53	-147.0	147	9836
54	-145.0	145	9981	54	-145.0	145	9981	54	-145.0	145	9981	54	-145.0	145	9981
55	-136.0	136	10117	55	-136.0	136	10117	55	-136.0	136	10117	55	-136.0	136	10117
56	-150.0	150	10267	56	-150.0	150	10267	56	-150.0	150	10267	56	-150.0	150	10267
57	-142.0	142	10409	57	-142.0	142	10409	57	-142.0	142	10409	57	-142.0	142	10409
58	-111.0	111	10520	58	-111.0	111	10520	58	-111.0	111	10520	58	-111.0	111	10520
59	-147.0	147	10667	59	-147.0	147	10667	59	-147.0	147	10667	59	-147.0	147	10667
60	-135.0	135	10802	60	-135.0	135	10802	60	-135.0	135	10802	60	-135.0	135	10802
61	-139.0	139	10941	61	-139.0	139	10941	61	-139.0	139	10941	61	-139.0	139	10941
62	-141.0	141	11082	62	-141.0	141	11082	62	-141.0	141	11082	62	-141.0	141	11082
63	-145.0	145	11227	63	-145.0	145	11227	63	-145.0	145	11227	63	-145.0	145	11227
64	-109.0	109	11336	64	-109.0	109	11336	64	-109.0	109	11336	64	-109.0	109	11336
65	-160.0	160	11496	65	-160.0	160	11496	65	-160.0	160	11496	65	-160.0	160	11496
66	-164.0	164	11660	66	-164.0	164	11660	66	-164.0	164	11660	66	-164.0	164	11660
67	-144.0	144	11804	67	-144.0	144	11804	67	-144.0	144	11804	67	-144.0	144	11804
68	-137.0	137	11941	68	-137.0	137	11941	68	-137.0	137	11941	68	-137.0	137	11941
69	-142.0	142	12083	69	-142.0	142	12083	69	-142.0	142	12083	69	-142.0	142	12083
70	-117.0	117	12200	70	-117.0	117	12200	70	-117.0	117	12200	70	-117.0	117	12200
71	-142.0	142	12342	71	-142.0	142	12342	71	-142.0	142	12342	71	-142.0	142	12342
72	-139.0	139	12481	72	-139.0	139	12481	72	-139.0	139	12481	72	-139.0	139	12481
73	-143.0	143	12624	73	-143.0	143	12624	73	-143.0	143	12624	73	-143.0	143	12624
74	-155.0	155	12779	74	-155.0	155	12779	74	-155.0	155	12779	74	-155.0	155	12779
75	-152.0	152	12931	75	-152.0	152	12931	75	-152.0	152	12931	75	-152.0	152	12931
76	-152.0	152	13083	76	-152.0	152	13083	76	-152.0	152	13083	76	-152.0	152	13083
77	-157.0	157	13240	77	-157.0	157	13240	77	-157.0	157	13240	77	-157.0	157	13240
78	-139.0	139	13379	78	-139.0	139	13379	78	-139.0	139	13379	78	-139.0	139	13379
79	-141.0	141	13520	79	-141.0	141	13520	79	-141.0	141	13520	79	-141.0	141	13520
80	-139.0	139	13659	80	-139.0	139	13659	80	-139.0	139	13659	80	-139.0	139	13659
81	-136.0	136	13795	81	-136.0	136	13795	81	-136.0	136	13795	81	-136.0	136	13795
82	-151.0	151	13946	82	-151.0	151	13946	82	-151.0	151	13946	82	-151.0	151	13946
83	-150.0	150	14096	83	-150.0	150	14096	83	-150.0	150	14096	83	-150.0	150	14096
84	-135.0	135	14231	84	-135.0	135	14231	84	-135.0	135	14231	84	-135.0	135	14231
85	-151.0	151	14382	85	-151.0	151	14382	85	-151.0	151	14382	85	-151.0	151	14382
86	-112.0	112	14494	86	-112.0	112	14494	86	-112.0	112	14494	86	-112.0	112	14494
87	-147.0	147	14641	87	-147.0	147	14641	87	-147.0	147	14641	87	-147.0	147	14641
88	-108.0	108	14749	88	-108.0	108	14749	88	-108.0	108	14749	88	-108.0	108	14749
89	-146.0	146	14895	89	-146.0	146	14895	89	-146.0	146	14895	89	-146.0	146	14895
90	-142.0	142	15037	90	-142.0	142	15037	90	-142.0	142	15037	90	-142.0	142	15037
91	-146.0	146	15183	91	-146.0	146	15183	91	-146.0	146	15183	91	-146.0	146	15183
92	-135.0	135	15318	92	-135.0	135	15318	92	-135.0	135	15318	92	-135.0	135	15318
93	-179.0	179	15497	93	-179.0	179	15497	93	-179.0	179	15497	93	-179.0	179	15497
94	-144.0	144	15641	94	-144.0	144	15641	94	-144.0	144	15641	94	-144.0	144	15641
95	-167.0	167	15808	95	-167.0	167	15808	95	-167.0	167	15808	95	-167.0	167	15808
96	-142.0	142	15950	96	-142.0	142	15950	96	-142.0	142	15950	96	-142.0	142	15950
97	-138.0	138	16088	97	-138.0	138	16088	97	-138.0	138	16088	97	-138.0	138	16088
98	-135.0	135	16223	98	-135.0	135	16223	98	-135.0	135	16223	98	-135.0	135	16223
99	-135.0	135	16358	99	-135.0	135	16358	99	-135.0	135	16358	99	-135.0	135	16358
100	-200.0	200	16558	100	-200.0	200	16558	100	-200.0	200	16558	100	-200.0	200	16558
101	-200.0	200	16758	101	-200.0	200	16758	101	-200.0	200	16758	101	-200.0	200	16758
102	-138.0	138	16896	102	-138.0	138	16896	102	-138.0	138	16896	102	-138.0	138	16896
103	-177.0	177	17073	103	-177.0	177	17073	103	-177.0	177	17073	103	-177.0	177	17073
104	-138.0	138	17211	104	-138.0	138	17211	104	-138.0	138	17211	104	-138.0	138	17211
105	-140.0	140	17351	105	-140.0	140	17351	105	-140.0	140	17351	105	-140.0	140	17351
106	-109.0	109	17460	106	-109.0	109	17460	106	-109.0	109	17460	106	-109.0	109	17460
107	-137.0	137	17597	107	-137.0	137	17597	107	-137.0	137	17597	107	-137.0	137	17597
108	-165.0	165	17762	108	-165.0	165	17762	108	-165.0	165	17762	108	-165.0	165	17762
109	-181.0	181	17943	109	-181.0	181	17943	109	-181.0	181	17943	109	-181.0	181	17943
110	-152.0	152	18095	110	-152.0	152	18095	110	-152.0	152	18095	110	-152.0	152	18095
111	-147.0	147	18242	111	-147.0	147	18242	111	-147.0	147	18242	111	-147.0	147	18242
112	-149.0	149	18391	112	-149.0	149	18391	112	-149.0	149	18391	112	-149.0	149	18391
113	-133.0	133	18524	113	-133.0	133	18524	113	-133.0	133	18524	113	-133.0	133	18524
114	-144.0	144	18668	114	-144.0	144	18668	114	-144.0	144	18668	114	-144.0	144	18668
115	-107.0	107	18775	115	-107.0	107	18775	115	-107.0	107	18775	115	-107.0	107	18775
116	-155.0	155	18930	116	-155.0	155	18930	116	-155.0	155	18930	116	-155.0	155	18930
117	-114.0	114	19044	117	-114.0	114	19044	117	-114.0	114	19044	117	-114.0	114	19044
118	-108.0	108	19152	118	-108.0	108	19152	118	-108.0	108	19152	118	-108.0	108	19152
119	-109.0	109	19261	119	-109.0	109	19261	119	-109.0	109	19261	119	-109.0	109	19261
120	-109.0	109	19370	120	-109.0	109	19370	120	-109.0	109	19370	120	-109.0	109	19370
121	-109.0	109	19479	121	-109.0	109	19479	121	-109.0	109	19479	121	-109.0	109	19479
122	-107.0	107	19586	122	-107.0	107	19586	122	-107.0	107	19586	122	-107.0	107	19586
123	-149.0	149	19735	123	-149.0	149	19735	123	-149.0	149	19735	123	-149.0	149	19735
124	-177.0	177	19912	124	-177.0	177	19912	124	-177.0	177	19912	124	-177.0	177	19912
125	-142.0	142	20054	125	-142.0	142	20054	125	-142.0	142	20054	125	-142.0	142	20054
126	-138.0	138	20192	126	-138.0	138	20192	126	-138.0	138	20192	126	-138.0	138	20192
127	-135.0	135	20327	127	-135.0	135	20327	127	-135.0	135	20327	127	-135.0	135	20327
128	-143.0	143	20470	128	-143.0	143	20470	128	-143.0	143	20470	128	-143.0	143	20470
129	-186.0	186	20656	129	-186.0	186	20656	129	-186.0	186	20656	129	-186.0	186	20656
130	-177.0	177	20833	130	-177.0	177	20833	130	-177.0	177	20833	130	-177.0	177	20833
131	-143.0	143	20976	131	-143.0	143	20976	131	-143.0	143	20976	131	-143.0	143	20976
132	-181.0	181	21157	132	-181.0	181	21157	132	-181.0	181	21157	132	-181.0	181	21157
133	-111.0	111	21268	133	-111.0	111	21268	133	-111.0	111	21268	133	-111.0	111	21268
134	-108.0	108	21376	134	-108.0	108	21376	134	-108.0	108	21376	134	-108.0	108	21376
135	-162.0	162	21538	135	-162.0	162	21538	135	-162.0	162	21538	135	-162.0	162	21538
136	-108.0	108	21646	136	-108.0	108	21646	136	-108.0	108	21646	136	-108.0	108	21646
137	-106.0	106	21752	137	-106.0	106	21752	137	-106.0	106	21752	137	-106.0	106	21752
138	-166.0	166	21918	138	-166.0	166	21918	138	-166.0	166	21918	138	-166.0	166	21918
139	-140.0	140	22058	139	-140.0	140	22058	139	-140.0	140	22058	139	-140.0	140	22058
140	-110.0	110	22168	140	-110.0	110	22168	140	-110.0	110	22168	140	-110.0	110	22168
141	-174.0	174	22342	141	-174.0	174	22342	141	-174.0	174	22342	141	-174.0	174	22342
142	-136.0	136	22478	142	-136.0	136	22478	142	-136.0	136	22478	142	-136.0	136	22478
143	-160.0	160	22638	143	-160.0	160	22638	143	-160.0	160	22638	143	-160.0	160	22638
144	-154.0	154	22792	144	-154.0	154	22792	144	-154.0	154	22792	144	-154.0	154	22792
145	-120.0	120	22912	145	-120.0	120	22912	145	-120.0	120	22912	145	-120.0	120	22912
146	-144.0	144	23056	146	-144.0	144	23056	146	-144.0	144	23056	146	-144.0	144	23056
147	-144.0	144	23200	147	-144.0	144	23200	147	-144.0	144	23200	147	-144.0	144	23200
148	-147.0	147	23347	148	-147.0	147	23347	148	-147.0	147	23347	148	-147.0	147	23347
149	-136.0	136	23483	149	-136.0	136	23483	149	-136.0	136	23483	149	-136.0	136	23483
150	-131.0	131	23614	150	-131.0	131	23614	150	-131.0	131	23614	150	-131.0	131	23614
151	-146.0	146	23760	151	-146.0	146	23760	151	-146.0	146	23760	151	-146.0	146	23760
152	-134.0	134	23894	152	-134.0	134	23894	152	-134.0	134	23894	152	-134.0	134	23894
153	-139.0	139	24033	153	-139.0	139	24033	153	-139.0	139	24033	153	-139.0	139	24033
154	-106.0	106	24139	154	-106.0	106	24139	154	-106.0	106	24139	154	-106.0	106	24139
155	-138.0	138	24277	155	-138.0	138	24277	155	-138.0	138	24277	155	-138.0	138	24277
156	-148.0	148	24425	156	-148.0	148	24425	156	-148.0	148	24425	156	-148.0	148	24425
157	-138.0	138	24563	157	-138.0	138	24563	157	-138.0	138	24563	157	-138.0	138	24563
158	-137.0	137	24700	158	-137.0	137	24700	158	-137.0	137	24700	158	-137.0	137	24700
159	-114.0	114	24814	159	-114.0	114	24814	159	-114.0	114	24814	159	-114.0	114	24814
160	-132.0	132	24946	160	-132.0	132	24946	160	-132.0	132	24946	160	-132.0	132	24946
161	-106.0	106	25052	161	-106.0	106	25052	161	-106.0	106	25052	161	-106.0	106	25052
162	-138.0	138	25190	162	-138.0	138	25190	162	-138.0	138	25190	162	-138.0	138	25190
163	-137.0	137	25327	163	-137.0	137	25327	163	-137.0	137	25327	163	-137.0	137	25327
164	-145.0	145	25472	164	-145.0	145	25472	164	-145.0	145	25472	164	-145.0	145	25472
165	-171.0	171	25643	165	-171.0	171	25643	165	-171.0	171	25643	165	-171.0	171	25643
166	-198.0	198	25841	166	-198.0	198	25841	166	-198.0	198	25841	166	-198.0	198	25841
167	-136.0	136	25977	167	-136.0	136	25977	167	-136.0	136	25977	167	-136.0	136	25977
168	-137.0	137	26114	168	-137.0	137	26114	168	-137.0	137	26114	168	-137.0	137	26114
169	-184.0	184	26298	169	-184.0	184	26298	169	-184.0	184	26298	169	-184.0	184	26298
170	-141.0	141	26439	170	-141.0	141	26439	170	-141.0	141	26439	170	-141.0	141	26439
171	-183.0	183	26622	171	-183.0	183	26622	171	-183.0	183	26622	171	-183.0	183	26622
172	-190.0	190	26812	172	-190.0	190	26812	172	-190.0	190	26812	172	-190.0	190	26812
173	-106.0	106	26918	173	-106.0	106	26918	173	-106.0	106	26918	173	-106.0	106	26918
174	-109.0	109	27027	174	-109.0	109	27027	174	-109.0	109	27027	174	-109.0	109	27027
175	-108.0	108	27135	175	-108.0	108	27135	175	-108.0	108	27135	175	-108.0	108	27135
176	-148.0	148	27283	176	-148.0	148	27283	176	-148.0	148	27283	176	-148.0	148	27283
177	-113.0	113	27396	177	-113.0	113	27396	177	-113.0	113	27396	177	-113.0	113	27396
178	-142.0	142	27538	178	-142.0	142	27538	178	-142.0	142	27538	178	-142.0	142	27538
179	-108.0	108	27646	179	-108.0	108	27646	179	-108.0	108	27646	179	-108.0	108	27646
180	-144.0	144	27790	180	-144.0	144	27790	180	-144.0	144	27790	180	-144.0	144	27790
181	-109.0	109	27899	181	-109.0	109	27899	181	-109.0	109	27899	181	-109.0	109	27899
182	-109.0	109	28008	182	-109.0	109	28008	182	-109.0	109	28008	182	-109.0	109	28008
183	-162.0	162	28170	183	-162.0	162	28170	183	-162.0	162	28170	183	-162.0	162	28170
184	-150.0	150	28320	184	-150.0	150	28320	184	-150.0	150	28320	184	-150.0	150	28320
185	-152.0	152	28472	185	-152.0	152	28472	185	-152.0	152	28472	185	-152.0	152	28472
186	-140.0	140	28612	186	-140.0	140	28612	186	-140.0	140	28612	186	-140.0	140	28612
187	-118.0	118	28730	187	-118.0	118	28730	187	-118.0	118	28730	187	-118.0	118	28730
188	-188.0	188	28918	188	-188.0	188	28918	188	-188.0	188	28918	188	-188.0	188	28918
189	-111.0	111	29029	189	-111.0	111	29029	189	-111.0	111	29029	189	-111.0	111	29029
190	-113.0	113	29142	190	-113.0	113	29142	190	-113.0	113	29142	190	-113.0	113	29142
191	-111.0	111	29253	191	-111.0	111	29253	191	-111.0	111	29253	191	-111.0	111	29253
192	-141.0	141	29394	192	-141.0	141	29394	192	-141.0	141	29394	192	-141.0	141	29394
193	-110.0	110	29504	193	-110.0	110	29504	193	-110.0	110	29504	193	-110.0	110	29504
194	-157.0	157	29661	194	-157.0	157	29661	194	-157.0	157	29661	194	-157.0	157	29661
195	-154.0	154	29815	195	-154.0	154	29815	195	-154.0	154	29815	195	-154.0	154	29815
196	-133.0	133	29948	196	-133.0	133	29948	196	-133.0	133	29948	196	-133.0	133	29948
197	-134.0	134	30082	197	-134.0	134	30082	197	-134.0	134	30082	197	-134.0	134	30082
198	-169.0	169	30251	198	-169.0	169	30251	198	-169.0	169	30251	198	-169.0	169	30251
199	-164.0	164	30415	199	-164.0	164	30415	199	-164.0	164	30415	199	-164.0	164	30415
200	-160.0	160	30575	200	-160.0	160	30575	200	-160.0	160	30575	200	-160.0	160	30575
201	-172.0	172	30747	201	-172.0	172	30747	201	-172.0	172	30747	201	-172.0	172	30747
202	-146.0	146	30893	202	-146.0	146	30893	202	-146.0	146	30893	202	-146.0	146	30893
203	-136.0	136	31029	203	-136.0	136	31029	203	-136.0	136	31029	203	-136.0	136	31029
204	-145.0	145	31174	204	-145.0	145	31174	204	-145.0	145	31174	204	-145.0	145	31174
205	-139.0	139	31313	205	-139.0	139	31313	205	-139.0	139	31313	205	-139.0	139	31313
206	-154.0	154	31467	206	-154.0	154	31467	206	-154.0	154	31467	206	-154.0	154	31467
207	-153.0	153	31620	207	-153.0	153	31620	207	-153.0	153	31620	207	-153.0	153	31620
208	-140.0	140	31760	208	-140.0	140	31760	208	-140.0	140	31760	208	-140.0	140	31760
209	-135.0	135	31895	209	-135.0	135	31895	209	-135.0	135	31895	209	-135.0	135	31895
210	-157.0	157	32052	210	-157.0	157	32052	210	-157.0	157	32052	210	-157.0	157	32052
211	-141.0	141	32193	211	-141.0	141	32193	211	-141.0	141	32193	211	-141.0	141	32193
212	-149.0	149	32342	212	-149.0	149	32342	212	-149.0	149	32342	212	-149.0	149	32342
213	-136.0	136	32478	213	-136.0	136	32478	213	-136.0	136	32478	213	-136.0	136	32478
214	-136.0	136	32614	214	-136.0	136	32614	214	-136.0	136	32614	214	-136.0	136	32614
215	-136.0	136	32750	215	-136.0	136	32750	215	-136.0	136	32750	215	-136.0	136	32750
216	-134.0	134	32884	216	-134.0	134	32884	216	-134.0	134	32884	216	-134.0	134	32884
217	-137.0	137	33021	217	-137.0	137	33021	217	-137.0	137	33021	217	-137.0	137	33021
218	-134.0	134	33155	218	-134.0	134	33155	218	-134.0	134	33155	218	-134.0	134	33155
219	-138.0	138	33293	219	-138.0	138	33293	219	-138.0	138	33293	219	-138.0	138	33293
220	-137.0	137	33430	220	-137.0	137	33430	220	-137.0	137	33430	220	-137.0	137	33430
221	-139.0	139	33569	221	-139.0	139	33569	221	-139.0	139	33569	221	-139.0	139	33569
222	-112.0	112	33681	222	-112.0	112	33681	222	-112.0	112	33681	222	-112.0	112	33681
223	-107.0	107	33788	223	-107.0	107	33788	223	-107.0	107	33788	223	-107.0	107	33788
224	-107.0	107	33895	224	-107.0	107	33895	224	-107.0	107	33895	224	-107.0	107	33895
225	-106.0	106	34001	225	-106.0	106	34001	225	-106.0	106	34001	225	-106.0	106	34001
226	-105.0	105	34106	226	-105.0	105	34106	226	-105.0	105	34106	226	-105.0	105	34106
227	-150.0	150	34256	227	-150.0	150	34256	227	-150.0	150	34256	227	-150.0	150	34256
228	-106.0	106	34362	228	-106.0	106	34362	228	-106.0	106	34362	228	-106.0	106	34362
229	-111.0	111	34473	229	-111.0	111	34473	229	-111.0	111	34473	229	-111.0	111	34473
230	-109.0	109	34582	230	-109.0	109	34582	230	-109.0	109	34582	230	-109.0	109	34582
231	-179.0	179	34761	231	-179.0	179	34761	231	-179.0	179	34761	231	-179.0	179	34761
232	-116.0	116	34877	232	-116.0	116	34877	232	-116.0	116	34877	232	-116.0	116	34877
233	-110.0	110	34987	233	-110.0	110	34987	233	-110.0	110	34987	233	-110.0	110	34987
234	-109.0	109	35096	234	-109.0	109	35096	234	-109.0	109	35096	234	-109.0	109	35096
235	-106.0	106	35202	235	-106.0	106	35202	235	-106.0	106	35202	235	-106.0	106	35202
236	-155.0	155	35357	236	-155.0	155	35357	236	-155.0	155	35357	236	-155.0	155	35357
237	-146.0	146	35503	237	-146.0	146	35503	237	-146.0	146	35503	237	-146.0	146	35503
238	-105.0	105	35608	238	-105.0	105	35608	238	-105.0	105	35608	238	-105.0	105	35608
239	-105.0	105	35713	239	-105.0	105	35713	239	-105.0	105	35713	239	-105.0	105	35713
240	-148.0	148	35861	240	-148.0	148	35861	240	-148.0	148	35861	240	-148.0	148	35861
241	-138.0	138	35999	241	-138.0	138	35999	241	-138.0	138	35999	241	-138.0	138	35999
242	-106.0	106	36105	242	-106.0	106	36105	242	-106.0	106	36105	242	-106.0	106	36105
243	-169.0	169	36274	243	-169.0	169	36274	243	-169.0	169	36274	243	-169.0	169	36274
244	-106.0	106	36380	244	-106.0	106	36380	244	-106.0	106	36380	244	-106.0	106	36380
245	-106.0	106	36486	245	-106.0	106	36486	245	-106.0	106	36486	245	-106.0	106	36486
246	-138.0	138	36624	246	-138.0	138	36624	246	-138.0	138	36624	246	-138.0	138	36624
247	-116.0	116	36740	247	-116.0	116	36740	247	-116.0	116	36740	247	-116.0	116	36740
248	-106.0	106	36846	248	-106.0	106	36846	248	-106.0	106	36846	248	-106.0	106	36846
249	-106.0	106	36952	249	-106.0	106	36952	249	-106.0	106	36952	249	-106.0	106	36952
250	-142.0	142	37094	250	-142.0	142	37094	250	-142.0	142	37094	250	-142.0	142	37094
251	-152.0	152	37246	251	-152.0	152	37246	251	-152.0	152	37246	251	-152.0	152	37246
252	-111.0	111	37357	252	-111.0	111	37357	252	-111.0	111	37357	252	-111.0	111	37357
253	-144.0	144	37501	253	-144.0	144	37501	253	-144.0	144	37501	253	-144.0	144	37501
254	-110.0	110	37611	254	-110.0	110	37611	254	-110.0	110	37611	254	-110.0	110	37611
255	-139.0	139	37750	255	-139.0	139	37750	255	-139.0	139	37750	255	-139.0	139	37750
256	-90.0	90	37840	256	-90.0	90	37840	256	-90.0	90	37840	256	-90.0	90	37840
257	-137.0	137	37977	257	-137.0	137	37977	257	-137.0	137	37977	257	-137.0	137	37977
258	-168.0	168	38145	258	-168.0	168	38145	258	-168.0	168	38145	258	-168.0	168	38145
259	-152.0	152	38297	259	-152.0	152	38297	259	-152.0	152	38297	259	-152.0	152	38297
260	-158.0	158	38455	260	-158.0	158	38455	260	-158.0	158	38455	260	-158.0	158	38455
261	-143.0	143	38598	261	-143.0	143	38598	261	-143.0	143	38598	261	-143.0	143	38598
262	-104.0	104	38702	262	-104.0	104	38702	262	-104.0	104	38702	262	-104.0	104	38702
263	-138.0	138	38840	263	-138.0	138	38840	263	-138.0	138	38840	263	-138.0	138	38840
264	-89.0	89	38929	264	-89.0	89	38929	264	-89.0	89	38929	264	-89.0	89	38929
265	-95.0	95	39024	265	-95.0	95	39024	265	-95.0	95	39024	265	-95.0	95	39024
266	-140.0	140	39164	266	-140.0	140	39164	266	-140.0	140	39164	266	-140.0	140	39164
267	-105.0	105	39269	267	-105.0	105	39269	267	-105.0	105	39269	267	-105.0	105	39269
268	-137.0	137	39406	268	-137.0	137	39406	268	-137.0	137	39406	268	-137.0	137	39406
269	-135.0	135	39541	269	-135.0	135	39541	269	-135.0	135	39541	269	-135.0	135	39541
270	-146.0	146	39687	270	-146.0	146	39687	270	-146.0	146	39687	270	-146.0	146	39687
271	-105.0	105	39792	271	-105.0	105	39792	271	-105.0	105	39792	271	-105.0	105	39792
272	-151.0	151	39943	272	-151.0	151	39943	272	-151.0	151	39943	272	-151.0	151	39943
273	-106.0	106	40049	273	-106.0	106	40049	273	-106.0	106	40049	273	-106.0	106	40049
274	-141.0	141	40190	274	-141.0	141	40190	274	-141.0	141	40190	274	-141.0	141	40190
275	-105.0	105	40295	275	-105.0	105	40295	275	-105.0	105	40295	275	-105.0	105	40295
276	-88.0	88	40383	276	-88.0	88	40383	276	-88.0	88	40383	276	-88.0	88	40383
277	-100.0	100	40483	277	-100.0	100	40483	277	-100.0	100	40483	277	-100.0	100	40483
278	-172.0	172	40655	278	-172.0	172	40655	278	-172.0	172	40655	278	-172.0	172	40655
279	-160.0	160	40815	279	-160.0	160	40815	279	-160.0	160	40815	279	-160.0	160	40815
280	-104.0	104	40919	280	-104.0	104	40919	280	-104.0	104	40919	280	-104.0	104	40919
281	-148.0	148	41067	281	-148.0	148	41067	281	-148.0	148	41067	281	-148.0	148	41067
282	-158.0	158	41225	282	-158.0	158	41225	282	-158.0	158	41225	282	-158.0	158	41225
283	-136.0	136	41361	283	-136.0	136	41361	283	-136.0	136	41361	283	-136.0	136	41361
284	-132.0	132	41493	284	-132.0	132	41493	284	-132.0	132	41493	284	-132.0	132	41493
285	-138.0	138	41631	285	-138.0	138	41631	285	-138.0	138	41631	285	-138.0	138	41631
286	-176.0	176	41807	286	-176.0	176	41807	286	-176.0	176	41807	286	-176.0	176	41807
287	-182.0	182	41989	287	-182.0	182	41989	287	-182.0	182	41989	287	-182.0	182	41989
288	-137.0	137	42126	288	-137.0	137	42126	288	-137.0	137	42126	288	-137.0	137	42126
289	-134.0	134	42260	289	-134.0	134	42260	289	-134.0	134	42260	289	-134.0	134	42260
290	-134.0	134	42394	290	-134.0	134	42394	290	-134.0	134	42394	290	-134.0	134	42394
291	-128.0	128	42522	291	-128.0	128	42522	291	-128.0	128	42522	291	-128.0	128	42522
292	-136.0	136	42658	292	-136.0	136	42658	292	-136.0	136	42658	292	-136.0	136	42658
293	-179.0	179	42837	293	-179.0	179	42837	293	-179.0	179	42837	293	-179.0	179	42837
294	-131.0	131	42968	294	-131.0	131	42968	294	-131.0	131	42968	294	-131.0	131	42968
295	-151.0	151	43119	295	-151.0	151	43119	295	-151.0	151	43119	295	-151.0	151	43119
296	-136.0	136	43255	296	-136.0	136	43255	296	-136.0	136	43255	296	-136.0	136	43255
297	-131.0	131	43386	297	-131.0	131	43386	297	-131.0	131	43386	297	-131.0	131	43386
298	-137.0	137	43523	298	-137.0	137	43523	298	-137.0	137	43523	298	-137.0	137	43523
299	-141.0	141	43664	299	-141.0	141	43664	299	-141.0	141	43664	299	-141.0	141	43664
