Episode	Accumulated Reward	Length	Steps
0	-200.0	200	200
1	-200.0	200	400
2	-200.0	200	600
3	-200.0	200	800
4	-200.0	200	1000
5	-200.0	200	1200
6	-200.0	200	1400
7	-200.0	200	1600
8	-200.0	200	1800
9	-200.0	200	2000
10	-200.0	200	2200
11	-200.0	200	2400
12	-200.0	200	2600
13	-200.0	200	2800
14	-200.0	200	3000
15	-200.0	200	3200
16	-200.0	200	3400
17	-158.0	158	3558
18	-200.0	200	3758
19	-200.0	200	3958
20	-200.0	200	4158
21	-195.0	195	4353
22	-197.0	197	4550
23	-195.0	195	4745
24	-194.0	194	4939
25	-158.0	158	5097
26	-155.0	155	5252
27	-200.0	200	5452
28	-167.0	167	5619
29	-194.0	194	5813
30	-200.0	200	6013
31	-200.0	200	6213
32	-188.0	188	6401
33	-200.0	200	6601
34	-156.0	156	6757
35	-200.0	200	6957
36	-187.0	187	7144
37	-200.0	200	7344
38	-155.0	155	7499
39	-147.0	147	7646
40	-117.0	117	7763
41	-176.0	176	7939
42	-128.0	128	8067
43	-171.0	171	8238
44	-129.0	129	8367
45	-152.0	152	8519
46	-121.0	121	8640
47	-144.0	144	8784
48	-109.0	109	8893
49	-109.0	109	9002
50	-172.0	172	9174
51	-176.0	176	9350
52	-175.0	175	9525
53	-142.0	142	9667
54	-136.0	136	9803
55	-147.0	147	9950
56	-142.0	142	10092
57	-153.0	153	10245
58	-200.0	200	10445
59	-149.0	149	10594
60	-111.0	111	10705
61	-152.0	152	10857
62	-147.0	147	11004
63	-111.0	111	11115
64	-114.0	114	11229
65	-146.0	146	11375
66	-140.0	140	11515
67	-110.0	110	11625
68	-137.0	137	11762
69	-190.0	190	11952
70	-200.0	200	12152
71	-173.0	173	12325
72	-149.0	149	12474
73	-145.0	145	12619
74	-200.0	200	12819
75	-154.0	154	12973
76	-146.0	146	13119
77	-144.0	144	13263
78	-124.0	124	13387
79	-122.0	122	13509
80	-140.0	140	13649
81	-130.0	130	13779
82	-142.0	142	13921
83	-123.0	123	14044
84	-105.0	105	14149
85	-112.0	112	14261
86	-107.0	107	14368
87	-143.0	143	14511
88	-192.0	192	14703
89	-105.0	105	14808
90	-142.0	142	14950
91	-167.0	167	15117
92	-173.0	173	15290
93	-145.0	145	15435
94	-143.0	143	15578
95	-143.0	143	15721
96	-134.0	134	15855
97	-135.0	135	15990
98	-138.0	138	16128
99	-133.0	133	16261
100	-139.0	139	16400
101	-146.0	146	16546
102	-141.0	141	16687
103	-140.0	140	16827
104	-168.0	168	16995
105	-154.0	154	17149
106	-134.0	134	17283
107	-147.0	147	17430
108	-150.0	150	17580
109	-135.0	135	17715
110	-143.0	143	17858
111	-107.0	107	17965
112	-114.0	114	18079
113	-178.0	178	18257
114	-187.0	187	18444
115	-162.0	162	18606
116	-179.0	179	18785
117	-146.0	146	18931
118	-143.0	143	19074
119	-155.0	155	19229
120	-117.0	117	19346
121	-147.0	147	19493
122	-150.0	150	19643
123	-142.0	142	19785
124	-136.0	136	19921
125	-136.0	136	20057
126	-136.0	136	20193
127	-147.0	147	20340
128	-143.0	143	20483
129	-171.0	171	20654
130	-164.0	164	20818
131	-177.0	177	20995
132	-141.0	141	21136
133	-142.0	142	21278
134	-137.0	137	21415
135	-136.0	136	21551
136	-135.0	135	21686
137	-149.0	149	21835
138	-134.0	134	21969
139	-165.0	165	22134
140	-133.0	133	22267
141	-133.0	133	22400
142	-145.0	145	22545
143	-141.0	141	22686
144	-169.0	169	22855
145	-177.0	177	23032
146	-173.0	173	23205
147	-119.0	119	23324
148	-155.0	155	23479
149	-191.0	191	23670
150	-126.0	126	23796
151	-108.0	108	23904
152	-97.0	97	24001
153	-153.0	153	24154
154	-140.0	140	24294
155	-139.0	139	24433
156	-115.0	115	24548
157	-90.0	90	24638
158	-130.0	130	24768
159	-110.0	110	24878
160	-135.0	135	25013
161	-132.0	132	25145
162	-107.0	107	25252
163	-107.0	107	25359
164	-122.0	122	25481
165	-105.0	105	25586
166	-104.0	104	25690
167	-128.0	128	25818
168	-119.0	119	25937
169	-87.0	87	26024
170	-158.0	158	26182
171	-104.0	104	26286
172	-133.0	133	26419
173	-138.0	138	26557
174	-116.0	116	26673
175	-161.0	161	26834
176	-133.0	133	26967
177	-200.0	200	27167
178	-154.0	154	27321
179	-137.0	137	27458
180	-89.0	89	27547
181	-131.0	131	27678
182	-130.0	130	27808
183	-191.0	191	27999
184	-132.0	132	28131
185	-148.0	148	28279
186	-141.0	141	28420
187	-134.0	134	28554
188	-173.0	173	28727
189	-149.0	149	28876
190	-155.0	155	29031
191	-130.0	130	29161
192	-129.0	129	29290
193	-131.0	131	29421
194	-123.0	123	29544
195	-121.0	121	29665
196	-200.0	200	29865
197	-105.0	105	29970
198	-105.0	105	30075
199	-183.0	183	30258
200	-86.0	86	30344
201	-139.0	139	30483
202	-105.0	105	30588
203	-147.0	147	30735
204	-105.0	105	30840
205	-105.0	105	30945
206	-149.0	149	31094
207	-142.0	142	31236
208	-180.0	180	31416
209	-176.0	176	31592
210	-133.0	133	31725
211	-132.0	132	31857
212	-105.0	105	31962
213	-136.0	136	32098
214	-136.0	136	32234
215	-107.0	107	32341
216	-108.0	108	32449
217	-106.0	106	32555
218	-140.0	140	32695
219	-109.0	109	32804
220	-109.0	109	32913
221	-107.0	107	33020
222	-109.0	109	33129
223	-134.0	134	33263
224	-109.0	109	33372
225	-135.0	135	33507
226	-132.0	132	33639
227	-131.0	131	33770
228	-135.0	135	33905
229	-137.0	137	34042
230	-134.0	134	34176
231	-113.0	113	34289
232	-182.0	182	34471
233	-143.0	143	34614
234	-165.0	165	34779
235	-111.0	111	34890
236	-135.0	135	35025
237	-134.0	134	35159
238	-133.0	133	35292
239	-137.0	137	35429
240	-133.0	133	35562
241	-175.0	175	35737
242	-182.0	182	35919
243	-135.0	135	36054
244	-144.0	144	36198
245	-181.0	181	36379
246	-139.0	139	36518
247	-109.0	109	36627
248	-136.0	136	36763
249	-133.0	133	36896
250	-109.0	109	37005
251	-108.0	108	37113
252	-107.0	107	37220
253	-137.0	137	37357
254	-107.0	107	37464
255	-105.0	105	37569
256	-138.0	138	37707
257	-155.0	155	37862
258	-108.0	108	37970
259	-108.0	108	38078
260	-111.0	111	38189
261	-139.0	139	38328
262	-105.0	105	38433
263	-148.0	148	38581
264	-134.0	134	38715
265	-136.0	136	38851
266	-140.0	140	38991
267	-143.0	143	39134
268	-143.0	143	39277
269	-141.0	141	39418
270	-131.0	131	39549
271	-109.0	109	39658
272	-136.0	136	39794
273	-152.0	152	39946
274	-165.0	165	40111
275	-140.0	140	40251
276	-171.0	171	40422
277	-116.0	116	40538
278	-138.0	138	40676
279	-140.0	140	40816
280	-149.0	149	40965
281	-147.0	147	41112
282	-138.0	138	41250
283	-136.0	136	41386
284	-129.0	129	41515
285	-135.0	135	41650
286	-135.0	135	41785
287	-151.0	151	41936
288	-90.0	90	42026
289	-140.0	140	42166
290	-139.0	139	42305
291	-106.0	106	42411
292	-108.0	108	42519
293	-93.0	93	42612
294	-107.0	107	42719
295	-92.0	92	42811
296	-136.0	136	42947
297	-150.0	150	43097
298	-169.0	169	43266
299	-130.0	130	43396
