Episode	Accumulated Reward	Length	Steps	Episode	Accumulated Reward	Length	Steps	Episode	Accumulated Reward	Length	Steps	Episode	Accumulated Reward	Length	Steps	Episode	Accumulated Reward	Length	Steps	Episode	Accumulated Reward	Length	Steps	Episode	Accumulated Reward	Length	Steps
0	-500.0	500	500	0	-500.0	500	500	0	-500.0	500	500	0	-500.0	500	500	0	-500.0	500	500	0	-500.0	500	500	0	-500.0	500	500
1	-500.0	500	1000	1	-500.0	500	1000	1	-500.0	500	1000	1	-500.0	500	1000	1	-500.0	500	1000	1	-500.0	500	1000	1	-500.0	500	1000
2	-500.0	500	1500	2	-500.0	500	1500	2	-500.0	500	1500	2	-500.0	500	1500	2	-500.0	500	1500	2	-500.0	500	1500	2	-500.0	500	1500
3	-373.0	373	1873	3	-373.0	373	1873	3	-373.0	373	1873	3	-373.0	373	1873	3	-373.0	373	1873	3	-373.0	373	1873	3	-373.0	373	1873
4	-413.0	413	2286	4	-413.0	413	2286	4	-413.0	413	2286	4	-413.0	413	2286	4	-413.0	413	2286	4	-413.0	413	2286	4	-413.0	413	2286
5	-392.0	392	2678	5	-392.0	392	2678	5	-392.0	392	2678	5	-392.0	392	2678	5	-392.0	392	2678	5	-392.0	392	2678	5	-392.0	392	2678
6	-290.0	290	2968	6	-290.0	290	2968	6	-290.0	290	2968	6	-290.0	290	2968	6	-290.0	290	2968	6	-290.0	290	2968	6	-290.0	290	2968
7	-242.0	242	3210	7	-242.0	242	3210	7	-242.0	242	3210	7	-242.0	242	3210	7	-242.0	242	3210	7	-242.0	242	3210	7	-242.0	242	3210
8	-289.0	289	3499	8	-289.0	289	3499	8	-289.0	289	3499	8	-289.0	289	3499	8	-289.0	289	3499	8	-289.0	289	3499	8	-289.0	289	3499
9	-234.0	234	3733	9	-234.0	234	3733	9	-234.0	234	3733	9	-234.0	234	3733	9	-234.0	234	3733	9	-234.0	234	3733	9	-234.0	234	3733
10	-235.0	235	3968	10	-235.0	235	3968	10	-235.0	235	3968	10	-235.0	235	3968	10	-235.0	235	3968	10	-235.0	235	3968	10	-235.0	235	3968
11	-214.0	214	4182	11	-214.0	214	4182	11	-214.0	214	4182	11	-214.0	214	4182	11	-214.0	214	4182	11	-214.0	214	4182	11	-214.0	214	4182
12	-214.0	214	4396	12	-214.0	214	4396	12	-214.0	214	4396	12	-214.0	214	4396	12	-214.0	214	4396	12	-214.0	214	4396	12	-214.0	214	4396
13	-199.0	199	4595	13	-199.0	199	4595	13	-199.0	199	4595	13	-199.0	199	4595	13	-199.0	199	4595	13	-199.0	199	4595	13	-199.0	199	4595
14	-187.0	187	4782	14	-187.0	187	4782	14	-187.0	187	4782	14	-187.0	187	4782	14	-187.0	187	4782	14	-187.0	187	4782	14	-187.0	187	4782
15	-161.0	161	4943	15	-161.0	161	4943	15	-161.0	161	4943	15	-161.0	161	4943	15	-161.0	161	4943	15	-161.0	161	4943	15	-161.0	161	4943
16	-218.0	218	5161	16	-218.0	218	5161	16	-218.0	218	5161	16	-218.0	218	5161	16	-218.0	218	5161	16	-218.0	218	5161	16	-218.0	218	5161
17	-184.0	184	5345	17	-184.0	184	5345	17	-184.0	184	5345	17	-184.0	184	5345	17	-184.0	184	5345	17	-184.0	184	5345	17	-184.0	184	5345
18	-180.0	180	5525	18	-180.0	180	5525	18	-180.0	180	5525	18	-180.0	180	5525	18	-180.0	180	5525	18	-180.0	180	5525	18	-180.0	180	5525
19	-195.0	195	5720	19	-195.0	195	5720	19	-195.0	195	5720	19	-195.0	195	5720	19	-195.0	195	5720	19	-195.0	195	5720	19	-195.0	195	5720
20	-268.0	268	5988	20	-268.0	268	5988	20	-268.0	268	5988	20	-268.0	268	5988	20	-268.0	268	5988	20	-268.0	268	5988	20	-268.0	268	5988
21	-205.0	205	6193	21	-205.0	205	6193	21	-205.0	205	6193	21	-205.0	205	6193	21	-205.0	205	6193	21	-205.0	205	6193	21	-205.0	205	6193
22	-148.0	148	6341	22	-148.0	148	6341	22	-148.0	148	6341	22	-148.0	148	6341	22	-148.0	148	6341	22	-148.0	148	6341	22	-148.0	148	6341
23	-192.0	192	6533	23	-192.0	192	6533	23	-192.0	192	6533	23	-192.0	192	6533	23	-192.0	192	6533	23	-192.0	192	6533	23	-192.0	192	6533
24	-187.0	187	6720	24	-187.0	187	6720	24	-187.0	187	6720	24	-187.0	187	6720	24	-187.0	187	6720	24	-187.0	187	6720	24	-187.0	187	6720
25	-192.0	192	6912	25	-192.0	192	6912	25	-192.0	192	6912	25	-192.0	192	6912	25	-192.0	192	6912	25	-192.0	192	6912	25	-192.0	192	6912
26	-150.0	150	7062	26	-150.0	150	7062	26	-150.0	150	7062	26	-150.0	150	7062	26	-150.0	150	7062	26	-150.0	150	7062	26	-150.0	150	7062
27	-196.0	196	7258	27	-196.0	196	7258	27	-196.0	196	7258	27	-196.0	196	7258	27	-196.0	196	7258	27	-196.0	196	7258	27	-196.0	196	7258
28	-182.0	182	7440	28	-182.0	182	7440	28	-182.0	182	7440	28	-182.0	182	7440	28	-182.0	182	7440	28	-182.0	182	7440	28	-182.0	182	7440
29	-152.0	152	7592	29	-152.0	152	7592	29	-152.0	152	7592	29	-152.0	152	7592	29	-152.0	152	7592	29	-152.0	152	7592	29	-152.0	152	7592
30	-149.0	149	7741	30	-149.0	149	7741	30	-149.0	149	7741	30	-149.0	149	7741	30	-149.0	149	7741	30	-149.0	149	7741	30	-149.0	149	7741
31	-191.0	191	7932	31	-191.0	191	7932	31	-191.0	191	7932	31	-191.0	191	7932	31	-191.0	191	7932	31	-191.0	191	7932	31	-191.0	191	7932
32	-241.0	241	8173	32	-241.0	241	8173	32	-241.0	241	8173	32	-241.0	241	8173	32	-241.0	241	8173	32	-241.0	241	8173	32	-241.0	241	8173
33	-143.0	143	8316	33	-143.0	143	8316	33	-143.0	143	8316	33	-143.0	143	8316	33	-143.0	143	8316	33	-143.0	143	8316	33	-143.0	143	8316
34	-195.0	195	8511	34	-195.0	195	8511	34	-195.0	195	8511	34	-195.0	195	8511	34	-195.0	195	8511	34	-195.0	195	8511	34	-195.0	195	8511
35	-153.0	153	8664	35	-153.0	153	8664	35	-153.0	153	8664	35	-153.0	153	8664	35	-153.0	153	8664	35	-153.0	153	8664	35	-153.0	153	8664
36	-195.0	195	8859	36	-195.0	195	8859	36	-195.0	195	8859	36	-195.0	195	8859	36	-195.0	195	8859	36	-195.0	195	8859	36	-195.0	195	8859
37	-139.0	139	8998	37	-139.0	139	8998	37	-139.0	139	8998	37	-139.0	139	8998	37	-139.0	139	8998	37	-139.0	139	8998	37	-139.0	139	8998
38	-114.0	114	9112	38	-114.0	114	9112	38	-114.0	114	9112	38	-114.0	114	9112	38	-114.0	114	9112	38	-114.0	114	9112	38	-114.0	114	9112
39	-115.0	115	9227	39	-115.0	115	9227	39	-115.0	115	9227	39	-115.0	115	9227	39	-115.0	115	9227	39	-115.0	115	9227	39	-115.0	115	9227
40	-158.0	158	9385	40	-158.0	158	9385	40	-158.0	158	9385	40	-158.0	158	9385	40	-158.0	158	9385	40	-158.0	158	9385	40	-158.0	158	9385
41	-193.0	193	9578	41	-193.0	193	9578	41	-193.0	193	9578	41	-193.0	193	9578	41	-193.0	193	9578	41	-193.0	193	9578	41	-193.0	193	9578
42	-180.0	180	9758	42	-180.0	180	9758	42	-180.0	180	9758	42	-180.0	180	9758	42	-180.0	180	9758	42	-180.0	180	9758	42	-180.0	180	9758
43	-153.0	153	9911	43	-153.0	153	9911	43	-153.0	153	9911	43	-153.0	153	9911	43	-153.0	153	9911	43	-153.0	153	9911	43	-153.0	153	9911
44	-164.0	164	10075	44	-164.0	164	10075	44	-164.0	164	10075	44	-164.0	164	10075	44	-164.0	164	10075	44	-164.0	164	10075	44	-164.0	164	10075
45	-223.0	223	10298	45	-223.0	223	10298	45	-223.0	223	10298	45	-223.0	223	10298	45	-223.0	223	10298	45	-223.0	223	10298	45	-223.0	223	10298
46	-143.0	143	10441	46	-143.0	143	10441	46	-143.0	143	10441	46	-143.0	143	10441	46	-143.0	143	10441	46	-143.0	143	10441	46	-143.0	143	10441
47	-129.0	129	10570	47	-129.0	129	10570	47	-129.0	129	10570	47	-129.0	129	10570	47	-129.0	129	10570	47	-129.0	129	10570	47	-129.0	129	10570
48	-141.0	141	10711	48	-141.0	141	10711	48	-141.0	141	10711	48	-141.0	141	10711	48	-141.0	141	10711	48	-141.0	141	10711	48	-141.0	141	10711
49	-154.0	154	10865	49	-154.0	154	10865	49	-154.0	154	10865	49	-154.0	154	10865	49	-154.0	154	10865	49	-154.0	154	10865	49	-154.0	154	10865
50	-155.0	155	11020	50	-155.0	155	11020	50	-155.0	155	11020	50	-155.0	155	11020	50	-155.0	155	11020	50	-155.0	155	11020	50	-155.0	155	11020
51	-151.0	151	11171	51	-151.0	151	11171	51	-151.0	151	11171	51	-151.0	151	11171	51	-151.0	151	11171	51	-151.0	151	11171	51	-151.0	151	11171
52	-153.0	153	11324	52	-153.0	153	11324	52	-153.0	153	11324	52	-153.0	153	11324	52	-153.0	153	11324	52	-153.0	153	11324	52	-153.0	153	11324
53	-156.0	156	11480	53	-156.0	156	11480	53	-156.0	156	11480	53	-156.0	156	11480	53	-156.0	156	11480	53	-156.0	156	11480	53	-156.0	156	11480
54	-147.0	147	11627	54	-147.0	147	11627	54	-147.0	147	11627	54	-147.0	147	11627	54	-147.0	147	11627	54	-147.0	147	11627	54	-147.0	147	11627
55	-147.0	147	11774	55	-147.0	147	11774	55	-147.0	147	11774	55	-147.0	147	11774	55	-147.0	147	11774	55	-147.0	147	11774	55	-147.0	147	11774
56	-145.0	145	11919	56	-145.0	145	11919	56	-145.0	145	11919	56	-145.0	145	11919	56	-145.0	145	11919	56	-145.0	145	11919	56	-145.0	145	11919
57	-115.0	115	12034	57	-115.0	115	12034	57	-115.0	115	12034	57	-115.0	115	12034	57	-115.0	115	12034	57	-115.0	115	12034	57	-115.0	115	12034
58	-141.0	141	12175	58	-141.0	141	12175	58	-141.0	141	12175	58	-141.0	141	12175	58	-141.0	141	12175	58	-141.0	141	12175	58	-141.0	141	12175
59	-141.0	141	12316	59	-141.0	141	12316	59	-141.0	141	12316	59	-141.0	141	12316	59	-141.0	141	12316	59	-141.0	141	12316	59	-141.0	141	12316
60	-148.0	148	12464	60	-148.0	148	12464	60	-148.0	148	12464	60	-148.0	148	12464	60	-148.0	148	12464	60	-148.0	148	12464	60	-148.0	148	12464
61	-140.0	140	12604	61	-140.0	140	12604	61	-140.0	140	12604	61	-140.0	140	12604	61	-140.0	140	12604	61	-140.0	140	12604	61	-140.0	140	12604
62	-152.0	152	12756	62	-152.0	152	12756	62	-152.0	152	12756	62	-152.0	152	12756	62	-152.0	152	12756	62	-152.0	152	12756	62	-152.0	152	12756
63	-136.0	136	12892	63	-136.0	136	12892	63	-136.0	136	12892	63	-136.0	136	12892	63	-136.0	136	12892	63	-136.0	136	12892	63	-136.0	136	12892
64	-152.0	152	13044	64	-152.0	152	13044	64	-152.0	152	13044	64	-152.0	152	13044	64	-152.0	152	13044	64	-152.0	152	13044	64	-152.0	152	13044
65	-145.0	145	13189	65	-145.0	145	13189	65	-145.0	145	13189	65	-145.0	145	13189	65	-145.0	145	13189	65	-145.0	145	13189	65	-145.0	145	13189
66	-117.0	117	13306	66	-117.0	117	13306	66	-117.0	117	13306	66	-117.0	117	13306	66	-117.0	117	13306	66	-117.0	117	13306	66	-117.0	117	13306
67	-184.0	184	13490	67	-184.0	184	13490	67	-184.0	184	13490	67	-184.0	184	13490	67	-184.0	184	13490	67	-184.0	184	13490	67	-184.0	184	13490
68	-153.0	153	13643	68	-153.0	153	13643	68	-153.0	153	13643	68	-153.0	153	13643	68	-153.0	153	13643	68	-153.0	153	13643	68	-153.0	153	13643
69	-228.0	228	13871	69	-228.0	228	13871	69	-228.0	228	13871	69	-228.0	228	13871	69	-228.0	228	13871	69	-228.0	228	13871	69	-228.0	228	13871
70	-149.0	149	14020	70	-149.0	149	14020	70	-149.0	149	14020	70	-149.0	149	14020	70	-149.0	149	14020	70	-149.0	149	14020	70	-149.0	149	14020
71	-152.0	152	14172	71	-152.0	152	14172	71	-152.0	152	14172	71	-152.0	152	14172	71	-152.0	152	14172	71	-152.0	152	14172	71	-152.0	152	14172
72	-150.0	150	14322	72	-150.0	150	14322	72	-150.0	150	14322	72	-150.0	150	14322	72	-150.0	150	14322	72	-150.0	150	14322	72	-150.0	150	14322
73	-145.0	145	14467	73	-145.0	145	14467	73	-145.0	145	14467	73	-145.0	145	14467	73	-145.0	145	14467	73	-145.0	145	14467	73	-145.0	145	14467
74	-179.0	179	14646	74	-179.0	179	14646	74	-179.0	179	14646	74	-179.0	179	14646	74	-179.0	179	14646	74	-179.0	179	14646	74	-179.0	179	14646
75	-179.0	179	14825	75	-179.0	179	14825	75	-179.0	179	14825	75	-179.0	179	14825	75	-179.0	179	14825	75	-179.0	179	14825	75	-179.0	179	14825
76	-183.0	183	15008	76	-183.0	183	15008	76	-183.0	183	15008	76	-183.0	183	15008	76	-183.0	183	15008	76	-183.0	183	15008	76	-183.0	183	15008
77	-150.0	150	15158	77	-150.0	150	15158	77	-150.0	150	15158	77	-150.0	150	15158	77	-150.0	150	15158	77	-150.0	150	15158	77	-150.0	150	15158
78	-135.0	135	15293	78	-135.0	135	15293	78	-135.0	135	15293	78	-135.0	135	15293	78	-135.0	135	15293	78	-135.0	135	15293	78	-135.0	135	15293
79	-200.0	200	15493	79	-200.0	200	15493	79	-200.0	200	15493	79	-200.0	200	15493	79	-200.0	200	15493	79	-200.0	200	15493	79	-200.0	200	15493
80	-142.0	142	15635	80	-142.0	142	15635	80	-142.0	142	15635	80	-142.0	142	15635	80	-142.0	142	15635	80	-142.0	142	15635	80	-142.0	142	15635
81	-139.0	139	15774	81	-139.0	139	15774	81	-139.0	139	15774	81	-139.0	139	15774	81	-139.0	139	15774	81	-139.0	139	15774	81	-139.0	139	15774
82	-133.0	133	15907	82	-133.0	133	15907	82	-133.0	133	15907	82	-133.0	133	15907	82	-133.0	133	15907	82	-133.0	133	15907	82	-133.0	133	15907
83	-136.0	136	16043	83	-136.0	136	16043	83	-136.0	136	16043	83	-136.0	136	16043	83	-136.0	136	16043	83	-136.0	136	16043	83	-136.0	136	16043
84	-182.0	182	16225	84	-182.0	182	16225	84	-182.0	182	16225	84	-182.0	182	16225	84	-182.0	182	16225	84	-182.0	182	16225	84	-182.0	182	16225
85	-185.0	185	16410	85	-185.0	185	16410	85	-185.0	185	16410	85	-185.0	185	16410	85	-185.0	185	16410	85	-185.0	185	16410	85	-185.0	185	16410
86	-138.0	138	16548	86	-138.0	138	16548	86	-138.0	138	16548	86	-138.0	138	16548	86	-138.0	138	16548	86	-138.0	138	16548	86	-138.0	138	16548
87	-112.0	112	16660	87	-112.0	112	16660	87	-112.0	112	16660	87	-112.0	112	16660	87	-112.0	112	16660	87	-112.0	112	16660	87	-112.0	112	16660
88	-110.0	110	16770	88	-110.0	110	16770	88	-110.0	110	16770	88	-110.0	110	16770	88	-110.0	110	16770	88	-110.0	110	16770	88	-110.0	110	16770
89	-142.0	142	16912	89	-142.0	142	16912	89	-142.0	142	16912	89	-142.0	142	16912	89	-142.0	142	16912	89	-142.0	142	16912	89	-142.0	142	16912
90	-111.0	111	17023	90	-111.0	111	17023	90	-111.0	111	17023	90	-111.0	111	17023	90	-111.0	111	17023	90	-111.0	111	17023	90	-111.0	111	17023
91	-108.0	108	17131	91	-108.0	108	17131	91	-108.0	108	17131	91	-108.0	108	17131	91	-108.0	108	17131	91	-108.0	108	17131	91	-108.0	108	17131
92	-107.0	107	17238	92	-107.0	107	17238	92	-107.0	107	17238	92	-107.0	107	17238	92	-107.0	107	17238	92	-107.0	107	17238	92	-107.0	107	17238
93	-108.0	108	17346	93	-108.0	108	17346	93	-108.0	108	17346	93	-108.0	108	17346	93	-108.0	108	17346	93	-108.0	108	17346	93	-108.0	108	17346
94	-165.0	165	17511	94	-165.0	165	17511	94	-165.0	165	17511	94	-165.0	165	17511	94	-165.0	165	17511	94	-165.0	165	17511	94	-165.0	165	17511
95	-136.0	136	17647	95	-136.0	136	17647	95	-136.0	136	17647	95	-136.0	136	17647	95	-136.0	136	17647	95	-136.0	136	17647	95	-136.0	136	17647
96	-141.0	141	17788	96	-141.0	141	17788	96	-141.0	141	17788	96	-141.0	141	17788	96	-141.0	141	17788	96	-141.0	141	17788	96	-141.0	141	17788
97	-124.0	124	17912	97	-124.0	124	17912	97	-124.0	124	17912	97	-124.0	124	17912	97	-124.0	124	17912	97	-124.0	124	17912	97	-124.0	124	17912
98	-127.0	127	18039	98	-127.0	127	18039	98	-127.0	127	18039	98	-127.0	127	18039	98	-127.0	127	18039	98	-127.0	127	18039	98	-127.0	127	18039
99	-109.0	109	18148	99	-109.0	109	18148	99	-109.0	109	18148	99	-109.0	109	18148	99	-109.0	109	18148	99	-109.0	109	18148	99	-109.0	109	18148
100	-134.0	134	18282	100	-134.0	134	18282	100	-134.0	134	18282	100	-134.0	134	18282	100	-134.0	134	18282	100	-134.0	134	18282	100	-134.0	134	18282
101	-136.0	136	18418	101	-136.0	136	18418	101	-136.0	136	18418	101	-136.0	136	18418	101	-136.0	136	18418	101	-136.0	136	18418	101	-136.0	136	18418
102	-187.0	187	18605	102	-187.0	187	18605	102	-187.0	187	18605	102	-187.0	187	18605	102	-187.0	187	18605	102	-187.0	187	18605	102	-187.0	187	18605
103	-178.0	178	18783	103	-178.0	178	18783	103	-178.0	178	18783	103	-178.0	178	18783	103	-178.0	178	18783	103	-178.0	178	18783	103	-178.0	178	18783
104	-176.0	176	18959	104	-176.0	176	18959	104	-176.0	176	18959	104	-176.0	176	18959	104	-176.0	176	18959	104	-176.0	176	18959	104	-176.0	176	18959
105	-176.0	176	19135	105	-176.0	176	19135	105	-176.0	176	19135	105	-176.0	176	19135	105	-176.0	176	19135	105	-176.0	176	19135	105	-176.0	176	19135
106	-144.0	144	19279	106	-144.0	144	19279	106	-144.0	144	19279	106	-144.0	144	19279	106	-144.0	144	19279	106	-144.0	144	19279	106	-144.0	144	19279
107	-130.0	130	19409	107	-130.0	130	19409	107	-130.0	130	19409	107	-130.0	130	19409	107	-130.0	130	19409	107	-130.0	130	19409	107	-130.0	130	19409
108	-146.0	146	19555	108	-146.0	146	19555	108	-146.0	146	19555	108	-146.0	146	19555	108	-146.0	146	19555	108	-146.0	146	19555	108	-146.0	146	19555
109	-142.0	142	19697	109	-142.0	142	19697	109	-142.0	142	19697	109	-142.0	142	19697	109	-142.0	142	19697	109	-142.0	142	19697	109	-142.0	142	19697
110	-134.0	134	19831	110	-134.0	134	19831	110	-134.0	134	19831	110	-134.0	134	19831	110	-134.0	134	19831	110	-134.0	134	19831	110	-134.0	134	19831
111	-142.0	142	19973	111	-142.0	142	19973	111	-142.0	142	19973	111	-142.0	142	19973	111	-142.0	142	19973	111	-142.0	142	19973	111	-142.0	142	19973
112	-118.0	118	20091	112	-118.0	118	20091	112	-118.0	118	20091	112	-118.0	118	20091	112	-118.0	118	20091	112	-118.0	118	20091	112	-118.0	118	20091
113	-190.0	190	20281	113	-190.0	190	20281	113	-190.0	190	20281	113	-190.0	190	20281	113	-190.0	190	20281	113	-190.0	190	20281	113	-190.0	190	20281
114	-182.0	182	20463	114	-182.0	182	20463	114	-182.0	182	20463	114	-182.0	182	20463	114	-182.0	182	20463	114	-182.0	182	20463	114	-182.0	182	20463
115	-142.0	142	20605	115	-142.0	142	20605	115	-142.0	142	20605	115	-142.0	142	20605	115	-142.0	142	20605	115	-142.0	142	20605	115	-142.0	142	20605
116	-187.0	187	20792	116	-187.0	187	20792	116	-187.0	187	20792	116	-187.0	187	20792	116	-187.0	187	20792	116	-187.0	187	20792	116	-187.0	187	20792
117	-179.0	179	20971	117	-179.0	179	20971	117	-179.0	179	20971	117	-179.0	179	20971	117	-179.0	179	20971	117	-179.0	179	20971	117	-179.0	179	20971
118	-178.0	178	21149	118	-178.0	178	21149	118	-178.0	178	21149	118	-178.0	178	21149	118	-178.0	178	21149	118	-178.0	178	21149	118	-178.0	178	21149
119	-157.0	157	21306	119	-157.0	157	21306	119	-157.0	157	21306	119	-157.0	157	21306	119	-157.0	157	21306	119	-157.0	157	21306	119	-157.0	157	21306
120	-117.0	117	21423	120	-117.0	117	21423	120	-117.0	117	21423	120	-117.0	117	21423	120	-117.0	117	21423	120	-117.0	117	21423	120	-117.0	117	21423
121	-138.0	138	21561	121	-138.0	138	21561	121	-138.0	138	21561	121	-138.0	138	21561	121	-138.0	138	21561	121	-138.0	138	21561	121	-138.0	138	21561
122	-142.0	142	21703	122	-142.0	142	21703	122	-142.0	142	21703	122	-142.0	142	21703	122	-142.0	142	21703	122	-142.0	142	21703	122	-142.0	142	21703
123	-135.0	135	21838	123	-135.0	135	21838	123	-135.0	135	21838	123	-135.0	135	21838	123	-135.0	135	21838	123	-135.0	135	21838	123	-135.0	135	21838
124	-139.0	139	21977	124	-139.0	139	21977	124	-139.0	139	21977	124	-139.0	139	21977	124	-139.0	139	21977	124	-139.0	139	21977	124	-139.0	139	21977
125	-139.0	139	22116	125	-139.0	139	22116	125	-139.0	139	22116	125	-139.0	139	22116	125	-139.0	139	22116	125	-139.0	139	22116	125	-139.0	139	22116
126	-139.0	139	22255	126	-139.0	139	22255	126	-139.0	139	22255	126	-139.0	139	22255	126	-139.0	139	22255	126	-139.0	139	22255	126	-139.0	139	22255
127	-136.0	136	22391	127	-136.0	136	22391	127	-136.0	136	22391	127	-136.0	136	22391	127	-136.0	136	22391	127	-136.0	136	22391	127	-136.0	136	22391
128	-132.0	132	22523	128	-132.0	132	22523	128	-132.0	132	22523	128	-132.0	132	22523	128	-132.0	132	22523	128	-132.0	132	22523	128	-132.0	132	22523
129	-135.0	135	22658	129	-135.0	135	22658	129	-135.0	135	22658	129	-135.0	135	22658	129	-135.0	135	22658	129	-135.0	135	22658	129	-135.0	135	22658
130	-109.0	109	22767	130	-109.0	109	22767	130	-109.0	109	22767	130	-109.0	109	22767	130	-109.0	109	22767	130	-109.0	109	22767	130	-109.0	109	22767
131	-138.0	138	22905	131	-138.0	138	22905	131	-138.0	138	22905	131	-138.0	138	22905	131	-138.0	138	22905	131	-138.0	138	22905	131	-138.0	138	22905
132	-136.0	136	23041	132	-136.0	136	23041	132	-136.0	136	23041	132	-136.0	136	23041	132	-136.0	136	23041	132	-136.0	136	23041	132	-136.0	136	23041
133	-177.0	177	23218	133	-177.0	177	23218	133	-177.0	177	23218	133	-177.0	177	23218	133	-177.0	177	23218	133	-177.0	177	23218	133	-177.0	177	23218
134	-170.0	170	23388	134	-170.0	170	23388	134	-170.0	170	23388	134	-170.0	170	23388	134	-170.0	170	23388	134	-170.0	170	23388	134	-170.0	170	23388
135	-169.0	169	23557	135	-169.0	169	23557	135	-169.0	169	23557	135	-169.0	169	23557	135	-169.0	169	23557	135	-169.0	169	23557	135	-169.0	169	23557
136	-119.0	119	23676	136	-119.0	119	23676	136	-119.0	119	23676	136	-119.0	119	23676	136	-119.0	119	23676	136	-119.0	119	23676	136	-119.0	119	23676
137	-153.0	153	23829	137	-153.0	153	23829	137	-153.0	153	23829	137	-153.0	153	23829	137	-153.0	153	23829	137	-153.0	153	23829	137	-153.0	153	23829
138	-137.0	137	23966	138	-137.0	137	23966	138	-137.0	137	23966	138	-137.0	137	23966	138	-137.0	137	23966	138	-137.0	137	23966	138	-137.0	137	23966
139	-141.0	141	24107	139	-141.0	141	24107	139	-141.0	141	24107	139	-141.0	141	24107	139	-141.0	141	24107	139	-141.0	141	24107	139	-141.0	141	24107
140	-135.0	135	24242	140	-135.0	135	24242	140	-135.0	135	24242	140	-135.0	135	24242	140	-135.0	135	24242	140	-135.0	135	24242	140	-135.0	135	24242
141	-143.0	143	24385	141	-143.0	143	24385	141	-143.0	143	24385	141	-143.0	143	24385	141	-143.0	143	24385	141	-143.0	143	24385	141	-143.0	143	24385
142	-144.0	144	24529	142	-144.0	144	24529	142	-144.0	144	24529	142	-144.0	144	24529	142	-144.0	144	24529	142	-144.0	144	24529	142	-144.0	144	24529
143	-135.0	135	24664	143	-135.0	135	24664	143	-135.0	135	24664	143	-135.0	135	24664	143	-135.0	135	24664	143	-135.0	135	24664	143	-135.0	135	24664
144	-159.0	159	24823	144	-159.0	159	24823	144	-159.0	159	24823	144	-159.0	159	24823	144	-159.0	159	24823	144	-159.0	159	24823	144	-159.0	159	24823
145	-206.0	206	25029	145	-206.0	206	25029	145	-206.0	206	25029	145	-206.0	206	25029	145	-206.0	206	25029	145	-206.0	206	25029	145	-206.0	206	25029
146	-147.0	147	25176	146	-147.0	147	25176	146	-147.0	147	25176	146	-147.0	147	25176	146	-147.0	147	25176	146	-147.0	147	25176	146	-147.0	147	25176
147	-141.0	141	25317	147	-141.0	141	25317	147	-141.0	141	25317	147	-141.0	141	25317	147	-141.0	141	25317	147	-141.0	141	25317	147	-141.0	141	25317
148	-146.0	146	25463	148	-146.0	146	25463	148	-146.0	146	25463	148	-146.0	146	25463	148	-146.0	146	25463	148	-146.0	146	25463	148	-146.0	146	25463
149	-169.0	169	25632	149	-169.0	169	25632	149	-169.0	169	25632	149	-169.0	169	25632	149	-169.0	169	25632	149	-169.0	169	25632	149	-169.0	169	25632
150	-154.0	154	25786	150	-154.0	154	25786	150	-154.0	154	25786	150	-154.0	154	25786	150	-154.0	154	25786	150	-154.0	154	25786	150	-154.0	154	25786
151	-149.0	149	25935	151	-149.0	149	25935	151	-149.0	149	25935	151	-149.0	149	25935	151	-149.0	149	25935	151	-149.0	149	25935	151	-149.0	149	25935
152	-138.0	138	26073	152	-138.0	138	26073	152	-138.0	138	26073	152	-138.0	138	26073	152	-138.0	138	26073	152	-138.0	138	26073	152	-138.0	138	26073
153	-130.0	130	26203	153	-130.0	130	26203	153	-130.0	130	26203	153	-130.0	130	26203	153	-130.0	130	26203	153	-130.0	130	26203	153	-130.0	130	26203
154	-139.0	139	26342	154	-139.0	139	26342	154	-139.0	139	26342	154	-139.0	139	26342	154	-139.0	139	26342	154	-139.0	139	26342	154	-139.0	139	26342
155	-111.0	111	26453	155	-111.0	111	26453	155	-111.0	111	26453	155	-111.0	111	26453	155	-111.0	111	26453	155	-111.0	111	26453	155	-111.0	111	26453
156	-107.0	107	26560	156	-107.0	107	26560	156	-107.0	107	26560	156	-107.0	107	26560	156	-107.0	107	26560	156	-107.0	107	26560	156	-107.0	107	26560
157	-151.0	151	26711	157	-151.0	151	26711	157	-151.0	151	26711	157	-151.0	151	26711	157	-151.0	151	26711	157	-151.0	151	26711	157	-151.0	151	26711
158	-138.0	138	26849	158	-138.0	138	26849	158	-138.0	138	26849	158	-138.0	138	26849	158	-138.0	138	26849	158	-138.0	138	26849	158	-138.0	138	26849
159	-106.0	106	26955	159	-106.0	106	26955	159	-106.0	106	26955	159	-106.0	106	26955	159	-106.0	106	26955	159	-106.0	106	26955	159	-106.0	106	26955
160	-138.0	138	27093	160	-138.0	138	27093	160	-138.0	138	27093	160	-138.0	138	27093	160	-138.0	138	27093	160	-138.0	138	27093	160	-138.0	138	27093
161	-126.0	126	27219	161	-126.0	126	27219	161	-126.0	126	27219	161	-126.0	126	27219	161	-126.0	126	27219	161	-126.0	126	27219	161	-126.0	126	27219
162	-114.0	114	27333	162	-114.0	114	27333	162	-114.0	114	27333	162	-114.0	114	27333	162	-114.0	114	27333	162	-114.0	114	27333	162	-114.0	114	27333
163	-108.0	108	27441	163	-108.0	108	27441	163	-108.0	108	27441	163	-108.0	108	27441	163	-108.0	108	27441	163	-108.0	108	27441	163	-108.0	108	27441
164	-113.0	113	27554	164	-113.0	113	27554	164	-113.0	113	27554	164	-113.0	113	27554	164	-113.0	113	27554	164	-113.0	113	27554	164	-113.0	113	27554
165	-111.0	111	27665	165	-111.0	111	27665	165	-111.0	111	27665	165	-111.0	111	27665	165	-111.0	111	27665	165	-111.0	111	27665	165	-111.0	111	27665
166	-131.0	131	27796	166	-131.0	131	27796	166	-131.0	131	27796	166	-131.0	131	27796	166	-131.0	131	27796	166	-131.0	131	27796	166	-131.0	131	27796
167	-136.0	136	27932	167	-136.0	136	27932	167	-136.0	136	27932	167	-136.0	136	27932	167	-136.0	136	27932	167	-136.0	136	27932	167	-136.0	136	27932
168	-143.0	143	28075	168	-143.0	143	28075	168	-143.0	143	28075	168	-143.0	143	28075	168	-143.0	143	28075	168	-143.0	143	28075	168	-143.0	143	28075
169	-115.0	115	28190	169	-115.0	115	28190	169	-115.0	115	28190	169	-115.0	115	28190	169	-115.0	115	28190	169	-115.0	115	28190	169	-115.0	115	28190
170	-137.0	137	28327	170	-137.0	137	28327	170	-137.0	137	28327	170	-137.0	137	28327	170	-137.0	137	28327	170	-137.0	137	28327	170	-137.0	137	28327
171	-131.0	131	28458	171	-131.0	131	28458	171	-131.0	131	28458	171	-131.0	131	28458	171	-131.0	131	28458	171	-131.0	131	28458	171	-131.0	131	28458
172	-142.0	142	28600	172	-142.0	142	28600	172	-142.0	142	28600	172	-142.0	142	28600	172	-142.0	142	28600	172	-142.0	142	28600	172	-142.0	142	28600
173	-107.0	107	28707	173	-107.0	107	28707	173	-107.0	107	28707	173	-107.0	107	28707	173	-107.0	107	28707	173	-107.0	107	28707	173	-107.0	107	28707
174	-107.0	107	28814	174	-107.0	107	28814	174	-107.0	107	28814	174	-107.0	107	28814	174	-107.0	107	28814	174	-107.0	107	28814	174	-107.0	107	28814
175	-104.0	104	28918	175	-104.0	104	28918	175	-104.0	104	28918	175	-104.0	104	28918	175	-104.0	104	28918	175	-104.0	104	28918	175	-104.0	104	28918
176	-105.0	105	29023	176	-105.0	105	29023	176	-105.0	105	29023	176	-105.0	105	29023	176	-105.0	105	29023	176	-105.0	105	29023	176	-105.0	105	29023
177	-106.0	106	29129	177	-106.0	106	29129	177	-106.0	106	29129	177	-106.0	106	29129	177	-106.0	106	29129	177	-106.0	106	29129	177	-106.0	106	29129
178	-106.0	106	29235	178	-106.0	106	29235	178	-106.0	106	29235	178	-106.0	106	29235	178	-106.0	106	29235	178	-106.0	106	29235	178	-106.0	106	29235
179	-92.0	92	29327	179	-92.0	92	29327	179	-92.0	92	29327	179	-92.0	92	29327	179	-92.0	92	29327	179	-92.0	92	29327	179	-92.0	92	29327
180	-158.0	158	29485	180	-158.0	158	29485	180	-158.0	158	29485	180	-158.0	158	29485	180	-158.0	158	29485	180	-158.0	158	29485	180	-158.0	158	29485
181	-107.0	107	29592	181	-107.0	107	29592	181	-107.0	107	29592	181	-107.0	107	29592	181	-107.0	107	29592	181	-107.0	107	29592	181	-107.0	107	29592
182	-86.0	86	29678	182	-86.0	86	29678	182	-86.0	86	29678	182	-86.0	86	29678	182	-86.0	86	29678	182	-86.0	86	29678	182	-86.0	86	29678
183	-161.0	161	29839	183	-161.0	161	29839	183	-161.0	161	29839	183	-161.0	161	29839	183	-161.0	161	29839	183	-161.0	161	29839	183	-161.0	161	29839
184	-126.0	126	29965	184	-126.0	126	29965	184	-126.0	126	29965	184	-126.0	126	29965	184	-126.0	126	29965	184	-126.0	126	29965	184	-126.0	126	29965
185	-131.0	131	30096	185	-131.0	131	30096	185	-131.0	131	30096	185	-131.0	131	30096	185	-131.0	131	30096	185	-131.0	131	30096	185	-131.0	131	30096
186	-144.0	144	30240	186	-144.0	144	30240	186	-144.0	144	30240	186	-144.0	144	30240	186	-144.0	144	30240	186	-144.0	144	30240	186	-144.0	144	30240
187	-130.0	130	30370	187	-130.0	130	30370	187	-130.0	130	30370	187	-130.0	130	30370	187	-130.0	130	30370	187	-130.0	130	30370	187	-130.0	130	30370
188	-150.0	150	30520	188	-150.0	150	30520	188	-150.0	150	30520	188	-150.0	150	30520	188	-150.0	150	30520	188	-150.0	150	30520	188	-150.0	150	30520
189	-129.0	129	30649	189	-129.0	129	30649	189	-129.0	129	30649	189	-129.0	129	30649	189	-129.0	129	30649	189	-129.0	129	30649	189	-129.0	129	30649
190	-153.0	153	30802	190	-153.0	153	30802	190	-153.0	153	30802	190	-153.0	153	30802	190	-153.0	153	30802	190	-153.0	153	30802	190	-153.0	153	30802
191	-146.0	146	30948	191	-146.0	146	30948	191	-146.0	146	30948	191	-146.0	146	30948	191	-146.0	146	30948	191	-146.0	146	30948	191	-146.0	146	30948
192	-156.0	156	31104	192	-156.0	156	31104	192	-156.0	156	31104	192	-156.0	156	31104	192	-156.0	156	31104	192	-156.0	156	31104	192	-156.0	156	31104
193	-141.0	141	31245	193	-141.0	141	31245	193	-141.0	141	31245	193	-141.0	141	31245	193	-141.0	141	31245	193	-141.0	141	31245	193	-141.0	141	31245
194	-126.0	126	31371	194	-126.0	126	31371	194	-126.0	126	31371	194	-126.0	126	31371	194	-126.0	126	31371	194	-126.0	126	31371	194	-126.0	126	31371
195	-141.0	141	31512	195	-141.0	141	31512	195	-141.0	141	31512	195	-141.0	141	31512	195	-141.0	141	31512	195	-141.0	141	31512	195	-141.0	141	31512
196	-134.0	134	31646	196	-134.0	134	31646	196	-134.0	134	31646	196	-134.0	134	31646	196	-134.0	134	31646	196	-134.0	134	31646	196	-134.0	134	31646
197	-131.0	131	31777	197	-131.0	131	31777	197	-131.0	131	31777	197	-131.0	131	31777	197	-131.0	131	31777	197	-131.0	131	31777	197	-131.0	131	31777
198	-134.0	134	31911	198	-134.0	134	31911	198	-134.0	134	31911	198	-134.0	134	31911	198	-134.0	134	31911	198	-134.0	134	31911	198	-134.0	134	31911
199	-161.0	161	32072	199	-161.0	161	32072	199	-161.0	161	32072	199	-161.0	161	32072	199	-161.0	161	32072	199	-161.0	161	32072	199	-161.0	161	32072
200	-110.0	110	32182	200	-110.0	110	32182	200	-110.0	110	32182	200	-110.0	110	32182	200	-110.0	110	32182	200	-110.0	110	32182	200	-110.0	110	32182
201	-105.0	105	32287	201	-105.0	105	32287	201	-105.0	105	32287	201	-105.0	105	32287	201	-105.0	105	32287	201	-105.0	105	32287	201	-105.0	105	32287
202	-106.0	106	32393	202	-106.0	106	32393	202	-106.0	106	32393	202	-106.0	106	32393	202	-106.0	106	32393	202	-106.0	106	32393	202	-106.0	106	32393
203	-139.0	139	32532	203	-139.0	139	32532	203	-139.0	139	32532	203	-139.0	139	32532	203	-139.0	139	32532	203	-139.0	139	32532	203	-139.0	139	32532
204	-133.0	133	32665	204	-133.0	133	32665	204	-133.0	133	32665	204	-133.0	133	32665	204	-133.0	133	32665	204	-133.0	133	32665	204	-133.0	133	32665
205	-107.0	107	32772	205	-107.0	107	32772	205	-107.0	107	32772	205	-107.0	107	32772	205	-107.0	107	32772	205	-107.0	107	32772	205	-107.0	107	32772
206	-106.0	106	32878	206	-106.0	106	32878	206	-106.0	106	32878	206	-106.0	106	32878	206	-106.0	106	32878	206	-106.0	106	32878	206	-106.0	106	32878
207	-106.0	106	32984	207	-106.0	106	32984	207	-106.0	106	32984	207	-106.0	106	32984	207	-106.0	106	32984	207	-106.0	106	32984	207	-106.0	106	32984
208	-132.0	132	33116	208	-132.0	132	33116	208	-132.0	132	33116	208	-132.0	132	33116	208	-132.0	132	33116	208	-132.0	132	33116	208	-132.0	132	33116
209	-117.0	117	33233	209	-117.0	117	33233	209	-117.0	117	33233	209	-117.0	117	33233	209	-117.0	117	33233	209	-117.0	117	33233	209	-117.0	117	33233
210	-145.0	145	33378	210	-145.0	145	33378	210	-145.0	145	33378	210	-145.0	145	33378	210	-145.0	145	33378	210	-145.0	145	33378	210	-145.0	145	33378
211	-106.0	106	33484	211	-106.0	106	33484	211	-106.0	106	33484	211	-106.0	106	33484	211	-106.0	106	33484	211	-106.0	106	33484	211	-106.0	106	33484
212	-106.0	106	33590	212	-106.0	106	33590	212	-106.0	106	33590	212	-106.0	106	33590	212	-106.0	106	33590	212	-106.0	106	33590	212	-106.0	106	33590
213	-141.0	141	33731	213	-141.0	141	33731	213	-141.0	141	33731	213	-141.0	141	33731	213	-141.0	141	33731	213	-141.0	141	33731	213	-141.0	141	33731
214	-106.0	106	33837	214	-106.0	106	33837	214	-106.0	106	33837	214	-106.0	106	33837	214	-106.0	106	33837	214	-106.0	106	33837	214	-106.0	106	33837
215	-134.0	134	33971	215	-134.0	134	33971	215	-134.0	134	33971	215	-134.0	134	33971	215	-134.0	134	33971	215	-134.0	134	33971	215	-134.0	134	33971
216	-111.0	111	34082	216	-111.0	111	34082	216	-111.0	111	34082	216	-111.0	111	34082	216	-111.0	111	34082	216	-111.0	111	34082	216	-111.0	111	34082
217	-136.0	136	34218	217	-136.0	136	34218	217	-136.0	136	34218	217	-136.0	136	34218	217	-136.0	136	34218	217	-136.0	136	34218	217	-136.0	136	34218
218	-108.0	108	34326	218	-108.0	108	34326	218	-108.0	108	34326	218	-108.0	108	34326	218	-108.0	108	34326	218	-108.0	108	34326	218	-108.0	108	34326
219	-112.0	112	34438	219	-112.0	112	34438	219	-112.0	112	34438	219	-112.0	112	34438	219	-112.0	112	34438	219	-112.0	112	34438	219	-112.0	112	34438
220	-108.0	108	34546	220	-108.0	108	34546	220	-108.0	108	34546	220	-108.0	108	34546	220	-108.0	108	34546	220	-108.0	108	34546	220	-108.0	108	34546
221	-142.0	142	34688	221	-142.0	142	34688	221	-142.0	142	34688	221	-142.0	142	34688	221	-142.0	142	34688	221	-142.0	142	34688	221	-142.0	142	34688
222	-107.0	107	34795	222	-107.0	107	34795	222	-107.0	107	34795	222	-107.0	107	34795	222	-107.0	107	34795	222	-107.0	107	34795	222	-107.0	107	34795
223	-109.0	109	34904	223	-109.0	109	34904	223	-109.0	109	34904	223	-109.0	109	34904	223	-109.0	109	34904	223	-109.0	109	34904	223	-109.0	109	34904
224	-118.0	118	35022	224	-118.0	118	35022	224	-118.0	118	35022	224	-118.0	118	35022	224	-118.0	118	35022	224	-118.0	118	35022	224	-118.0	118	35022
225	-107.0	107	35129	225	-107.0	107	35129	225	-107.0	107	35129	225	-107.0	107	35129	225	-107.0	107	35129	225	-107.0	107	35129	225	-107.0	107	35129
226	-150.0	150	35279	226	-150.0	150	35279	226	-150.0	150	35279	226	-150.0	150	35279	226	-150.0	150	35279	226	-150.0	150	35279	226	-150.0	150	35279
227	-107.0	107	35386	227	-107.0	107	35386	227	-107.0	107	35386	227	-107.0	107	35386	227	-107.0	107	35386	227	-107.0	107	35386	227	-107.0	107	35386
228	-137.0	137	35523	228	-137.0	137	35523	228	-137.0	137	35523	228	-137.0	137	35523	228	-137.0	137	35523	228	-137.0	137	35523	228	-137.0	137	35523
229	-117.0	117	35640	229	-117.0	117	35640	229	-117.0	117	35640	229	-117.0	117	35640	229	-117.0	117	35640	229	-117.0	117	35640	229	-117.0	117	35640
230	-181.0	181	35821	230	-181.0	181	35821	230	-181.0	181	35821	230	-181.0	181	35821	230	-181.0	181	35821	230	-181.0	181	35821	230	-181.0	181	35821
231	-136.0	136	35957	231	-136.0	136	35957	231	-136.0	136	35957	231	-136.0	136	35957	231	-136.0	136	35957	231	-136.0	136	35957	231	-136.0	136	35957
232	-172.0	172	36129	232	-172.0	172	36129	232	-172.0	172	36129	232	-172.0	172	36129	232	-172.0	172	36129	232	-172.0	172	36129	232	-172.0	172	36129
233	-119.0	119	36248	233	-119.0	119	36248	233	-119.0	119	36248	233	-119.0	119	36248	233	-119.0	119	36248	233	-119.0	119	36248	233	-119.0	119	36248
234	-112.0	112	36360	234	-112.0	112	36360	234	-112.0	112	36360	234	-112.0	112	36360	234	-112.0	112	36360	234	-112.0	112	36360	234	-112.0	112	36360
235	-115.0	115	36475	235	-115.0	115	36475	235	-115.0	115	36475	235	-115.0	115	36475	235	-115.0	115	36475	235	-115.0	115	36475	235	-115.0	115	36475
236	-145.0	145	36620	236	-145.0	145	36620	236	-145.0	145	36620	236	-145.0	145	36620	236	-145.0	145	36620	236	-145.0	145	36620	236	-145.0	145	36620
237	-107.0	107	36727	237	-107.0	107	36727	237	-107.0	107	36727	237	-107.0	107	36727	237	-107.0	107	36727	237	-107.0	107	36727	237	-107.0	107	36727
238	-139.0	139	36866	238	-139.0	139	36866	238	-139.0	139	36866	238	-139.0	139	36866	238	-139.0	139	36866	238	-139.0	139	36866	238	-139.0	139	36866
239	-157.0	157	37023	239	-157.0	157	37023	239	-157.0	157	37023	239	-157.0	157	37023	239	-157.0	157	37023	239	-157.0	157	37023	239	-157.0	157	37023
240	-142.0	142	37165	240	-142.0	142	37165	240	-142.0	142	37165	240	-142.0	142	37165	240	-142.0	142	37165	240	-142.0	142	37165	240	-142.0	142	37165
241	-111.0	111	37276	241	-111.0	111	37276	241	-111.0	111	37276	241	-111.0	111	37276	241	-111.0	111	37276	241	-111.0	111	37276	241	-111.0	111	37276
242	-148.0	148	37424	242	-148.0	148	37424	242	-148.0	148	37424	242	-148.0	148	37424	242	-148.0	148	37424	242	-148.0	148	37424	242	-148.0	148	37424
243	-141.0	141	37565	243	-141.0	141	37565	243	-141.0	141	37565	243	-141.0	141	37565	243	-141.0	141	37565	243	-141.0	141	37565	243	-141.0	141	37565
244	-129.0	129	37694	244	-129.0	129	37694	244	-129.0	129	37694	244	-129.0	129	37694	244	-129.0	129	37694	244	-129.0	129	37694	244	-129.0	129	37694
245	-107.0	107	37801	245	-107.0	107	37801	245	-107.0	107	37801	245	-107.0	107	37801	245	-107.0	107	37801	245	-107.0	107	37801	245	-107.0	107	37801
246	-118.0	118	37919	246	-118.0	118	37919	246	-118.0	118	37919	246	-118.0	118	37919	246	-118.0	118	37919	246	-118.0	118	37919	246	-118.0	118	37919
247	-155.0	155	38074	247	-155.0	155	38074	247	-155.0	155	38074	247	-155.0	155	38074	247	-155.0	155	38074	247	-155.0	155	38074	247	-155.0	155	38074
248	-137.0	137	38211	248	-137.0	137	38211	248	-137.0	137	38211	248	-137.0	137	38211	248	-137.0	137	38211	248	-137.0	137	38211	248	-137.0	137	38211
249	-136.0	136	38347	249	-136.0	136	38347	249	-136.0	136	38347	249	-136.0	136	38347	249	-136.0	136	38347	249	-136.0	136	38347	249	-136.0	136	38347
250	-134.0	134	38481	250	-134.0	134	38481	250	-134.0	134	38481	250	-134.0	134	38481	250	-134.0	134	38481	250	-134.0	134	38481	250	-134.0	134	38481
251	-152.0	152	38633	251	-152.0	152	38633	251	-152.0	152	38633	251	-152.0	152	38633	251	-152.0	152	38633	251	-152.0	152	38633	251	-152.0	152	38633
252	-105.0	105	38738	252	-105.0	105	38738	252	-105.0	105	38738	252	-105.0	105	38738	252	-105.0	105	38738	252	-105.0	105	38738	252	-105.0	105	38738
253	-106.0	106	38844	253	-106.0	106	38844	253	-106.0	106	38844	253	-106.0	106	38844	253	-106.0	106	38844	253	-106.0	106	38844	253	-106.0	106	38844
254	-143.0	143	38987	254	-143.0	143	38987	254	-143.0	143	38987	254	-143.0	143	38987	254	-143.0	143	38987	254	-143.0	143	38987	254	-143.0	143	38987
255	-89.0	89	39076	255	-89.0	89	39076	255	-89.0	89	39076	255	-89.0	89	39076	255	-89.0	89	39076	255	-89.0	89	39076	255	-89.0	89	39076
256	-102.0	102	39178	256	-102.0	102	39178	256	-102.0	102	39178	256	-102.0	102	39178	256	-102.0	102	39178	256	-102.0	102	39178	256	-102.0	102	39178
257	-135.0	135	39313	257	-135.0	135	39313	257	-135.0	135	39313	257	-135.0	135	39313	257	-135.0	135	39313	257	-135.0	135	39313	257	-135.0	135	39313
258	-153.0	153	39466	258	-153.0	153	39466	258	-153.0	153	39466	258	-153.0	153	39466	258	-153.0	153	39466	258	-153.0	153	39466	258	-153.0	153	39466
259	-106.0	106	39572	259	-106.0	106	39572	259	-106.0	106	39572	259	-106.0	106	39572	259	-106.0	106	39572	259	-106.0	106	39572	259	-106.0	106	39572
260	-107.0	107	39679	260	-107.0	107	39679	260	-107.0	107	39679	260	-107.0	107	39679	260	-107.0	107	39679	260	-107.0	107	39679	260	-107.0	107	39679
261	-107.0	107	39786	261	-107.0	107	39786	261	-107.0	107	39786	261	-107.0	107	39786	261	-107.0	107	39786	261	-107.0	107	39786	261	-107.0	107	39786
262	-138.0	138	39924	262	-138.0	138	39924	262	-138.0	138	39924	262	-138.0	138	39924	262	-138.0	138	39924	262	-138.0	138	39924	262	-138.0	138	39924
263	-133.0	133	40057	263	-133.0	133	40057	263	-133.0	133	40057	263	-133.0	133	40057	263	-133.0	133	40057	263	-133.0	133	40057	263	-133.0	133	40057
264	-141.0	141	40198	264	-141.0	141	40198	264	-141.0	141	40198	264	-141.0	141	40198	264	-141.0	141	40198	264	-141.0	141	40198	264	-141.0	141	40198
265	-126.0	126	40324	265	-126.0	126	40324	265	-126.0	126	40324	265	-126.0	126	40324	265	-126.0	126	40324	265	-126.0	126	40324	265	-126.0	126	40324
266	-146.0	146	40470	266	-146.0	146	40470	266	-146.0	146	40470	266	-146.0	146	40470	266	-146.0	146	40470	266	-146.0	146	40470	266	-146.0	146	40470
267	-106.0	106	40576	267	-106.0	106	40576	267	-106.0	106	40576	267	-106.0	106	40576	267	-106.0	106	40576	267	-106.0	106	40576	267	-106.0	106	40576
268	-132.0	132	40708	268	-132.0	132	40708	268	-132.0	132	40708	268	-132.0	132	40708	268	-132.0	132	40708	268	-132.0	132	40708	268	-132.0	132	40708
269	-107.0	107	40815	269	-107.0	107	40815	269	-107.0	107	40815	269	-107.0	107	40815	269	-107.0	107	40815	269	-107.0	107	40815	269	-107.0	107	40815
270	-106.0	106	40921	270	-106.0	106	40921	270	-106.0	106	40921	270	-106.0	106	40921	270	-106.0	106	40921	270	-106.0	106	40921	270	-106.0	106	40921
271	-132.0	132	41053	271	-132.0	132	41053	271	-132.0	132	41053	271	-132.0	132	41053	271	-132.0	132	41053	271	-132.0	132	41053	271	-132.0	132	41053
272	-106.0	106	41159	272	-106.0	106	41159	272	-106.0	106	41159	272	-106.0	106	41159	272	-106.0	106	41159	272	-106.0	106	41159	272	-106.0	106	41159
273	-106.0	106	41265	273	-106.0	106	41265	273	-106.0	106	41265	273	-106.0	106	41265	273	-106.0	106	41265	273	-106.0	106	41265	273	-106.0	106	41265
274	-143.0	143	41408	274	-143.0	143	41408	274	-143.0	143	41408	274	-143.0	143	41408	274	-143.0	143	41408	274	-143.0	143	41408	274	-143.0	143	41408
275	-108.0	108	41516	275	-108.0	108	41516	275	-108.0	108	41516	275	-108.0	108	41516	275	-108.0	108	41516	275	-108.0	108	41516	275	-108.0	108	41516
276	-107.0	107	41623	276	-107.0	107	41623	276	-107.0	107	41623	276	-107.0	107	41623	276	-107.0	107	41623	276	-107.0	107	41623	276	-107.0	107	41623
277	-131.0	131	41754	277	-131.0	131	41754	277	-131.0	131	41754	277	-131.0	131	41754	277	-131.0	131	41754	277	-131.0	131	41754	277	-131.0	131	41754
278	-114.0	114	41868	278	-114.0	114	41868	278	-114.0	114	41868	278	-114.0	114	41868	278	-114.0	114	41868	278	-114.0	114	41868	278	-114.0	114	41868
279	-122.0	122	41990	279	-122.0	122	41990	279	-122.0	122	41990	279	-122.0	122	41990	279	-122.0	122	41990	279	-122.0	122	41990	279	-122.0	122	41990
280	-148.0	148	42138	280	-148.0	148	42138	280	-148.0	148	42138	280	-148.0	148	42138	280	-148.0	148	42138	280	-148.0	148	42138	280	-148.0	148	42138
281	-132.0	132	42270	281	-132.0	132	42270	281	-132.0	132	42270	281	-132.0	132	42270	281	-132.0	132	42270	281	-132.0	132	42270	281	-132.0	132	42270
282	-135.0	135	42405	282	-135.0	135	42405	282	-135.0	135	42405	282	-135.0	135	42405	282	-135.0	135	42405	282	-135.0	135	42405	282	-135.0	135	42405
283	-119.0	119	42524	283	-119.0	119	42524	283	-119.0	119	42524	283	-119.0	119	42524	283	-119.0	119	42524	283	-119.0	119	42524	283	-119.0	119	42524
284	-112.0	112	42636	284	-112.0	112	42636	284	-112.0	112	42636	284	-112.0	112	42636	284	-112.0	112	42636	284	-112.0	112	42636	284	-112.0	112	42636
285	-156.0	156	42792	285	-156.0	156	42792	285	-156.0	156	42792	285	-156.0	156	42792	285	-156.0	156	42792	285	-156.0	156	42792	285	-156.0	156	42792
286	-104.0	104	42896	286	-104.0	104	42896	286	-104.0	104	42896	286	-104.0	104	42896	286	-104.0	104	42896	286	-104.0	104	42896	286	-104.0	104	42896
287	-107.0	107	43003	287	-107.0	107	43003	287	-107.0	107	43003	287	-107.0	107	43003	287	-107.0	107	43003	287	-107.0	107	43003	287	-107.0	107	43003
288	-169.0	169	43172	288	-169.0	169	43172	288	-169.0	169	43172	288	-169.0	169	43172	288	-169.0	169	43172	288	-169.0	169	43172	288	-169.0	169	43172
289	-107.0	107	43279	289	-107.0	107	43279	289	-107.0	107	43279	289	-107.0	107	43279	289	-107.0	107	43279	289	-107.0	107	43279	289	-107.0	107	43279
290	-102.0	102	43381	290	-102.0	102	43381	290	-102.0	102	43381	290	-102.0	102	43381	290	-102.0	102	43381	290	-102.0	102	43381	290	-102.0	102	43381
291	-108.0	108	43489	291	-108.0	108	43489	291	-108.0	108	43489	291	-108.0	108	43489	291	-108.0	108	43489	291	-108.0	108	43489	291	-108.0	108	43489
292	-125.0	125	43614	292	-125.0	125	43614	292	-125.0	125	43614	292	-125.0	125	43614	292	-125.0	125	43614	292	-125.0	125	43614	292	-125.0	125	43614
293	-134.0	134	43748	293	-134.0	134	43748	293	-134.0	134	43748	293	-134.0	134	43748	293	-134.0	134	43748	293	-134.0	134	43748	293	-134.0	134	43748
294	-159.0	159	43907	294	-159.0	159	43907	294	-159.0	159	43907	294	-159.0	159	43907	294	-159.0	159	43907	294	-159.0	159	43907	294	-159.0	159	43907
295	-128.0	128	44035	295	-128.0	128	44035	295	-128.0	128	44035	295	-128.0	128	44035	295	-128.0	128	44035	295	-128.0	128	44035	295	-128.0	128	44035
296	-116.0	116	44151	296	-116.0	116	44151	296	-116.0	116	44151	296	-116.0	116	44151	296	-116.0	116	44151	296	-116.0	116	44151	296	-116.0	116	44151
297	-96.0	96	44247	297	-96.0	96	44247	297	-96.0	96	44247	297	-96.0	96	44247	297	-96.0	96	44247	297	-96.0	96	44247	297	-96.0	96	44247
298	-95.0	95	44342	298	-95.0	95	44342	298	-95.0	95	44342	298	-95.0	95	44342	298	-95.0	95	44342	298	-95.0	95	44342	298	-95.0	95	44342
299	-109.0	109	44451	299	-109.0	109	44451	299	-109.0	109	44451	299	-109.0	109	44451	299	-109.0	109	44451	299	-109.0	109	44451	299	-109.0	109	44451
