Episode	Accumulated Reward	Length	Steps	Episode	Accumulated Reward	Length	Steps	Episode	Accumulated Reward	Length	Steps	Episode	Accumulated Reward	Length	Steps	Episode	Accumulated Reward	Length	Steps	Episode	Accumulated Reward	Length	Steps
0	-500.0	500	500	0	-500.0	500	500	0	-500.0	500	500	0	-500.0	500	500	0	-500.0	500	500	0	-500.0	500	500
1	-500.0	500	1000	1	-500.0	500	1000	1	-500.0	500	1000	1	-500.0	500	1000	1	-500.0	500	1000	1	-500.0	500	1000
2	-486.0	486	1486	2	-486.0	486	1486	2	-486.0	486	1486	2	-486.0	486	1486	2	-486.0	486	1486	2	-486.0	486	1486
3	-500.0	500	1986	3	-500.0	500	1986	3	-500.0	500	1986	3	-500.0	500	1986	3	-500.0	500	1986	3	-500.0	500	1986
4	-258.0	258	2244	4	-258.0	258	2244	4	-258.0	258	2244	4	-258.0	258	2244	4	-258.0	258	2244	4	-258.0	258	2244
5	-500.0	500	2744	5	-500.0	500	2744	5	-500.0	500	2744	5	-500.0	500	2744	5	-500.0	500	2744	5	-500.0	500	2744
6	-240.0	240	2984	6	-240.0	240	2984	6	-240.0	240	2984	6	-240.0	240	2984	6	-240.0	240	2984	6	-240.0	240	2984
7	-283.0	283	3267	7	-283.0	283	3267	7	-283.0	283	3267	7	-283.0	283	3267	7	-283.0	283	3267	7	-283.0	283	3267
8	-203.0	203	3470	8	-203.0	203	3470	8	-203.0	203	3470	8	-203.0	203	3470	8	-203.0	203	3470	8	-203.0	203	3470
9	-383.0	383	3853	9	-383.0	383	3853	9	-383.0	383	3853	9	-383.0	383	3853	9	-383.0	383	3853	9	-383.0	383	3853
10	-247.0	247	4100	10	-247.0	247	4100	10	-247.0	247	4100	10	-247.0	247	4100	10	-247.0	247	4100	10	-247.0	247	4100
11	-236.0	236	4336	11	-236.0	236	4336	11	-236.0	236	4336	11	-236.0	236	4336	11	-236.0	236	4336	11	-236.0	236	4336
12	-229.0	229	4565	12	-229.0	229	4565	12	-229.0	229	4565	12	-229.0	229	4565	12	-229.0	229	4565	12	-229.0	229	4565
13	-152.0	152	4717	13	-152.0	152	4717	13	-152.0	152	4717	13	-152.0	152	4717	13	-152.0	152	4717	13	-152.0	152	4717
14	-234.0	234	4951	14	-234.0	234	4951	14	-234.0	234	4951	14	-234.0	234	4951	14	-234.0	234	4951	14	-234.0	234	4951
15	-238.0	238	5189	15	-238.0	238	5189	15	-238.0	238	5189	15	-238.0	238	5189	15	-238.0	238	5189	15	-238.0	238	5189
16	-223.0	223	5412	16	-223.0	223	5412	16	-223.0	223	5412	16	-223.0	223	5412	16	-223.0	223	5412	16	-223.0	223	5412
17	-196.0	196	5608	17	-196.0	196	5608	17	-196.0	196	5608	17	-196.0	196	5608	17	-196.0	196	5608	17	-196.0	196	5608
18	-188.0	188	5796	18	-188.0	188	5796	18	-188.0	188	5796	18	-188.0	188	5796	18	-188.0	188	5796	18	-188.0	188	5796
19	-249.0	249	6045	19	-249.0	249	6045	19	-249.0	249	6045	19	-249.0	249	6045	19	-249.0	249	6045	19	-249.0	249	6045
20	-151.0	151	6196	20	-151.0	151	6196	20	-151.0	151	6196	20	-151.0	151	6196	20	-151.0	151	6196	20	-151.0	151	6196
21	-221.0	221	6417	21	-221.0	221	6417	21	-221.0	221	6417	21	-221.0	221	6417	21	-221.0	221	6417	21	-221.0	221	6417
22	-223.0	223	6640	22	-223.0	223	6640	22	-223.0	223	6640	22	-223.0	223	6640	22	-223.0	223	6640	22	-223.0	223	6640
23	-146.0	146	6786	23	-146.0	146	6786	23	-146.0	146	6786	23	-146.0	146	6786	23	-146.0	146	6786	23	-146.0	146	6786
24	-154.0	154	6940	24	-154.0	154	6940	24	-154.0	154	6940	24	-154.0	154	6940	24	-154.0	154	6940	24	-154.0	154	6940
25	-225.0	225	7165	25	-225.0	225	7165	25	-225.0	225	7165	25	-225.0	225	7165	25	-225.0	225	7165	25	-225.0	225	7165
26	-219.0	219	7384	26	-219.0	219	7384	26	-219.0	219	7384	26	-219.0	219	7384	26	-219.0	219	7384	26	-219.0	219	7384
27	-143.0	143	7527	27	-143.0	143	7527	27	-143.0	143	7527	27	-143.0	143	7527	27	-143.0	143	7527	27	-143.0	143	7527
28	-157.0	157	7684	28	-157.0	157	7684	28	-157.0	157	7684	28	-157.0	157	7684	28	-157.0	157	7684	28	-157.0	157	7684
29	-152.0	152	7836	29	-152.0	152	7836	29	-152.0	152	7836	29	-152.0	152	7836	29	-152.0	152	7836	29	-152.0	152	7836
30	-151.0	151	7987	30	-151.0	151	7987	30	-151.0	151	7987	30	-151.0	151	7987	30	-151.0	151	7987	30	-151.0	151	7987
31	-154.0	154	8141	31	-154.0	154	8141	31	-154.0	154	8141	31	-154.0	154	8141	31	-154.0	154	8141	31	-154.0	154	8141
32	-154.0	154	8295	32	-154.0	154	8295	32	-154.0	154	8295	32	-154.0	154	8295	32	-154.0	154	8295	32	-154.0	154	8295
33	-143.0	143	8438	33	-143.0	143	8438	33	-143.0	143	8438	33	-143.0	143	8438	33	-143.0	143	8438	33	-143.0	143	8438
34	-202.0	202	8640	34	-202.0	202	8640	34	-202.0	202	8640	34	-202.0	202	8640	34	-202.0	202	8640	34	-202.0	202	8640
35	-145.0	145	8785	35	-145.0	145	8785	35	-145.0	145	8785	35	-145.0	145	8785	35	-145.0	145	8785	35	-145.0	145	8785
36	-208.0	208	8993	36	-208.0	208	8993	36	-208.0	208	8993	36	-208.0	208	8993	36	-208.0	208	8993	36	-208.0	208	8993
37	-151.0	151	9144	37	-151.0	151	9144	37	-151.0	151	9144	37	-151.0	151	9144	37	-151.0	151	9144	37	-151.0	151	9144
38	-149.0	149	9293	38	-149.0	149	9293	38	-149.0	149	9293	38	-149.0	149	9293	38	-149.0	149	9293	38	-149.0	149	9293
39	-206.0	206	9499	39	-206.0	206	9499	39	-206.0	206	9499	39	-206.0	206	9499	39	-206.0	206	9499	39	-206.0	206	9499
40	-144.0	144	9643	40	-144.0	144	9643	40	-144.0	144	9643	40	-144.0	144	9643	40	-144.0	144	9643	40	-144.0	144	9643
41	-143.0	143	9786	41	-143.0	143	9786	41	-143.0	143	9786	41	-143.0	143	9786	41	-143.0	143	9786	41	-143.0	143	9786
42	-147.0	147	9933	42	-147.0	147	9933	42	-147.0	147	9933	42	-147.0	147	9933	42	-147.0	147	9933	42	-147.0	147	9933
43	-141.0	141	10074	43	-141.0	141	10074	43	-141.0	141	10074	43	-141.0	141	10074	43	-141.0	141	10074	43	-141.0	141	10074
44	-206.0	206	10280	44	-206.0	206	10280	44	-206.0	206	10280	44	-206.0	206	10280	44	-206.0	206	10280	44	-206.0	206	10280
45	-143.0	143	10423	45	-143.0	143	10423	45	-143.0	143	10423	45	-143.0	143	10423	45	-143.0	143	10423	45	-143.0	143	10423
46	-147.0	147	10570	46	-147.0	147	10570	46	-147.0	147	10570	46	-147.0	147	10570	46	-147.0	147	10570	46	-147.0	147	10570
47	-141.0	141	10711	47	-141.0	141	10711	47	-141.0	141	10711	47	-141.0	141	10711	47	-141.0	141	10711	47	-141.0	141	10711
48	-137.0	137	10848	48	-137.0	137	10848	48	-137.0	137	10848	48	-137.0	137	10848	48	-137.0	137	10848	48	-137.0	137	10848
49	-246.0	246	11094	49	-246.0	246	11094	49	-246.0	246	11094	49	-246.0	246	11094	49	-246.0	246	11094	49	-246.0	246	11094
50	-136.0	136	11230	50	-136.0	136	11230	50	-136.0	136	11230	50	-136.0	136	11230	50	-136.0	136	11230	50	-136.0	136	11230
51	-144.0	144	11374	51	-144.0	144	11374	51	-144.0	144	11374	51	-144.0	144	11374	51	-144.0	144	11374	51	-144.0	144	11374
52	-145.0	145	11519	52	-145.0	145	11519	52	-145.0	145	11519	52	-145.0	145	11519	52	-145.0	145	11519	52	-145.0	145	11519
53	-147.0	147	11666	53	-147.0	147	11666	53	-147.0	147	11666	53	-147.0	147	11666	53	-147.0	147	11666	53	-147.0	147	11666
54	-146.0	146	11812	54	-146.0	146	11812	54	-146.0	146	11812	54	-146.0	146	11812	54	-146.0	146	11812	54	-146.0	146	11812
55	-149.0	149	11961	55	-149.0	149	11961	55	-149.0	149	11961	55	-149.0	149	11961	55	-149.0	149	11961	55	-149.0	149	11961
56	-131.0	131	12092	56	-131.0	131	12092	56	-131.0	131	12092	56	-131.0	131	12092	56	-131.0	131	12092	56	-131.0	131	12092
57	-145.0	145	12237	57	-145.0	145	12237	57	-145.0	145	12237	57	-145.0	145	12237	57	-145.0	145	12237	57	-145.0	145	12237
58	-146.0	146	12383	58	-146.0	146	12383	58	-146.0	146	12383	58	-146.0	146	12383	58	-146.0	146	12383	58	-146.0	146	12383
59	-141.0	141	12524	59	-141.0	141	12524	59	-141.0	141	12524	59	-141.0	141	12524	59	-141.0	141	12524	59	-141.0	141	12524
60	-219.0	219	12743	60	-219.0	219	12743	60	-219.0	219	12743	60	-219.0	219	12743	60	-219.0	219	12743	60	-219.0	219	12743
61	-129.0	129	12872	61	-129.0	129	12872	61	-129.0	129	12872	61	-129.0	129	12872	61	-129.0	129	12872	61	-129.0	129	12872
62	-133.0	133	13005	62	-133.0	133	13005	62	-133.0	133	13005	62	-133.0	133	13005	62	-133.0	133	13005	62	-133.0	133	13005
63	-130.0	130	13135	63	-130.0	130	13135	63	-130.0	130	13135	63	-130.0	130	13135	63	-130.0	130	13135	63	-130.0	130	13135
64	-111.0	111	13246	64	-111.0	111	13246	64	-111.0	111	13246	64	-111.0	111	13246	64	-111.0	111	13246	64	-111.0	111	13246
65	-109.0	109	13355	65	-109.0	109	13355	65	-109.0	109	13355	65	-109.0	109	13355	65	-109.0	109	13355	65	-109.0	109	13355
66	-147.0	147	13502	66	-147.0	147	13502	66	-147.0	147	13502	66	-147.0	147	13502	66	-147.0	147	13502	66	-147.0	147	13502
67	-139.0	139	13641	67	-139.0	139	13641	67	-139.0	139	13641	67	-139.0	139	13641	67	-139.0	139	13641	67	-139.0	139	13641
68	-111.0	111	13752	68	-111.0	111	13752	68	-111.0	111	13752	68	-111.0	111	13752	68	-111.0	111	13752	68	-111.0	111	13752
69	-130.0	130	13882	69	-130.0	130	13882	69	-130.0	130	13882	69	-130.0	130	13882	69	-130.0	130	13882	69	-130.0	130	13882
70	-141.0	141	14023	70	-141.0	141	14023	70	-141.0	141	14023	70	-141.0	141	14023	70	-141.0	141	14023	70	-141.0	141	14023
71	-104.0	104	14127	71	-104.0	104	14127	71	-104.0	104	14127	71	-104.0	104	14127	71	-104.0	104	14127	71	-104.0	104	14127
72	-104.0	104	14231	72	-104.0	104	14231	72	-104.0	104	14231	72	-104.0	104	14231	72	-104.0	104	14231	72	-104.0	104	14231
73	-147.0	147	14378	73	-147.0	147	14378	73	-147.0	147	14378	73	-147.0	147	14378	73	-147.0	147	14378	73	-147.0	147	14378
74	-105.0	105	14483	74	-105.0	105	14483	74	-105.0	105	14483	74	-105.0	105	14483	74	-105.0	105	14483	74	-105.0	105	14483
75	-117.0	117	14600	75	-117.0	117	14600	75	-117.0	117	14600	75	-117.0	117	14600	75	-117.0	117	14600	75	-117.0	117	14600
76	-142.0	142	14742	76	-142.0	142	14742	76	-142.0	142	14742	76	-142.0	142	14742	76	-142.0	142	14742	76	-142.0	142	14742
77	-115.0	115	14857	77	-115.0	115	14857	77	-115.0	115	14857	77	-115.0	115	14857	77	-115.0	115	14857	77	-115.0	115	14857
78	-155.0	155	15012	78	-155.0	155	15012	78	-155.0	155	15012	78	-155.0	155	15012	78	-155.0	155	15012	78	-155.0	155	15012
79	-149.0	149	15161	79	-149.0	149	15161	79	-149.0	149	15161	79	-149.0	149	15161	79	-149.0	149	15161	79	-149.0	149	15161
80	-157.0	157	15318	80	-157.0	157	15318	80	-157.0	157	15318	80	-157.0	157	15318	80	-157.0	157	15318	80	-157.0	157	15318
81	-140.0	140	15458	81	-140.0	140	15458	81	-140.0	140	15458	81	-140.0	140	15458	81	-140.0	140	15458	81	-140.0	140	15458
82	-187.0	187	15645	82	-187.0	187	15645	82	-187.0	187	15645	82	-187.0	187	15645	82	-187.0	187	15645	82	-187.0	187	15645
83	-143.0	143	15788	83	-143.0	143	15788	83	-143.0	143	15788	83	-143.0	143	15788	83	-143.0	143	15788	83	-143.0	143	15788
84	-142.0	142	15930	84	-142.0	142	15930	84	-142.0	142	15930	84	-142.0	142	15930	84	-142.0	142	15930	84	-142.0	142	15930
85	-147.0	147	16077	85	-147.0	147	16077	85	-147.0	147	16077	85	-147.0	147	16077	85	-147.0	147	16077	85	-147.0	147	16077
86	-143.0	143	16220	86	-143.0	143	16220	86	-143.0	143	16220	86	-143.0	143	16220	86	-143.0	143	16220	86	-143.0	143	16220
87	-137.0	137	16357	87	-137.0	137	16357	87	-137.0	137	16357	87	-137.0	137	16357	87	-137.0	137	16357	87	-137.0	137	16357
88	-139.0	139	16496	88	-139.0	139	16496	88	-139.0	139	16496	88	-139.0	139	16496	88	-139.0	139	16496	88	-139.0	139	16496
89	-138.0	138	16634	89	-138.0	138	16634	89	-138.0	138	16634	89	-138.0	138	16634	89	-138.0	138	16634	89	-138.0	138	16634
90	-140.0	140	16774	90	-140.0	140	16774	90	-140.0	140	16774	90	-140.0	140	16774	90	-140.0	140	16774	90	-140.0	140	16774
91	-140.0	140	16914	91	-140.0	140	16914	91	-140.0	140	16914	91	-140.0	140	16914	91	-140.0	140	16914	91	-140.0	140	16914
92	-169.0	169	17083	92	-169.0	169	17083	92	-169.0	169	17083	92	-169.0	169	17083	92	-169.0	169	17083	92	-169.0	169	17083
93	-138.0	138	17221	93	-138.0	138	17221	93	-138.0	138	17221	93	-138.0	138	17221	93	-138.0	138	17221	93	-138.0	138	17221
94	-167.0	167	17388	94	-167.0	167	17388	94	-167.0	167	17388	94	-167.0	167	17388	94	-167.0	167	17388	94	-167.0	167	17388
95	-111.0	111	17499	95	-111.0	111	17499	95	-111.0	111	17499	95	-111.0	111	17499	95	-111.0	111	17499	95	-111.0	111	17499
96	-139.0	139	17638	96	-139.0	139	17638	96	-139.0	139	17638	96	-139.0	139	17638	96	-139.0	139	17638	96	-139.0	139	17638
97	-139.0	139	17777	97	-139.0	139	17777	97	-139.0	139	17777	97	-139.0	139	17777	97	-139.0	139	17777	97	-139.0	139	17777
98	-134.0	134	17911	98	-134.0	134	17911	98	-134.0	134	17911	98	-134.0	134	17911	98	-134.0	134	17911	98	-134.0	134	17911
99	-171.0	171	18082	99	-171.0	171	18082	99	-171.0	171	18082	99	-171.0	171	18082	99	-171.0	171	18082	99	-171.0	171	18082
100	-144.0	144	18226	100	-144.0	144	18226	100	-144.0	144	18226	100	-144.0	144	18226	100	-144.0	144	18226	100	-144.0	144	18226
101	-176.0	176	18402	101	-176.0	176	18402	101	-176.0	176	18402	101	-176.0	176	18402	101	-176.0	176	18402	101	-176.0	176	18402
102	-173.0	173	18575	102	-173.0	173	18575	102	-173.0	173	18575	102	-173.0	173	18575	102	-173.0	173	18575	102	-173.0	173	18575
103	-222.0	222	18797	103	-222.0	222	18797	103	-222.0	222	18797	103	-222.0	222	18797	103	-222.0	222	18797	103	-222.0	222	18797
104	-137.0	137	18934	104	-137.0	137	18934	104	-137.0	137	18934	104	-137.0	137	18934	104	-137.0	137	18934	104	-137.0	137	18934
105	-201.0	201	19135	105	-201.0	201	19135	105	-201.0	201	19135	105	-201.0	201	19135	105	-201.0	201	19135	105	-201.0	201	19135
106	-174.0	174	19309	106	-174.0	174	19309	106	-174.0	174	19309	106	-174.0	174	19309	106	-174.0	174	19309	106	-174.0	174	19309
107	-145.0	145	19454	107	-145.0	145	19454	107	-145.0	145	19454	107	-145.0	145	19454	107	-145.0	145	19454	107	-145.0	145	19454
108	-190.0	190	19644	108	-190.0	190	19644	108	-190.0	190	19644	108	-190.0	190	19644	108	-190.0	190	19644	108	-190.0	190	19644
109	-185.0	185	19829	109	-185.0	185	19829	109	-185.0	185	19829	109	-185.0	185	19829	109	-185.0	185	19829	109	-185.0	185	19829
110	-162.0	162	19991	110	-162.0	162	19991	110	-162.0	162	19991	110	-162.0	162	19991	110	-162.0	162	19991	110	-162.0	162	19991
111	-199.0	199	20190	111	-199.0	199	20190	111	-199.0	199	20190	111	-199.0	199	20190	111	-199.0	199	20190	111	-199.0	199	20190
112	-151.0	151	20341	112	-151.0	151	20341	112	-151.0	151	20341	112	-151.0	151	20341	112	-151.0	151	20341	112	-151.0	151	20341
113	-133.0	133	20474	113	-133.0	133	20474	113	-133.0	133	20474	113	-133.0	133	20474	113	-133.0	133	20474	113	-133.0	133	20474
114	-154.0	154	20628	114	-154.0	154	20628	114	-154.0	154	20628	114	-154.0	154	20628	114	-154.0	154	20628	114	-154.0	154	20628
115	-142.0	142	20770	115	-142.0	142	20770	115	-142.0	142	20770	115	-142.0	142	20770	115	-142.0	142	20770	115	-142.0	142	20770
116	-136.0	136	20906	116	-136.0	136	20906	116	-136.0	136	20906	116	-136.0	136	20906	116	-136.0	136	20906	116	-136.0	136	20906
117	-138.0	138	21044	117	-138.0	138	21044	117	-138.0	138	21044	117	-138.0	138	21044	117	-138.0	138	21044	117	-138.0	138	21044
118	-133.0	133	21177	118	-133.0	133	21177	118	-133.0	133	21177	118	-133.0	133	21177	118	-133.0	133	21177	118	-133.0	133	21177
119	-111.0	111	21288	119	-111.0	111	21288	119	-111.0	111	21288	119	-111.0	111	21288	119	-111.0	111	21288	119	-111.0	111	21288
120	-225.0	225	21513	120	-225.0	225	21513	120	-225.0	225	21513	120	-225.0	225	21513	120	-225.0	225	21513	120	-225.0	225	21513
121	-135.0	135	21648	121	-135.0	135	21648	121	-135.0	135	21648	121	-135.0	135	21648	121	-135.0	135	21648	121	-135.0	135	21648
122	-133.0	133	21781	122	-133.0	133	21781	122	-133.0	133	21781	122	-133.0	133	21781	122	-133.0	133	21781	122	-133.0	133	21781
123	-199.0	199	21980	123	-199.0	199	21980	123	-199.0	199	21980	123	-199.0	199	21980	123	-199.0	199	21980	123	-199.0	199	21980
124	-158.0	158	22138	124	-158.0	158	22138	124	-158.0	158	22138	124	-158.0	158	22138	124	-158.0	158	22138	124	-158.0	158	22138
125	-111.0	111	22249	125	-111.0	111	22249	125	-111.0	111	22249	125	-111.0	111	22249	125	-111.0	111	22249	125	-111.0	111	22249
126	-170.0	170	22419	126	-170.0	170	22419	126	-170.0	170	22419	126	-170.0	170	22419	126	-170.0	170	22419	126	-170.0	170	22419
127	-139.0	139	22558	127	-139.0	139	22558	127	-139.0	139	22558	127	-139.0	139	22558	127	-139.0	139	22558	127	-139.0	139	22558
128	-132.0	132	22690	128	-132.0	132	22690	128	-132.0	132	22690	128	-132.0	132	22690	128	-132.0	132	22690	128	-132.0	132	22690
129	-217.0	217	22907	129	-217.0	217	22907	129	-217.0	217	22907	129	-217.0	217	22907	129	-217.0	217	22907	129	-217.0	217	22907
130	-145.0	145	23052	130	-145.0	145	23052	130	-145.0	145	23052	130	-145.0	145	23052	130	-145.0	145	23052	130	-145.0	145	23052
131	-143.0	143	23195	131	-143.0	143	23195	131	-143.0	143	23195	131	-143.0	143	23195	131	-143.0	143	23195	131	-143.0	143	23195
132	-140.0	140	23335	132	-140.0	140	23335	132	-140.0	140	23335	132	-140.0	140	23335	132	-140.0	140	23335	132	-140.0	140	23335
133	-130.0	130	23465	133	-130.0	130	23465	133	-130.0	130	23465	133	-130.0	130	23465	133	-130.0	130	23465	133	-130.0	130	23465
134	-144.0	144	23609	134	-144.0	144	23609	134	-144.0	144	23609	134	-144.0	144	23609	134	-144.0	144	23609	134	-144.0	144	23609
135	-133.0	133	23742	135	-133.0	133	23742	135	-133.0	133	23742	135	-133.0	133	23742	135	-133.0	133	23742	135	-133.0	133	23742
136	-135.0	135	23877	136	-135.0	135	23877	136	-135.0	135	23877	136	-135.0	135	23877	136	-135.0	135	23877	136	-135.0	135	23877
137	-135.0	135	24012	137	-135.0	135	24012	137	-135.0	135	24012	137	-135.0	135	24012	137	-135.0	135	24012	137	-135.0	135	24012
138	-136.0	136	24148	138	-136.0	136	24148	138	-136.0	136	24148	138	-136.0	136	24148	138	-136.0	136	24148	138	-136.0	136	24148
139	-135.0	135	24283	139	-135.0	135	24283	139	-135.0	135	24283	139	-135.0	135	24283	139	-135.0	135	24283	139	-135.0	135	24283
140	-136.0	136	24419	140	-136.0	136	24419	140	-136.0	136	24419	140	-136.0	136	24419	140	-136.0	136	24419	140	-136.0	136	24419
141	-133.0	133	24552	141	-133.0	133	24552	141	-133.0	133	24552	141	-133.0	133	24552	141	-133.0	133	24552	141	-133.0	133	24552
142	-126.0	126	24678	142	-126.0	126	24678	142	-126.0	126	24678	142	-126.0	126	24678	142	-126.0	126	24678	142	-126.0	126	24678
143	-135.0	135	24813	143	-135.0	135	24813	143	-135.0	135	24813	143	-135.0	135	24813	143	-135.0	135	24813	143	-135.0	135	24813
144	-135.0	135	24948	144	-135.0	135	24948	144	-135.0	135	24948	144	-135.0	135	24948	144	-135.0	135	24948	144	-135.0	135	24948
145	-132.0	132	25080	145	-132.0	132	25080	145	-132.0	132	25080	145	-132.0	132	25080	145	-132.0	132	25080	145	-132.0	132	25080
146	-126.0	126	25206	146	-126.0	126	25206	146	-126.0	126	25206	146	-126.0	126	25206	146	-126.0	126	25206	146	-126.0	126	25206
147	-134.0	134	25340	147	-134.0	134	25340	147	-134.0	134	25340	147	-134.0	134	25340	147	-134.0	134	25340	147	-134.0	134	25340
148	-136.0	136	25476	148	-136.0	136	25476	148	-136.0	136	25476	148	-136.0	136	25476	148	-136.0	136	25476	148	-136.0	136	25476
149	-131.0	131	25607	149	-131.0	131	25607	149	-131.0	131	25607	149	-131.0	131	25607	149	-131.0	131	25607	149	-131.0	131	25607
150	-108.0	108	25715	150	-108.0	108	25715	150	-108.0	108	25715	150	-108.0	108	25715	150	-108.0	108	25715	150	-108.0	108	25715
151	-109.0	109	25824	151	-109.0	109	25824	151	-109.0	109	25824	151	-109.0	109	25824	151	-109.0	109	25824	151	-109.0	109	25824
152	-135.0	135	25959	152	-135.0	135	25959	152	-135.0	135	25959	152	-135.0	135	25959	152	-135.0	135	25959	152	-135.0	135	25959
153	-106.0	106	26065	153	-106.0	106	26065	153	-106.0	106	26065	153	-106.0	106	26065	153	-106.0	106	26065	153	-106.0	106	26065
154	-142.0	142	26207	154	-142.0	142	26207	154	-142.0	142	26207	154	-142.0	142	26207	154	-142.0	142	26207	154	-142.0	142	26207
155	-141.0	141	26348	155	-141.0	141	26348	155	-141.0	141	26348	155	-141.0	141	26348	155	-141.0	141	26348	155	-141.0	141	26348
156	-109.0	109	26457	156	-109.0	109	26457	156	-109.0	109	26457	156	-109.0	109	26457	156	-109.0	109	26457	156	-109.0	109	26457
157	-136.0	136	26593	157	-136.0	136	26593	157	-136.0	136	26593	157	-136.0	136	26593	157	-136.0	136	26593	157	-136.0	136	26593
158	-106.0	106	26699	158	-106.0	106	26699	158	-106.0	106	26699	158	-106.0	106	26699	158	-106.0	106	26699	158	-106.0	106	26699
159	-106.0	106	26805	159	-106.0	106	26805	159	-106.0	106	26805	159	-106.0	106	26805	159	-106.0	106	26805	159	-106.0	106	26805
160	-107.0	107	26912	160	-107.0	107	26912	160	-107.0	107	26912	160	-107.0	107	26912	160	-107.0	107	26912	160	-107.0	107	26912
161	-136.0	136	27048	161	-136.0	136	27048	161	-136.0	136	27048	161	-136.0	136	27048	161	-136.0	136	27048	161	-136.0	136	27048
162	-144.0	144	27192	162	-144.0	144	27192	162	-144.0	144	27192	162	-144.0	144	27192	162	-144.0	144	27192	162	-144.0	144	27192
163	-108.0	108	27300	163	-108.0	108	27300	163	-108.0	108	27300	163	-108.0	108	27300	163	-108.0	108	27300	163	-108.0	108	27300
164	-107.0	107	27407	164	-107.0	107	27407	164	-107.0	107	27407	164	-107.0	107	27407	164	-107.0	107	27407	164	-107.0	107	27407
165	-107.0	107	27514	165	-107.0	107	27514	165	-107.0	107	27514	165	-107.0	107	27514	165	-107.0	107	27514	165	-107.0	107	27514
166	-106.0	106	27620	166	-106.0	106	27620	166	-106.0	106	27620	166	-106.0	106	27620	166	-106.0	106	27620	166	-106.0	106	27620
167	-106.0	106	27726	167	-106.0	106	27726	167	-106.0	106	27726	167	-106.0	106	27726	167	-106.0	106	27726	167	-106.0	106	27726
168	-106.0	106	27832	168	-106.0	106	27832	168	-106.0	106	27832	168	-106.0	106	27832	168	-106.0	106	27832	168	-106.0	106	27832
169	-137.0	137	27969	169	-137.0	137	27969	169	-137.0	137	27969	169	-137.0	137	27969	169	-137.0	137	27969	169	-137.0	137	27969
170	-106.0	106	28075	170	-106.0	106	28075	170	-106.0	106	28075	170	-106.0	106	28075	170	-106.0	106	28075	170	-106.0	106	28075
171	-105.0	105	28180	171	-105.0	105	28180	171	-105.0	105	28180	171	-105.0	105	28180	171	-105.0	105	28180	171	-105.0	105	28180
172	-147.0	147	28327	172	-147.0	147	28327	172	-147.0	147	28327	172	-147.0	147	28327	172	-147.0	147	28327	172	-147.0	147	28327
173	-132.0	132	28459	173	-132.0	132	28459	173	-132.0	132	28459	173	-132.0	132	28459	173	-132.0	132	28459	173	-132.0	132	28459
174	-106.0	106	28565	174	-106.0	106	28565	174	-106.0	106	28565	174	-106.0	106	28565	174	-106.0	106	28565	174	-106.0	106	28565
175	-107.0	107	28672	175	-107.0	107	28672	175	-107.0	107	28672	175	-107.0	107	28672	175	-107.0	107	28672	175	-107.0	107	28672
176	-106.0	106	28778	176	-106.0	106	28778	176	-106.0	106	28778	176	-106.0	106	28778	176	-106.0	106	28778	176	-106.0	106	28778
177	-105.0	105	28883	177	-105.0	105	28883	177	-105.0	105	28883	177	-105.0	105	28883	177	-105.0	105	28883	177	-105.0	105	28883
178	-105.0	105	28988	178	-105.0	105	28988	178	-105.0	105	28988	178	-105.0	105	28988	178	-105.0	105	28988	178	-105.0	105	28988
179	-106.0	106	29094	179	-106.0	106	29094	179	-106.0	106	29094	179	-106.0	106	29094	179	-106.0	106	29094	179	-106.0	106	29094
180	-137.0	137	29231	180	-137.0	137	29231	180	-137.0	137	29231	180	-137.0	137	29231	180	-137.0	137	29231	180	-137.0	137	29231
181	-133.0	133	29364	181	-133.0	133	29364	181	-133.0	133	29364	181	-133.0	133	29364	181	-133.0	133	29364	181	-133.0	133	29364
182	-131.0	131	29495	182	-131.0	131	29495	182	-131.0	131	29495	182	-131.0	131	29495	182	-131.0	131	29495	182	-131.0	131	29495
183	-156.0	156	29651	183	-156.0	156	29651	183	-156.0	156	29651	183	-156.0	156	29651	183	-156.0	156	29651	183	-156.0	156	29651
184	-156.0	156	29807	184	-156.0	156	29807	184	-156.0	156	29807	184	-156.0	156	29807	184	-156.0	156	29807	184	-156.0	156	29807
185	-108.0	108	29915	185	-108.0	108	29915	185	-108.0	108	29915	185	-108.0	108	29915	185	-108.0	108	29915	185	-108.0	108	29915
186	-109.0	109	30024	186	-109.0	109	30024	186	-109.0	109	30024	186	-109.0	109	30024	186	-109.0	109	30024	186	-109.0	109	30024
187	-108.0	108	30132	187	-108.0	108	30132	187	-108.0	108	30132	187	-108.0	108	30132	187	-108.0	108	30132	187	-108.0	108	30132
188	-137.0	137	30269	188	-137.0	137	30269	188	-137.0	137	30269	188	-137.0	137	30269	188	-137.0	137	30269	188	-137.0	137	30269
189	-106.0	106	30375	189	-106.0	106	30375	189	-106.0	106	30375	189	-106.0	106	30375	189	-106.0	106	30375	189	-106.0	106	30375
190	-159.0	159	30534	190	-159.0	159	30534	190	-159.0	159	30534	190	-159.0	159	30534	190	-159.0	159	30534	190	-159.0	159	30534
191	-212.0	212	30746	191	-212.0	212	30746	191	-212.0	212	30746	191	-212.0	212	30746	191	-212.0	212	30746	191	-212.0	212	30746
192	-115.0	115	30861	192	-115.0	115	30861	192	-115.0	115	30861	192	-115.0	115	30861	192	-115.0	115	30861	192	-115.0	115	30861
193	-117.0	117	30978	193	-117.0	117	30978	193	-117.0	117	30978	193	-117.0	117	30978	193	-117.0	117	30978	193	-117.0	117	30978
194	-146.0	146	31124	194	-146.0	146	31124	194	-146.0	146	31124	194	-146.0	146	31124	194	-146.0	146	31124	194	-146.0	146	31124
195	-176.0	176	31300	195	-176.0	176	31300	195	-176.0	176	31300	195	-176.0	176	31300	195	-176.0	176	31300	195	-176.0	176	31300
196	-136.0	136	31436	196	-136.0	136	31436	196	-136.0	136	31436	196	-136.0	136	31436	196	-136.0	136	31436	196	-136.0	136	31436
197	-195.0	195	31631	197	-195.0	195	31631	197	-195.0	195	31631	197	-195.0	195	31631	197	-195.0	195	31631	197	-195.0	195	31631
198	-143.0	143	31774	198	-143.0	143	31774	198	-143.0	143	31774	198	-143.0	143	31774	198	-143.0	143	31774	198	-143.0	143	31774
199	-141.0	141	31915	199	-141.0	141	31915	199	-141.0	141	31915	199	-141.0	141	31915	199	-141.0	141	31915	199	-141.0	141	31915
200	-134.0	134	32049	200	-134.0	134	32049	200	-134.0	134	32049	200	-134.0	134	32049	200	-134.0	134	32049	200	-134.0	134	32049
201	-133.0	133	32182	201	-133.0	133	32182	201	-133.0	133	32182	201	-133.0	133	32182	201	-133.0	133	32182	201	-133.0	133	32182
202	-190.0	190	32372	202	-190.0	190	32372	202	-190.0	190	32372	202	-190.0	190	32372	202	-190.0	190	32372	202	-190.0	190	32372
203	-133.0	133	32505	203	-133.0	133	32505	203	-133.0	133	32505	203	-133.0	133	32505	203	-133.0	133	32505	203	-133.0	133	32505
204	-207.0	207	32712	204	-207.0	207	32712	204	-207.0	207	32712	204	-207.0	207	32712	204	-207.0	207	32712	204	-207.0	207	32712
205	-145.0	145	32857	205	-145.0	145	32857	205	-145.0	145	32857	205	-145.0	145	32857	205	-145.0	145	32857	205	-145.0	145	32857
206	-141.0	141	32998	206	-141.0	141	32998	206	-141.0	141	32998	206	-141.0	141	32998	206	-141.0	141	32998	206	-141.0	141	32998
207	-153.0	153	33151	207	-153.0	153	33151	207	-153.0	153	33151	207	-153.0	153	33151	207	-153.0	153	33151	207	-153.0	153	33151
208	-139.0	139	33290	208	-139.0	139	33290	208	-139.0	139	33290	208	-139.0	139	33290	208	-139.0	139	33290	208	-139.0	139	33290
209	-134.0	134	33424	209	-134.0	134	33424	209	-134.0	134	33424	209	-134.0	134	33424	209	-134.0	134	33424	209	-134.0	134	33424
210	-110.0	110	33534	210	-110.0	110	33534	210	-110.0	110	33534	210	-110.0	110	33534	210	-110.0	110	33534	210	-110.0	110	33534
211	-139.0	139	33673	211	-139.0	139	33673	211	-139.0	139	33673	211	-139.0	139	33673	211	-139.0	139	33673	211	-139.0	139	33673
212	-170.0	170	33843	212	-170.0	170	33843	212	-170.0	170	33843	212	-170.0	170	33843	212	-170.0	170	33843	212	-170.0	170	33843
213	-144.0	144	33987	213	-144.0	144	33987	213	-144.0	144	33987	213	-144.0	144	33987	213	-144.0	144	33987	213	-144.0	144	33987
214	-162.0	162	34149	214	-162.0	162	34149	214	-162.0	162	34149	214	-162.0	162	34149	214	-162.0	162	34149	214	-162.0	162	34149
215	-112.0	112	34261	215	-112.0	112	34261	215	-112.0	112	34261	215	-112.0	112	34261	215	-112.0	112	34261	215	-112.0	112	34261
216	-144.0	144	34405	216	-144.0	144	34405	216	-144.0	144	34405	216	-144.0	144	34405	216	-144.0	144	34405	216	-144.0	144	34405
217	-112.0	112	34517	217	-112.0	112	34517	217	-112.0	112	34517	217	-112.0	112	34517	217	-112.0	112	34517	217	-112.0	112	34517
218	-142.0	142	34659	218	-142.0	142	34659	218	-142.0	142	34659	218	-142.0	142	34659	218	-142.0	142	34659	218	-142.0	142	34659
219	-108.0	108	34767	219	-108.0	108	34767	219	-108.0	108	34767	219	-108.0	108	34767	219	-108.0	108	34767	219	-108.0	108	34767
220	-138.0	138	34905	220	-138.0	138	34905	220	-138.0	138	34905	220	-138.0	138	34905	220	-138.0	138	34905	220	-138.0	138	34905
221	-134.0	134	35039	221	-134.0	134	35039	221	-134.0	134	35039	221	-134.0	134	35039	221	-134.0	134	35039	221	-134.0	134	35039
222	-115.0	115	35154	222	-115.0	115	35154	222	-115.0	115	35154	222	-115.0	115	35154	222	-115.0	115	35154	222	-115.0	115	35154
223	-109.0	109	35263	223	-109.0	109	35263	223	-109.0	109	35263	223	-109.0	109	35263	223	-109.0	109	35263	223	-109.0	109	35263
224	-106.0	106	35369	224	-106.0	106	35369	224	-106.0	106	35369	224	-106.0	106	35369	224	-106.0	106	35369	224	-106.0	106	35369
225	-109.0	109	35478	225	-109.0	109	35478	225	-109.0	109	35478	225	-109.0	109	35478	225	-109.0	109	35478	225	-109.0	109	35478
226	-136.0	136	35614	226	-136.0	136	35614	226	-136.0	136	35614	226	-136.0	136	35614	226	-136.0	136	35614	226	-136.0	136	35614
227	-111.0	111	35725	227	-111.0	111	35725	227	-111.0	111	35725	227	-111.0	111	35725	227	-111.0	111	35725	227	-111.0	111	35725
228	-138.0	138	35863	228	-138.0	138	35863	228	-138.0	138	35863	228	-138.0	138	35863	228	-138.0	138	35863	228	-138.0	138	35863
229	-108.0	108	35971	229	-108.0	108	35971	229	-108.0	108	35971	229	-108.0	108	35971	229	-108.0	108	35971	229	-108.0	108	35971
230	-108.0	108	36079	230	-108.0	108	36079	230	-108.0	108	36079	230	-108.0	108	36079	230	-108.0	108	36079	230	-108.0	108	36079
231	-106.0	106	36185	231	-106.0	106	36185	231	-106.0	106	36185	231	-106.0	106	36185	231	-106.0	106	36185	231	-106.0	106	36185
232	-135.0	135	36320	232	-135.0	135	36320	232	-135.0	135	36320	232	-135.0	135	36320	232	-135.0	135	36320	232	-135.0	135	36320
233	-132.0	132	36452	233	-132.0	132	36452	233	-132.0	132	36452	233	-132.0	132	36452	233	-132.0	132	36452	233	-132.0	132	36452
234	-129.0	129	36581	234	-129.0	129	36581	234	-129.0	129	36581	234	-129.0	129	36581	234	-129.0	129	36581	234	-129.0	129	36581
235	-148.0	148	36729	235	-148.0	148	36729	235	-148.0	148	36729	235	-148.0	148	36729	235	-148.0	148	36729	235	-148.0	148	36729
236	-134.0	134	36863	236	-134.0	134	36863	236	-134.0	134	36863	236	-134.0	134	36863	236	-134.0	134	36863	236	-134.0	134	36863
237	-174.0	174	37037	237	-174.0	174	37037	237	-174.0	174	37037	237	-174.0	174	37037	237	-174.0	174	37037	237	-174.0	174	37037
238	-135.0	135	37172	238	-135.0	135	37172	238	-135.0	135	37172	238	-135.0	135	37172	238	-135.0	135	37172	238	-135.0	135	37172
239	-191.0	191	37363	239	-191.0	191	37363	239	-191.0	191	37363	239	-191.0	191	37363	239	-191.0	191	37363	239	-191.0	191	37363
240	-183.0	183	37546	240	-183.0	183	37546	240	-183.0	183	37546	240	-183.0	183	37546	240	-183.0	183	37546	240	-183.0	183	37546
241	-179.0	179	37725	241	-179.0	179	37725	241	-179.0	179	37725	241	-179.0	179	37725	241	-179.0	179	37725	241	-179.0	179	37725
242	-153.0	153	37878	242	-153.0	153	37878	242	-153.0	153	37878	242	-153.0	153	37878	242	-153.0	153	37878	242	-153.0	153	37878
243	-136.0	136	38014	243	-136.0	136	38014	243	-136.0	136	38014	243	-136.0	136	38014	243	-136.0	136	38014	243	-136.0	136	38014
244	-132.0	132	38146	244	-132.0	132	38146	244	-132.0	132	38146	244	-132.0	132	38146	244	-132.0	132	38146	244	-132.0	132	38146
245	-132.0	132	38278	245	-132.0	132	38278	245	-132.0	132	38278	245	-132.0	132	38278	245	-132.0	132	38278	245	-132.0	132	38278
246	-155.0	155	38433	246	-155.0	155	38433	246	-155.0	155	38433	246	-155.0	155	38433	246	-155.0	155	38433	246	-155.0	155	38433
247	-132.0	132	38565	247	-132.0	132	38565	247	-132.0	132	38565	247	-132.0	132	38565	247	-132.0	132	38565	247	-132.0	132	38565
248	-142.0	142	38707	248	-142.0	142	38707	248	-142.0	142	38707	248	-142.0	142	38707	248	-142.0	142	38707	248	-142.0	142	38707
249	-133.0	133	38840	249	-133.0	133	38840	249	-133.0	133	38840	249	-133.0	133	38840	249	-133.0	133	38840	249	-133.0	133	38840
250	-132.0	132	38972	250	-132.0	132	38972	250	-132.0	132	38972	250	-132.0	132	38972	250	-132.0	132	38972	250	-132.0	132	38972
251	-134.0	134	39106	251	-134.0	134	39106	251	-134.0	134	39106	251	-134.0	134	39106	251	-134.0	134	39106	251	-134.0	134	39106
252	-141.0	141	39247	252	-141.0	141	39247	252	-141.0	141	39247	252	-141.0	141	39247	252	-141.0	141	39247	252	-141.0	141	39247
253	-136.0	136	39383	253	-136.0	136	39383	253	-136.0	136	39383	253	-136.0	136	39383	253	-136.0	136	39383	253	-136.0	136	39383
254	-136.0	136	39519	254	-136.0	136	39519	254	-136.0	136	39519	254	-136.0	136	39519	254	-136.0	136	39519	254	-136.0	136	39519
255	-137.0	137	39656	255	-137.0	137	39656	255	-137.0	137	39656	255	-137.0	137	39656	255	-137.0	137	39656	255	-137.0	137	39656
256	-140.0	140	39796	256	-140.0	140	39796	256	-140.0	140	39796	256	-140.0	140	39796	256	-140.0	140	39796	256	-140.0	140	39796
257	-140.0	140	39936	257	-140.0	140	39936	257	-140.0	140	39936	257	-140.0	140	39936	257	-140.0	140	39936	257	-140.0	140	39936
258	-136.0	136	40072	258	-136.0	136	40072	258	-136.0	136	40072	258	-136.0	136	40072	258	-136.0	136	40072	258	-136.0	136	40072
259	-155.0	155	40227	259	-155.0	155	40227	259	-155.0	155	40227	259	-155.0	155	40227	259	-155.0	155	40227	259	-155.0	155	40227
260	-135.0	135	40362	260	-135.0	135	40362	260	-135.0	135	40362	260	-135.0	135	40362	260	-135.0	135	40362	260	-135.0	135	40362
261	-90.0	90	40452	261	-90.0	90	40452	261	-90.0	90	40452	261	-90.0	90	40452	261	-90.0	90	40452	261	-90.0	90	40452
262	-137.0	137	40589	262	-137.0	137	40589	262	-137.0	137	40589	262	-137.0	137	40589	262	-137.0	137	40589	262	-137.0	137	40589
263	-137.0	137	40726	263	-137.0	137	40726	263	-137.0	137	40726	263	-137.0	137	40726	263	-137.0	137	40726	263	-137.0	137	40726
264	-101.0	101	40827	264	-101.0	101	40827	264	-101.0	101	40827	264	-101.0	101	40827	264	-101.0	101	40827	264	-101.0	101	40827
265	-135.0	135	40962	265	-135.0	135	40962	265	-135.0	135	40962	265	-135.0	135	40962	265	-135.0	135	40962	265	-135.0	135	40962
266	-137.0	137	41099	266	-137.0	137	41099	266	-137.0	137	41099	266	-137.0	137	41099	266	-137.0	137	41099	266	-137.0	137	41099
267	-151.0	151	41250	267	-151.0	151	41250	267	-151.0	151	41250	267	-151.0	151	41250	267	-151.0	151	41250	267	-151.0	151	41250
268	-147.0	147	41397	268	-147.0	147	41397	268	-147.0	147	41397	268	-147.0	147	41397	268	-147.0	147	41397	268	-147.0	147	41397
269	-148.0	148	41545	269	-148.0	148	41545	269	-148.0	148	41545	269	-148.0	148	41545	269	-148.0	148	41545	269	-148.0	148	41545
270	-150.0	150	41695	270	-150.0	150	41695	270	-150.0	150	41695	270	-150.0	150	41695	270	-150.0	150	41695	270	-150.0	150	41695
271	-138.0	138	41833	271	-138.0	138	41833	271	-138.0	138	41833	271	-138.0	138	41833	271	-138.0	138	41833	271	-138.0	138	41833
272	-112.0	112	41945	272	-112.0	112	41945	272	-112.0	112	41945	272	-112.0	112	41945	272	-112.0	112	41945	272	-112.0	112	41945
273	-146.0	146	42091	273	-146.0	146	42091	273	-146.0	146	42091	273	-146.0	146	42091	273	-146.0	146	42091	273	-146.0	146	42091
274	-132.0	132	42223	274	-132.0	132	42223	274	-132.0	132	42223	274	-132.0	132	42223	274	-132.0	132	42223	274	-132.0	132	42223
275	-134.0	134	42357	275	-134.0	134	42357	275	-134.0	134	42357	275	-134.0	134	42357	275	-134.0	134	42357	275	-134.0	134	42357
276	-137.0	137	42494	276	-137.0	137	42494	276	-137.0	137	42494	276	-137.0	137	42494	276	-137.0	137	42494	276	-137.0	137	42494
277	-134.0	134	42628	277	-134.0	134	42628	277	-134.0	134	42628	277	-134.0	134	42628	277	-134.0	134	42628	277	-134.0	134	42628
278	-118.0	118	42746	278	-118.0	118	42746	278	-118.0	118	42746	278	-118.0	118	42746	278	-118.0	118	42746	278	-118.0	118	42746
279	-146.0	146	42892	279	-146.0	146	42892	279	-146.0	146	42892	279	-146.0	146	42892	279	-146.0	146	42892	279	-146.0	146	42892
280	-90.0	90	42982	280	-90.0	90	42982	280	-90.0	90	42982	280	-90.0	90	42982	280	-90.0	90	42982	280	-90.0	90	42982
281	-137.0	137	43119	281	-137.0	137	43119	281	-137.0	137	43119	281	-137.0	137	43119	281	-137.0	137	43119	281	-137.0	137	43119
282	-108.0	108	43227	282	-108.0	108	43227	282	-108.0	108	43227	282	-108.0	108	43227	282	-108.0	108	43227	282	-108.0	108	43227
283	-106.0	106	43333	283	-106.0	106	43333	283	-106.0	106	43333	283	-106.0	106	43333	283	-106.0	106	43333	283	-106.0	106	43333
284	-136.0	136	43469	284	-136.0	136	43469	284	-136.0	136	43469	284	-136.0	136	43469	284	-136.0	136	43469	284	-136.0	136	43469
285	-106.0	106	43575	285	-106.0	106	43575	285	-106.0	106	43575	285	-106.0	106	43575	285	-106.0	106	43575	285	-106.0	106	43575
286	-109.0	109	43684	286	-109.0	109	43684	286	-109.0	109	43684	286	-109.0	109	43684	286	-109.0	109	43684	286	-109.0	109	43684
287	-135.0	135	43819	287	-135.0	135	43819	287	-135.0	135	43819	287	-135.0	135	43819	287	-135.0	135	43819	287	-135.0	135	43819
288	-140.0	140	43959	288	-140.0	140	43959	288	-140.0	140	43959	288	-140.0	140	43959	288	-140.0	140	43959	288	-140.0	140	43959
289	-108.0	108	44067	289	-108.0	108	44067	289	-108.0	108	44067	289	-108.0	108	44067	289	-108.0	108	44067	289	-108.0	108	44067
290	-113.0	113	44180	290	-113.0	113	44180	290	-113.0	113	44180	290	-113.0	113	44180	290	-113.0	113	44180	290	-113.0	113	44180
291	-134.0	134	44314	291	-134.0	134	44314	291	-134.0	134	44314	291	-134.0	134	44314	291	-134.0	134	44314	291	-134.0	134	44314
292	-142.0	142	44456	292	-142.0	142	44456	292	-142.0	142	44456	292	-142.0	142	44456	292	-142.0	142	44456	292	-142.0	142	44456
293	-107.0	107	44563	293	-107.0	107	44563	293	-107.0	107	44563	293	-107.0	107	44563	293	-107.0	107	44563	293	-107.0	107	44563
294	-134.0	134	44697	294	-134.0	134	44697	294	-134.0	134	44697	294	-134.0	134	44697	294	-134.0	134	44697	294	-134.0	134	44697
295	-107.0	107	44804	295	-107.0	107	44804	295	-107.0	107	44804	295	-107.0	107	44804	295	-107.0	107	44804	295	-107.0	107	44804
296	-113.0	113	44917	296	-113.0	113	44917	296	-113.0	113	44917	296	-113.0	113	44917	296	-113.0	113	44917	296	-113.0	113	44917
297	-114.0	114	45031	297	-114.0	114	45031	297	-114.0	114	45031	297	-114.0	114	45031	297	-114.0	114	45031	297	-114.0	114	45031
298	-113.0	113	45144	298	-113.0	113	45144	298	-113.0	113	45144	298	-113.0	113	45144	298	-113.0	113	45144	298	-113.0	113	45144
299	-114.0	114	45258	299	-114.0	114	45258	299	-114.0	114	45258	299	-114.0	114	45258	299	-114.0	114	45258	299	-114.0	114	45258
