Episode	Accumulated Reward	Length	Steps	Episode	Accumulated Reward	Length	Steps	Episode	Accumulated Reward	Length	Steps	Episode	Accumulated Reward	Length	Steps	Episode	Accumulated Reward	Length	Steps	Episode	Accumulated Reward	Length	Steps	Episode	Accumulated Reward	Length	Steps	Episode	Accumulated Reward	Length	Steps
0	-500.0	500	500	0	-500.0	500	500	0	-500.0	500	500	0	-500.0	500	500	0	-500.0	500	500	0	-500.0	500	500	0	-500.0	500	500	0	-500.0	500	500
1	-500.0	500	1000	1	-500.0	500	1000	1	-500.0	500	1000	1	-500.0	500	1000	1	-500.0	500	1000	1	-500.0	500	1000	1	-500.0	500	1000	1	-500.0	500	1000
2	-500.0	500	1500	2	-500.0	500	1500	2	-500.0	500	1500	2	-500.0	500	1500	2	-500.0	500	1500	2	-500.0	500	1500	2	-500.0	500	1500	2	-500.0	500	1500
3	-500.0	500	2000	3	-500.0	500	2000	3	-500.0	500	2000	3	-500.0	500	2000	3	-500.0	500	2000	3	-500.0	500	2000	3	-500.0	500	2000	3	-500.0	500	2000
4	-319.0	319	2319	4	-319.0	319	2319	4	-319.0	319	2319	4	-319.0	319	2319	4	-319.0	319	2319	4	-319.0	319	2319	4	-319.0	319	2319	4	-319.0	319	2319
5	-327.0	327	2646	5	-327.0	327	2646	5	-327.0	327	2646	5	-327.0	327	2646	5	-327.0	327	2646	5	-327.0	327	2646	5	-327.0	327	2646	5	-327.0	327	2646
6	-500.0	500	3146	6	-500.0	500	3146	6	-500.0	500	3146	6	-500.0	500	3146	6	-500.0	500	3146	6	-500.0	500	3146	6	-500.0	500	3146	6	-500.0	500	3146
7	-204.0	204	3350	7	-204.0	204	3350	7	-204.0	204	3350	7	-204.0	204	3350	7	-204.0	204	3350	7	-204.0	204	3350	7	-204.0	204	3350	7	-204.0	204	3350
8	-342.0	342	3692	8	-342.0	342	3692	8	-342.0	342	3692	8	-342.0	342	3692	8	-342.0	342	3692	8	-342.0	342	3692	8	-342.0	342	3692	8	-342.0	342	3692
9	-259.0	259	3951	9	-259.0	259	3951	9	-259.0	259	3951	9	-259.0	259	3951	9	-259.0	259	3951	9	-259.0	259	3951	9	-259.0	259	3951	9	-259.0	259	3951
10	-276.0	276	4227	10	-276.0	276	4227	10	-276.0	276	4227	10	-276.0	276	4227	10	-276.0	276	4227	10	-276.0	276	4227	10	-276.0	276	4227	10	-276.0	276	4227
11	-156.0	156	4383	11	-156.0	156	4383	11	-156.0	156	4383	11	-156.0	156	4383	11	-156.0	156	4383	11	-156.0	156	4383	11	-156.0	156	4383	11	-156.0	156	4383
12	-198.0	198	4581	12	-198.0	198	4581	12	-198.0	198	4581	12	-198.0	198	4581	12	-198.0	198	4581	12	-198.0	198	4581	12	-198.0	198	4581	12	-198.0	198	4581
13	-260.0	260	4841	13	-260.0	260	4841	13	-260.0	260	4841	13	-260.0	260	4841	13	-260.0	260	4841	13	-260.0	260	4841	13	-260.0	260	4841	13	-260.0	260	4841
14	-255.0	255	5096	14	-255.0	255	5096	14	-255.0	255	5096	14	-255.0	255	5096	14	-255.0	255	5096	14	-255.0	255	5096	14	-255.0	255	5096	14	-255.0	255	5096
15	-224.0	224	5320	15	-224.0	224	5320	15	-224.0	224	5320	15	-224.0	224	5320	15	-224.0	224	5320	15	-224.0	224	5320	15	-224.0	224	5320	15	-224.0	224	5320
16	-208.0	208	5528	16	-208.0	208	5528	16	-208.0	208	5528	16	-208.0	208	5528	16	-208.0	208	5528	16	-208.0	208	5528	16	-208.0	208	5528	16	-208.0	208	5528
17	-186.0	186	5714	17	-186.0	186	5714	17	-186.0	186	5714	17	-186.0	186	5714	17	-186.0	186	5714	17	-186.0	186	5714	17	-186.0	186	5714	17	-186.0	186	5714
18	-147.0	147	5861	18	-147.0	147	5861	18	-147.0	147	5861	18	-147.0	147	5861	18	-147.0	147	5861	18	-147.0	147	5861	18	-147.0	147	5861	18	-147.0	147	5861
19	-158.0	158	6019	19	-158.0	158	6019	19	-158.0	158	6019	19	-158.0	158	6019	19	-158.0	158	6019	19	-158.0	158	6019	19	-158.0	158	6019	19	-158.0	158	6019
20	-155.0	155	6174	20	-155.0	155	6174	20	-155.0	155	6174	20	-155.0	155	6174	20	-155.0	155	6174	20	-155.0	155	6174	20	-155.0	155	6174	20	-155.0	155	6174
21	-184.0	184	6358	21	-184.0	184	6358	21	-184.0	184	6358	21	-184.0	184	6358	21	-184.0	184	6358	21	-184.0	184	6358	21	-184.0	184	6358	21	-184.0	184	6358
22	-158.0	158	6516	22	-158.0	158	6516	22	-158.0	158	6516	22	-158.0	158	6516	22	-158.0	158	6516	22	-158.0	158	6516	22	-158.0	158	6516	22	-158.0	158	6516
23	-161.0	161	6677	23	-161.0	161	6677	23	-161.0	161	6677	23	-161.0	161	6677	23	-161.0	161	6677	23	-161.0	161	6677	23	-161.0	161	6677	23	-161.0	161	6677
24	-154.0	154	6831	24	-154.0	154	6831	24	-154.0	154	6831	24	-154.0	154	6831	24	-154.0	154	6831	24	-154.0	154	6831	24	-154.0	154	6831	24	-154.0	154	6831
25	-158.0	158	6989	25	-158.0	158	6989	25	-158.0	158	6989	25	-158.0	158	6989	25	-158.0	158	6989	25	-158.0	158	6989	25	-158.0	158	6989	25	-158.0	158	6989
26	-202.0	202	7191	26	-202.0	202	7191	26	-202.0	202	7191	26	-202.0	202	7191	26	-202.0	202	7191	26	-202.0	202	7191	26	-202.0	202	7191	26	-202.0	202	7191
27	-148.0	148	7339	27	-148.0	148	7339	27	-148.0	148	7339	27	-148.0	148	7339	27	-148.0	148	7339	27	-148.0	148	7339	27	-148.0	148	7339	27	-148.0	148	7339
28	-146.0	146	7485	28	-146.0	146	7485	28	-146.0	146	7485	28	-146.0	146	7485	28	-146.0	146	7485	28	-146.0	146	7485	28	-146.0	146	7485	28	-146.0	146	7485
29	-184.0	184	7669	29	-184.0	184	7669	29	-184.0	184	7669	29	-184.0	184	7669	29	-184.0	184	7669	29	-184.0	184	7669	29	-184.0	184	7669	29	-184.0	184	7669
30	-152.0	152	7821	30	-152.0	152	7821	30	-152.0	152	7821	30	-152.0	152	7821	30	-152.0	152	7821	30	-152.0	152	7821	30	-152.0	152	7821	30	-152.0	152	7821
31	-143.0	143	7964	31	-143.0	143	7964	31	-143.0	143	7964	31	-143.0	143	7964	31	-143.0	143	7964	31	-143.0	143	7964	31	-143.0	143	7964	31	-143.0	143	7964
32	-238.0	238	8202	32	-238.0	238	8202	32	-238.0	238	8202	32	-238.0	238	8202	32	-238.0	238	8202	32	-238.0	238	8202	32	-238.0	238	8202	32	-238.0	238	8202
33	-192.0	192	8394	33	-192.0	192	8394	33	-192.0	192	8394	33	-192.0	192	8394	33	-192.0	192	8394	33	-192.0	192	8394	33	-192.0	192	8394	33	-192.0	192	8394
34	-184.0	184	8578	34	-184.0	184	8578	34	-184.0	184	8578	34	-184.0	184	8578	34	-184.0	184	8578	34	-184.0	184	8578	34	-184.0	184	8578	34	-184.0	184	8578
35	-159.0	159	8737	35	-159.0	159	8737	35	-159.0	159	8737	35	-159.0	159	8737	35	-159.0	159	8737	35	-159.0	159	8737	35	-159.0	159	8737	35	-159.0	159	8737
36	-170.0	170	8907	36	-170.0	170	8907	36	-170.0	170	8907	36	-170.0	170	8907	36	-170.0	170	8907	36	-170.0	170	8907	36	-170.0	170	8907	36	-170.0	170	8907
37	-150.0	150	9057	37	-150.0	150	9057	37	-150.0	150	9057	37	-150.0	150	9057	37	-150.0	150	9057	37	-150.0	150	9057	37	-150.0	150	9057	37	-150.0	150	9057
38	-157.0	157	9214	38	-157.0	157	9214	38	-157.0	157	9214	38	-157.0	157	9214	38	-157.0	157	9214	38	-157.0	157	9214	38	-157.0	157	9214	38	-157.0	157	9214
39	-137.0	137	9351	39	-137.0	137	9351	39	-137.0	137	9351	39	-137.0	137	9351	39	-137.0	137	9351	39	-137.0	137	9351	39	-137.0	137	9351	39	-137.0	137	9351
40	-132.0	132	9483	40	-132.0	132	9483	40	-132.0	132	9483	40	-132.0	132	9483	40	-132.0	132	9483	40	-132.0	132	9483	40	-132.0	132	9483	40	-132.0	132	9483
41	-143.0	143	9626	41	-143.0	143	9626	41	-143.0	143	9626	41	-143.0	143	9626	41	-143.0	143	9626	41	-143.0	143	9626	41	-143.0	143	9626	41	-143.0	143	9626
42	-115.0	115	9741	42	-115.0	115	9741	42	-115.0	115	9741	42	-115.0	115	9741	42	-115.0	115	9741	42	-115.0	115	9741	42	-115.0	115	9741	42	-115.0	115	9741
43	-184.0	184	9925	43	-184.0	184	9925	43	-184.0	184	9925	43	-184.0	184	9925	43	-184.0	184	9925	43	-184.0	184	9925	43	-184.0	184	9925	43	-184.0	184	9925
44	-142.0	142	10067	44	-142.0	142	10067	44	-142.0	142	10067	44	-142.0	142	10067	44	-142.0	142	10067	44	-142.0	142	10067	44	-142.0	142	10067	44	-142.0	142	10067
45	-115.0	115	10182	45	-115.0	115	10182	45	-115.0	115	10182	45	-115.0	115	10182	45	-115.0	115	10182	45	-115.0	115	10182	45	-115.0	115	10182	45	-115.0	115	10182
46	-176.0	176	10358	46	-176.0	176	10358	46	-176.0	176	10358	46	-176.0	176	10358	46	-176.0	176	10358	46	-176.0	176	10358	46	-176.0	176	10358	46	-176.0	176	10358
47	-205.0	205	10563	47	-205.0	205	10563	47	-205.0	205	10563	47	-205.0	205	10563	47	-205.0	205	10563	47	-205.0	205	10563	47	-205.0	205	10563	47	-205.0	205	10563
48	-139.0	139	10702	48	-139.0	139	10702	48	-139.0	139	10702	48	-139.0	139	10702	48	-139.0	139	10702	48	-139.0	139	10702	48	-139.0	139	10702	48	-139.0	139	10702
49	-189.0	189	10891	49	-189.0	189	10891	49	-189.0	189	10891	49	-189.0	189	10891	49	-189.0	189	10891	49	-189.0	189	10891	49	-189.0	189	10891	49	-189.0	189	10891
50	-142.0	142	11033	50	-142.0	142	11033	50	-142.0	142	11033	50	-142.0	142	11033	50	-142.0	142	11033	50	-142.0	142	11033	50	-142.0	142	11033	50	-142.0	142	11033
51	-145.0	145	11178	51	-145.0	145	11178	51	-145.0	145	11178	51	-145.0	145	11178	51	-145.0	145	11178	51	-145.0	145	11178	51	-145.0	145	11178	51	-145.0	145	11178
52	-150.0	150	11328	52	-150.0	150	11328	52	-150.0	150	11328	52	-150.0	150	11328	52	-150.0	150	11328	52	-150.0	150	11328	52	-150.0	150	11328	52	-150.0	150	11328
53	-114.0	114	11442	53	-114.0	114	11442	53	-114.0	114	11442	53	-114.0	114	11442	53	-114.0	114	11442	53	-114.0	114	11442	53	-114.0	114	11442	53	-114.0	114	11442
54	-142.0	142	11584	54	-142.0	142	11584	54	-142.0	142	11584	54	-142.0	142	11584	54	-142.0	142	11584	54	-142.0	142	11584	54	-142.0	142	11584	54	-142.0	142	11584
55	-146.0	146	11730	55	-146.0	146	11730	55	-146.0	146	11730	55	-146.0	146	11730	55	-146.0	146	11730	55	-146.0	146	11730	55	-146.0	146	11730	55	-146.0	146	11730
56	-146.0	146	11876	56	-146.0	146	11876	56	-146.0	146	11876	56	-146.0	146	11876	56	-146.0	146	11876	56	-146.0	146	11876	56	-146.0	146	11876	56	-146.0	146	11876
57	-187.0	187	12063	57	-187.0	187	12063	57	-187.0	187	12063	57	-187.0	187	12063	57	-187.0	187	12063	57	-187.0	187	12063	57	-187.0	187	12063	57	-187.0	187	12063
58	-138.0	138	12201	58	-138.0	138	12201	58	-138.0	138	12201	58	-138.0	138	12201	58	-138.0	138	12201	58	-138.0	138	12201	58	-138.0	138	12201	58	-138.0	138	12201
59	-144.0	144	12345	59	-144.0	144	12345	59	-144.0	144	12345	59	-144.0	144	12345	59	-144.0	144	12345	59	-144.0	144	12345	59	-144.0	144	12345	59	-144.0	144	12345
60	-141.0	141	12486	60	-141.0	141	12486	60	-141.0	141	12486	60	-141.0	141	12486	60	-141.0	141	12486	60	-141.0	141	12486	60	-141.0	141	12486	60	-141.0	141	12486
61	-147.0	147	12633	61	-147.0	147	12633	61	-147.0	147	12633	61	-147.0	147	12633	61	-147.0	147	12633	61	-147.0	147	12633	61	-147.0	147	12633	61	-147.0	147	12633
62	-138.0	138	12771	62	-138.0	138	12771	62	-138.0	138	12771	62	-138.0	138	12771	62	-138.0	138	12771	62	-138.0	138	12771	62	-138.0	138	12771	62	-138.0	138	12771
63	-151.0	151	12922	63	-151.0	151	12922	63	-151.0	151	12922	63	-151.0	151	12922	63	-151.0	151	12922	63	-151.0	151	12922	63	-151.0	151	12922	63	-151.0	151	12922
64	-153.0	153	13075	64	-153.0	153	13075	64	-153.0	153	13075	64	-153.0	153	13075	64	-153.0	153	13075	64	-153.0	153	13075	64	-153.0	153	13075	64	-153.0	153	13075
65	-152.0	152	13227	65	-152.0	152	13227	65	-152.0	152	13227	65	-152.0	152	13227	65	-152.0	152	13227	65	-152.0	152	13227	65	-152.0	152	13227	65	-152.0	152	13227
66	-150.0	150	13377	66	-150.0	150	13377	66	-150.0	150	13377	66	-150.0	150	13377	66	-150.0	150	13377	66	-150.0	150	13377	66	-150.0	150	13377	66	-150.0	150	13377
67	-150.0	150	13527	67	-150.0	150	13527	67	-150.0	150	13527	67	-150.0	150	13527	67	-150.0	150	13527	67	-150.0	150	13527	67	-150.0	150	13527	67	-150.0	150	13527
68	-146.0	146	13673	68	-146.0	146	13673	68	-146.0	146	13673	68	-146.0	146	13673	68	-146.0	146	13673	68	-146.0	146	13673	68	-146.0	146	13673	68	-146.0	146	13673
69	-155.0	155	13828	69	-155.0	155	13828	69	-155.0	155	13828	69	-155.0	155	13828	69	-155.0	155	13828	69	-155.0	155	13828	69	-155.0	155	13828	69	-155.0	155	13828
70	-134.0	134	13962	70	-134.0	134	13962	70	-134.0	134	13962	70	-134.0	134	13962	70	-134.0	134	13962	70	-134.0	134	13962	70	-134.0	134	13962	70	-134.0	134	13962
71	-153.0	153	14115	71	-153.0	153	14115	71	-153.0	153	14115	71	-153.0	153	14115	71	-153.0	153	14115	71	-153.0	153	14115	71	-153.0	153	14115	71	-153.0	153	14115
72	-213.0	213	14328	72	-213.0	213	14328	72	-213.0	213	14328	72	-213.0	213	14328	72	-213.0	213	14328	72	-213.0	213	14328	72	-213.0	213	14328	72	-213.0	213	14328
73	-169.0	169	14497	73	-169.0	169	14497	73	-169.0	169	14497	73	-169.0	169	14497	73	-169.0	169	14497	73	-169.0	169	14497	73	-169.0	169	14497	73	-169.0	169	14497
74	-147.0	147	14644	74	-147.0	147	14644	74	-147.0	147	14644	74	-147.0	147	14644	74	-147.0	147	14644	74	-147.0	147	14644	74	-147.0	147	14644	74	-147.0	147	14644
75	-140.0	140	14784	75	-140.0	140	14784	75	-140.0	140	14784	75	-140.0	140	14784	75	-140.0	140	14784	75	-140.0	140	14784	75	-140.0	140	14784	75	-140.0	140	14784
76	-139.0	139	14923	76	-139.0	139	14923	76	-139.0	139	14923	76	-139.0	139	14923	76	-139.0	139	14923	76	-139.0	139	14923	76	-139.0	139	14923	76	-139.0	139	14923
77	-135.0	135	15058	77	-135.0	135	15058	77	-135.0	135	15058	77	-135.0	135	15058	77	-135.0	135	15058	77	-135.0	135	15058	77	-135.0	135	15058	77	-135.0	135	15058
78	-135.0	135	15193	78	-135.0	135	15193	78	-135.0	135	15193	78	-135.0	135	15193	78	-135.0	135	15193	78	-135.0	135	15193	78	-135.0	135	15193	78	-135.0	135	15193
79	-171.0	171	15364	79	-171.0	171	15364	79	-171.0	171	15364	79	-171.0	171	15364	79	-171.0	171	15364	79	-171.0	171	15364	79	-171.0	171	15364	79	-171.0	171	15364
80	-179.0	179	15543	80	-179.0	179	15543	80	-179.0	179	15543	80	-179.0	179	15543	80	-179.0	179	15543	80	-179.0	179	15543	80	-179.0	179	15543	80	-179.0	179	15543
81	-112.0	112	15655	81	-112.0	112	15655	81	-112.0	112	15655	81	-112.0	112	15655	81	-112.0	112	15655	81	-112.0	112	15655	81	-112.0	112	15655	81	-112.0	112	15655
82	-112.0	112	15767	82	-112.0	112	15767	82	-112.0	112	15767	82	-112.0	112	15767	82	-112.0	112	15767	82	-112.0	112	15767	82	-112.0	112	15767	82	-112.0	112	15767
83	-137.0	137	15904	83	-137.0	137	15904	83	-137.0	137	15904	83	-137.0	137	15904	83	-137.0	137	15904	83	-137.0	137	15904	83	-137.0	137	15904	83	-137.0	137	15904
84	-139.0	139	16043	84	-139.0	139	16043	84	-139.0	139	16043	84	-139.0	139	16043	84	-139.0	139	16043	84	-139.0	139	16043	84	-139.0	139	16043	84	-139.0	139	16043
85	-184.0	184	16227	85	-184.0	184	16227	85	-184.0	184	16227	85	-184.0	184	16227	85	-184.0	184	16227	85	-184.0	184	16227	85	-184.0	184	16227	85	-184.0	184	16227
86	-222.0	222	16449	86	-222.0	222	16449	86	-222.0	222	16449	86	-222.0	222	16449	86	-222.0	222	16449	86	-222.0	222	16449	86	-222.0	222	16449	86	-222.0	222	16449
87	-332.0	332	16781	87	-332.0	332	16781	87	-332.0	332	16781	87	-332.0	332	16781	87	-332.0	332	16781	87	-332.0	332	16781	87	-332.0	332	16781	87	-332.0	332	16781
88	-153.0	153	16934	88	-153.0	153	16934	88	-153.0	153	16934	88	-153.0	153	16934	88	-153.0	153	16934	88	-153.0	153	16934	88	-153.0	153	16934	88	-153.0	153	16934
89	-146.0	146	17080	89	-146.0	146	17080	89	-146.0	146	17080	89	-146.0	146	17080	89	-146.0	146	17080	89	-146.0	146	17080	89	-146.0	146	17080	89	-146.0	146	17080
90	-146.0	146	17226	90	-146.0	146	17226	90	-146.0	146	17226	90	-146.0	146	17226	90	-146.0	146	17226	90	-146.0	146	17226	90	-146.0	146	17226	90	-146.0	146	17226
91	-146.0	146	17372	91	-146.0	146	17372	91	-146.0	146	17372	91	-146.0	146	17372	91	-146.0	146	17372	91	-146.0	146	17372	91	-146.0	146	17372	91	-146.0	146	17372
92	-148.0	148	17520	92	-148.0	148	17520	92	-148.0	148	17520	92	-148.0	148	17520	92	-148.0	148	17520	92	-148.0	148	17520	92	-148.0	148	17520	92	-148.0	148	17520
93	-144.0	144	17664	93	-144.0	144	17664	93	-144.0	144	17664	93	-144.0	144	17664	93	-144.0	144	17664	93	-144.0	144	17664	93	-144.0	144	17664	93	-144.0	144	17664
94	-138.0	138	17802	94	-138.0	138	17802	94	-138.0	138	17802	94	-138.0	138	17802	94	-138.0	138	17802	94	-138.0	138	17802	94	-138.0	138	17802	94	-138.0	138	17802
95	-143.0	143	17945	95	-143.0	143	17945	95	-143.0	143	17945	95	-143.0	143	17945	95	-143.0	143	17945	95	-143.0	143	17945	95	-143.0	143	17945	95	-143.0	143	17945
96	-142.0	142	18087	96	-142.0	142	18087	96	-142.0	142	18087	96	-142.0	142	18087	96	-142.0	142	18087	96	-142.0	142	18087	96	-142.0	142	18087	96	-142.0	142	18087
97	-139.0	139	18226	97	-139.0	139	18226	97	-139.0	139	18226	97	-139.0	139	18226	97	-139.0	139	18226	97	-139.0	139	18226	97	-139.0	139	18226	97	-139.0	139	18226
98	-142.0	142	18368	98	-142.0	142	18368	98	-142.0	142	18368	98	-142.0	142	18368	98	-142.0	142	18368	98	-142.0	142	18368	98	-142.0	142	18368	98	-142.0	142	18368
99	-143.0	143	18511	99	-143.0	143	18511	99	-143.0	143	18511	99	-143.0	143	18511	99	-143.0	143	18511	99	-143.0	143	18511	99	-143.0	143	18511	99	-143.0	143	18511
100	-139.0	139	18650	100	-139.0	139	18650	100	-139.0	139	18650	100	-139.0	139	18650	100	-139.0	139	18650	100	-139.0	139	18650	100	-139.0	139	18650	100	-139.0	139	18650
101	-140.0	140	18790	101	-140.0	140	18790	101	-140.0	140	18790	101	-140.0	140	18790	101	-140.0	140	18790	101	-140.0	140	18790	101	-140.0	140	18790	101	-140.0	140	18790
102	-140.0	140	18930	102	-140.0	140	18930	102	-140.0	140	18930	102	-140.0	140	18930	102	-140.0	140	18930	102	-140.0	140	18930	102	-140.0	140	18930	102	-140.0	140	18930
103	-139.0	139	19069	103	-139.0	139	19069	103	-139.0	139	19069	103	-139.0	139	19069	103	-139.0	139	19069	103	-139.0	139	19069	103	-139.0	139	19069	103	-139.0	139	19069
104	-138.0	138	19207	104	-138.0	138	19207	104	-138.0	138	19207	104	-138.0	138	19207	104	-138.0	138	19207	104	-138.0	138	19207	104	-138.0	138	19207	104	-138.0	138	19207
105	-144.0	144	19351	105	-144.0	144	19351	105	-144.0	144	19351	105	-144.0	144	19351	105	-144.0	144	19351	105	-144.0	144	19351	105	-144.0	144	19351	105	-144.0	144	19351
106	-146.0	146	19497	106	-146.0	146	19497	106	-146.0	146	19497	106	-146.0	146	19497	106	-146.0	146	19497	106	-146.0	146	19497	106	-146.0	146	19497	106	-146.0	146	19497
107	-138.0	138	19635	107	-138.0	138	19635	107	-138.0	138	19635	107	-138.0	138	19635	107	-138.0	138	19635	107	-138.0	138	19635	107	-138.0	138	19635	107	-138.0	138	19635
108	-136.0	136	19771	108	-136.0	136	19771	108	-136.0	136	19771	108	-136.0	136	19771	108	-136.0	136	19771	108	-136.0	136	19771	108	-136.0	136	19771	108	-136.0	136	19771
109	-139.0	139	19910	109	-139.0	139	19910	109	-139.0	139	19910	109	-139.0	139	19910	109	-139.0	139	19910	109	-139.0	139	19910	109	-139.0	139	19910	109	-139.0	139	19910
110	-136.0	136	20046	110	-136.0	136	20046	110	-136.0	136	20046	110	-136.0	136	20046	110	-136.0	136	20046	110	-136.0	136	20046	110	-136.0	136	20046	110	-136.0	136	20046
111	-134.0	134	20180	111	-134.0	134	20180	111	-134.0	134	20180	111	-134.0	134	20180	111	-134.0	134	20180	111	-134.0	134	20180	111	-134.0	134	20180	111	-134.0	134	20180
112	-132.0	132	20312	112	-132.0	132	20312	112	-132.0	132	20312	112	-132.0	132	20312	112	-132.0	132	20312	112	-132.0	132	20312	112	-132.0	132	20312	112	-132.0	132	20312
113	-200.0	200	20512	113	-200.0	200	20512	113	-200.0	200	20512	113	-200.0	200	20512	113	-200.0	200	20512	113	-200.0	200	20512	113	-200.0	200	20512	113	-200.0	200	20512
114	-131.0	131	20643	114	-131.0	131	20643	114	-131.0	131	20643	114	-131.0	131	20643	114	-131.0	131	20643	114	-131.0	131	20643	114	-131.0	131	20643	114	-131.0	131	20643
115	-138.0	138	20781	115	-138.0	138	20781	115	-138.0	138	20781	115	-138.0	138	20781	115	-138.0	138	20781	115	-138.0	138	20781	115	-138.0	138	20781	115	-138.0	138	20781
116	-141.0	141	20922	116	-141.0	141	20922	116	-141.0	141	20922	116	-141.0	141	20922	116	-141.0	141	20922	116	-141.0	141	20922	116	-141.0	141	20922	116	-141.0	141	20922
117	-132.0	132	21054	117	-132.0	132	21054	117	-132.0	132	21054	117	-132.0	132	21054	117	-132.0	132	21054	117	-132.0	132	21054	117	-132.0	132	21054	117	-132.0	132	21054
118	-141.0	141	21195	118	-141.0	141	21195	118	-141.0	141	21195	118	-141.0	141	21195	118	-141.0	141	21195	118	-141.0	141	21195	118	-141.0	141	21195	118	-141.0	141	21195
119	-142.0	142	21337	119	-142.0	142	21337	119	-142.0	142	21337	119	-142.0	142	21337	119	-142.0	142	21337	119	-142.0	142	21337	119	-142.0	142	21337	119	-142.0	142	21337
120	-130.0	130	21467	120	-130.0	130	21467	120	-130.0	130	21467	120	-130.0	130	21467	120	-130.0	130	21467	120	-130.0	130	21467	120	-130.0	130	21467	120	-130.0	130	21467
121	-136.0	136	21603	121	-136.0	136	21603	121	-136.0	136	21603	121	-136.0	136	21603	121	-136.0	136	21603	121	-136.0	136	21603	121	-136.0	136	21603	121	-136.0	136	21603
122	-143.0	143	21746	122	-143.0	143	21746	122	-143.0	143	21746	122	-143.0	143	21746	122	-143.0	143	21746	122	-143.0	143	21746	122	-143.0	143	21746	122	-143.0	143	21746
123	-128.0	128	21874	123	-128.0	128	21874	123	-128.0	128	21874	123	-128.0	128	21874	123	-128.0	128	21874	123	-128.0	128	21874	123	-128.0	128	21874	123	-128.0	128	21874
124	-143.0	143	22017	124	-143.0	143	22017	124	-143.0	143	22017	124	-143.0	143	22017	124	-143.0	143	22017	124	-143.0	143	22017	124	-143.0	143	22017	124	-143.0	143	22017
125	-139.0	139	22156	125	-139.0	139	22156	125	-139.0	139	22156	125	-139.0	139	22156	125	-139.0	139	22156	125	-139.0	139	22156	125	-139.0	139	22156	125	-139.0	139	22156
126	-134.0	134	22290	126	-134.0	134	22290	126	-134.0	134	22290	126	-134.0	134	22290	126	-134.0	134	22290	126	-134.0	134	22290	126	-134.0	134	22290	126	-134.0	134	22290
127	-137.0	137	22427	127	-137.0	137	22427	127	-137.0	137	22427	127	-137.0	137	22427	127	-137.0	137	22427	127	-137.0	137	22427	127	-137.0	137	22427	127	-137.0	137	22427
128	-134.0	134	22561	128	-134.0	134	22561	128	-134.0	134	22561	128	-134.0	134	22561	128	-134.0	134	22561	128	-134.0	134	22561	128	-134.0	134	22561	128	-134.0	134	22561
129	-137.0	137	22698	129	-137.0	137	22698	129	-137.0	137	22698	129	-137.0	137	22698	129	-137.0	137	22698	129	-137.0	137	22698	129	-137.0	137	22698	129	-137.0	137	22698
130	-141.0	141	22839	130	-141.0	141	22839	130	-141.0	141	22839	130	-141.0	141	22839	130	-141.0	141	22839	130	-141.0	141	22839	130	-141.0	141	22839	130	-141.0	141	22839
131	-138.0	138	22977	131	-138.0	138	22977	131	-138.0	138	22977	131	-138.0	138	22977	131	-138.0	138	22977	131	-138.0	138	22977	131	-138.0	138	22977	131	-138.0	138	22977
132	-135.0	135	23112	132	-135.0	135	23112	132	-135.0	135	23112	132	-135.0	135	23112	132	-135.0	135	23112	132	-135.0	135	23112	132	-135.0	135	23112	132	-135.0	135	23112
133	-138.0	138	23250	133	-138.0	138	23250	133	-138.0	138	23250	133	-138.0	138	23250	133	-138.0	138	23250	133	-138.0	138	23250	133	-138.0	138	23250	133	-138.0	138	23250
134	-139.0	139	23389	134	-139.0	139	23389	134	-139.0	139	23389	134	-139.0	139	23389	134	-139.0	139	23389	134	-139.0	139	23389	134	-139.0	139	23389	134	-139.0	139	23389
135	-136.0	136	23525	135	-136.0	136	23525	135	-136.0	136	23525	135	-136.0	136	23525	135	-136.0	136	23525	135	-136.0	136	23525	135	-136.0	136	23525	135	-136.0	136	23525
136	-140.0	140	23665	136	-140.0	140	23665	136	-140.0	140	23665	136	-140.0	140	23665	136	-140.0	140	23665	136	-140.0	140	23665	136	-140.0	140	23665	136	-140.0	140	23665
137	-140.0	140	23805	137	-140.0	140	23805	137	-140.0	140	23805	137	-140.0	140	23805	137	-140.0	140	23805	137	-140.0	140	23805	137	-140.0	140	23805	137	-140.0	140	23805
138	-137.0	137	23942	138	-137.0	137	23942	138	-137.0	137	23942	138	-137.0	137	23942	138	-137.0	137	23942	138	-137.0	137	23942	138	-137.0	137	23942	138	-137.0	137	23942
139	-136.0	136	24078	139	-136.0	136	24078	139	-136.0	136	24078	139	-136.0	136	24078	139	-136.0	136	24078	139	-136.0	136	24078	139	-136.0	136	24078	139	-136.0	136	24078
140	-136.0	136	24214	140	-136.0	136	24214	140	-136.0	136	24214	140	-136.0	136	24214	140	-136.0	136	24214	140	-136.0	136	24214	140	-136.0	136	24214	140	-136.0	136	24214
141	-135.0	135	24349	141	-135.0	135	24349	141	-135.0	135	24349	141	-135.0	135	24349	141	-135.0	135	24349	141	-135.0	135	24349	141	-135.0	135	24349	141	-135.0	135	24349
142	-184.0	184	24533	142	-184.0	184	24533	142	-184.0	184	24533	142	-184.0	184	24533	142	-184.0	184	24533	142	-184.0	184	24533	142	-184.0	184	24533	142	-184.0	184	24533
143	-126.0	126	24659	143	-126.0	126	24659	143	-126.0	126	24659	143	-126.0	126	24659	143	-126.0	126	24659	143	-126.0	126	24659	143	-126.0	126	24659	143	-126.0	126	24659
144	-134.0	134	24793	144	-134.0	134	24793	144	-134.0	134	24793	144	-134.0	134	24793	144	-134.0	134	24793	144	-134.0	134	24793	144	-134.0	134	24793	144	-134.0	134	24793
145	-131.0	131	24924	145	-131.0	131	24924	145	-131.0	131	24924	145	-131.0	131	24924	145	-131.0	131	24924	145	-131.0	131	24924	145	-131.0	131	24924	145	-131.0	131	24924
146	-132.0	132	25056	146	-132.0	132	25056	146	-132.0	132	25056	146	-132.0	132	25056	146	-132.0	132	25056	146	-132.0	132	25056	146	-132.0	132	25056	146	-132.0	132	25056
147	-131.0	131	25187	147	-131.0	131	25187	147	-131.0	131	25187	147	-131.0	131	25187	147	-131.0	131	25187	147	-131.0	131	25187	147	-131.0	131	25187	147	-131.0	131	25187
148	-190.0	190	25377	148	-190.0	190	25377	148	-190.0	190	25377	148	-190.0	190	25377	148	-190.0	190	25377	148	-190.0	190	25377	148	-190.0	190	25377	148	-190.0	190	25377
149	-130.0	130	25507	149	-130.0	130	25507	149	-130.0	130	25507	149	-130.0	130	25507	149	-130.0	130	25507	149	-130.0	130	25507	149	-130.0	130	25507	149	-130.0	130	25507
150	-109.0	109	25616	150	-109.0	109	25616	150	-109.0	109	25616	150	-109.0	109	25616	150	-109.0	109	25616	150	-109.0	109	25616	150	-109.0	109	25616	150	-109.0	109	25616
151	-110.0	110	25726	151	-110.0	110	25726	151	-110.0	110	25726	151	-110.0	110	25726	151	-110.0	110	25726	151	-110.0	110	25726	151	-110.0	110	25726	151	-110.0	110	25726
152	-134.0	134	25860	152	-134.0	134	25860	152	-134.0	134	25860	152	-134.0	134	25860	152	-134.0	134	25860	152	-134.0	134	25860	152	-134.0	134	25860	152	-134.0	134	25860
153	-108.0	108	25968	153	-108.0	108	25968	153	-108.0	108	25968	153	-108.0	108	25968	153	-108.0	108	25968	153	-108.0	108	25968	153	-108.0	108	25968	153	-108.0	108	25968
154	-108.0	108	26076	154	-108.0	108	26076	154	-108.0	108	26076	154	-108.0	108	26076	154	-108.0	108	26076	154	-108.0	108	26076	154	-108.0	108	26076	154	-108.0	108	26076
155	-111.0	111	26187	155	-111.0	111	26187	155	-111.0	111	26187	155	-111.0	111	26187	155	-111.0	111	26187	155	-111.0	111	26187	155	-111.0	111	26187	155	-111.0	111	26187
156	-108.0	108	26295	156	-108.0	108	26295	156	-108.0	108	26295	156	-108.0	108	26295	156	-108.0	108	26295	156	-108.0	108	26295	156	-108.0	108	26295	156	-108.0	108	26295
157	-133.0	133	26428	157	-133.0	133	26428	157	-133.0	133	26428	157	-133.0	133	26428	157	-133.0	133	26428	157	-133.0	133	26428	157	-133.0	133	26428	157	-133.0	133	26428
158	-107.0	107	26535	158	-107.0	107	26535	158	-107.0	107	26535	158	-107.0	107	26535	158	-107.0	107	26535	158	-107.0	107	26535	158	-107.0	107	26535	158	-107.0	107	26535
159	-107.0	107	26642	159	-107.0	107	26642	159	-107.0	107	26642	159	-107.0	107	26642	159	-107.0	107	26642	159	-107.0	107	26642	159	-107.0	107	26642	159	-107.0	107	26642
160	-106.0	106	26748	160	-106.0	106	26748	160	-106.0	106	26748	160	-106.0	106	26748	160	-106.0	106	26748	160	-106.0	106	26748	160	-106.0	106	26748	160	-106.0	106	26748
161	-105.0	105	26853	161	-105.0	105	26853	161	-105.0	105	26853	161	-105.0	105	26853	161	-105.0	105	26853	161	-105.0	105	26853	161	-105.0	105	26853	161	-105.0	105	26853
162	-105.0	105	26958	162	-105.0	105	26958	162	-105.0	105	26958	162	-105.0	105	26958	162	-105.0	105	26958	162	-105.0	105	26958	162	-105.0	105	26958	162	-105.0	105	26958
163	-88.0	88	27046	163	-88.0	88	27046	163	-88.0	88	27046	163	-88.0	88	27046	163	-88.0	88	27046	163	-88.0	88	27046	163	-88.0	88	27046	163	-88.0	88	27046
164	-119.0	119	27165	164	-119.0	119	27165	164	-119.0	119	27165	164	-119.0	119	27165	164	-119.0	119	27165	164	-119.0	119	27165	164	-119.0	119	27165	164	-119.0	119	27165
165	-105.0	105	27270	165	-105.0	105	27270	165	-105.0	105	27270	165	-105.0	105	27270	165	-105.0	105	27270	165	-105.0	105	27270	165	-105.0	105	27270	165	-105.0	105	27270
166	-94.0	94	27364	166	-94.0	94	27364	166	-94.0	94	27364	166	-94.0	94	27364	166	-94.0	94	27364	166	-94.0	94	27364	166	-94.0	94	27364	166	-94.0	94	27364
167	-167.0	167	27531	167	-167.0	167	27531	167	-167.0	167	27531	167	-167.0	167	27531	167	-167.0	167	27531	167	-167.0	167	27531	167	-167.0	167	27531	167	-167.0	167	27531
168	-106.0	106	27637	168	-106.0	106	27637	168	-106.0	106	27637	168	-106.0	106	27637	168	-106.0	106	27637	168	-106.0	106	27637	168	-106.0	106	27637	168	-106.0	106	27637
169	-137.0	137	27774	169	-137.0	137	27774	169	-137.0	137	27774	169	-137.0	137	27774	169	-137.0	137	27774	169	-137.0	137	27774	169	-137.0	137	27774	169	-137.0	137	27774
170	-134.0	134	27908	170	-134.0	134	27908	170	-134.0	134	27908	170	-134.0	134	27908	170	-134.0	134	27908	170	-134.0	134	27908	170	-134.0	134	27908	170	-134.0	134	27908
171	-125.0	125	28033	171	-125.0	125	28033	171	-125.0	125	28033	171	-125.0	125	28033	171	-125.0	125	28033	171	-125.0	125	28033	171	-125.0	125	28033	171	-125.0	125	28033
172	-109.0	109	28142	172	-109.0	109	28142	172	-109.0	109	28142	172	-109.0	109	28142	172	-109.0	109	28142	172	-109.0	109	28142	172	-109.0	109	28142	172	-109.0	109	28142
173	-106.0	106	28248	173	-106.0	106	28248	173	-106.0	106	28248	173	-106.0	106	28248	173	-106.0	106	28248	173	-106.0	106	28248	173	-106.0	106	28248	173	-106.0	106	28248
174	-105.0	105	28353	174	-105.0	105	28353	174	-105.0	105	28353	174	-105.0	105	28353	174	-105.0	105	28353	174	-105.0	105	28353	174	-105.0	105	28353	174	-105.0	105	28353
175	-104.0	104	28457	175	-104.0	104	28457	175	-104.0	104	28457	175	-104.0	104	28457	175	-104.0	104	28457	175	-104.0	104	28457	175	-104.0	104	28457	175	-104.0	104	28457
176	-106.0	106	28563	176	-106.0	106	28563	176	-106.0	106	28563	176	-106.0	106	28563	176	-106.0	106	28563	176	-106.0	106	28563	176	-106.0	106	28563	176	-106.0	106	28563
177	-107.0	107	28670	177	-107.0	107	28670	177	-107.0	107	28670	177	-107.0	107	28670	177	-107.0	107	28670	177	-107.0	107	28670	177	-107.0	107	28670	177	-107.0	107	28670
178	-106.0	106	28776	178	-106.0	106	28776	178	-106.0	106	28776	178	-106.0	106	28776	178	-106.0	106	28776	178	-106.0	106	28776	178	-106.0	106	28776	178	-106.0	106	28776
179	-106.0	106	28882	179	-106.0	106	28882	179	-106.0	106	28882	179	-106.0	106	28882	179	-106.0	106	28882	179	-106.0	106	28882	179	-106.0	106	28882	179	-106.0	106	28882
180	-101.0	101	28983	180	-101.0	101	28983	180	-101.0	101	28983	180	-101.0	101	28983	180	-101.0	101	28983	180	-101.0	101	28983	180	-101.0	101	28983	180	-101.0	101	28983
181	-161.0	161	29144	181	-161.0	161	29144	181	-161.0	161	29144	181	-161.0	161	29144	181	-161.0	161	29144	181	-161.0	161	29144	181	-161.0	161	29144	181	-161.0	161	29144
182	-106.0	106	29250	182	-106.0	106	29250	182	-106.0	106	29250	182	-106.0	106	29250	182	-106.0	106	29250	182	-106.0	106	29250	182	-106.0	106	29250	182	-106.0	106	29250
183	-105.0	105	29355	183	-105.0	105	29355	183	-105.0	105	29355	183	-105.0	105	29355	183	-105.0	105	29355	183	-105.0	105	29355	183	-105.0	105	29355	183	-105.0	105	29355
184	-105.0	105	29460	184	-105.0	105	29460	184	-105.0	105	29460	184	-105.0	105	29460	184	-105.0	105	29460	184	-105.0	105	29460	184	-105.0	105	29460	184	-105.0	105	29460
185	-174.0	174	29634	185	-174.0	174	29634	185	-174.0	174	29634	185	-174.0	174	29634	185	-174.0	174	29634	185	-174.0	174	29634	185	-174.0	174	29634	185	-174.0	174	29634
186	-180.0	180	29814	186	-180.0	180	29814	186	-180.0	180	29814	186	-180.0	180	29814	186	-180.0	180	29814	186	-180.0	180	29814	186	-180.0	180	29814	186	-180.0	180	29814
187	-143.0	143	29957	187	-143.0	143	29957	187	-143.0	143	29957	187	-143.0	143	29957	187	-143.0	143	29957	187	-143.0	143	29957	187	-143.0	143	29957	187	-143.0	143	29957
188	-180.0	180	30137	188	-180.0	180	30137	188	-180.0	180	30137	188	-180.0	180	30137	188	-180.0	180	30137	188	-180.0	180	30137	188	-180.0	180	30137	188	-180.0	180	30137
189	-112.0	112	30249	189	-112.0	112	30249	189	-112.0	112	30249	189	-112.0	112	30249	189	-112.0	112	30249	189	-112.0	112	30249	189	-112.0	112	30249	189	-112.0	112	30249
190	-108.0	108	30357	190	-108.0	108	30357	190	-108.0	108	30357	190	-108.0	108	30357	190	-108.0	108	30357	190	-108.0	108	30357	190	-108.0	108	30357	190	-108.0	108	30357
191	-118.0	118	30475	191	-118.0	118	30475	191	-118.0	118	30475	191	-118.0	118	30475	191	-118.0	118	30475	191	-118.0	118	30475	191	-118.0	118	30475	191	-118.0	118	30475
192	-150.0	150	30625	192	-150.0	150	30625	192	-150.0	150	30625	192	-150.0	150	30625	192	-150.0	150	30625	192	-150.0	150	30625	192	-150.0	150	30625	192	-150.0	150	30625
193	-108.0	108	30733	193	-108.0	108	30733	193	-108.0	108	30733	193	-108.0	108	30733	193	-108.0	108	30733	193	-108.0	108	30733	193	-108.0	108	30733	193	-108.0	108	30733
194	-108.0	108	30841	194	-108.0	108	30841	194	-108.0	108	30841	194	-108.0	108	30841	194	-108.0	108	30841	194	-108.0	108	30841	194	-108.0	108	30841	194	-108.0	108	30841
195	-154.0	154	30995	195	-154.0	154	30995	195	-154.0	154	30995	195	-154.0	154	30995	195	-154.0	154	30995	195	-154.0	154	30995	195	-154.0	154	30995	195	-154.0	154	30995
196	-156.0	156	31151	196	-156.0	156	31151	196	-156.0	156	31151	196	-156.0	156	31151	196	-156.0	156	31151	196	-156.0	156	31151	196	-156.0	156	31151	196	-156.0	156	31151
197	-106.0	106	31257	197	-106.0	106	31257	197	-106.0	106	31257	197	-106.0	106	31257	197	-106.0	106	31257	197	-106.0	106	31257	197	-106.0	106	31257	197	-106.0	106	31257
198	-138.0	138	31395	198	-138.0	138	31395	198	-138.0	138	31395	198	-138.0	138	31395	198	-138.0	138	31395	198	-138.0	138	31395	198	-138.0	138	31395	198	-138.0	138	31395
199	-134.0	134	31529	199	-134.0	134	31529	199	-134.0	134	31529	199	-134.0	134	31529	199	-134.0	134	31529	199	-134.0	134	31529	199	-134.0	134	31529	199	-134.0	134	31529
200	-99.0	99	31628	200	-99.0	99	31628	200	-99.0	99	31628	200	-99.0	99	31628	200	-99.0	99	31628	200	-99.0	99	31628	200	-99.0	99	31628	200	-99.0	99	31628
201	-135.0	135	31763	201	-135.0	135	31763	201	-135.0	135	31763	201	-135.0	135	31763	201	-135.0	135	31763	201	-135.0	135	31763	201	-135.0	135	31763	201	-135.0	135	31763
202	-134.0	134	31897	202	-134.0	134	31897	202	-134.0	134	31897	202	-134.0	134	31897	202	-134.0	134	31897	202	-134.0	134	31897	202	-134.0	134	31897	202	-134.0	134	31897
203	-107.0	107	32004	203	-107.0	107	32004	203	-107.0	107	32004	203	-107.0	107	32004	203	-107.0	107	32004	203	-107.0	107	32004	203	-107.0	107	32004	203	-107.0	107	32004
204	-103.0	103	32107	204	-103.0	103	32107	204	-103.0	103	32107	204	-103.0	103	32107	204	-103.0	103	32107	204	-103.0	103	32107	204	-103.0	103	32107	204	-103.0	103	32107
205	-105.0	105	32212	205	-105.0	105	32212	205	-105.0	105	32212	205	-105.0	105	32212	205	-105.0	105	32212	205	-105.0	105	32212	205	-105.0	105	32212	205	-105.0	105	32212
206	-136.0	136	32348	206	-136.0	136	32348	206	-136.0	136	32348	206	-136.0	136	32348	206	-136.0	136	32348	206	-136.0	136	32348	206	-136.0	136	32348	206	-136.0	136	32348
207	-106.0	106	32454	207	-106.0	106	32454	207	-106.0	106	32454	207	-106.0	106	32454	207	-106.0	106	32454	207	-106.0	106	32454	207	-106.0	106	32454	207	-106.0	106	32454
208	-130.0	130	32584	208	-130.0	130	32584	208	-130.0	130	32584	208	-130.0	130	32584	208	-130.0	130	32584	208	-130.0	130	32584	208	-130.0	130	32584	208	-130.0	130	32584
209	-106.0	106	32690	209	-106.0	106	32690	209	-106.0	106	32690	209	-106.0	106	32690	209	-106.0	106	32690	209	-106.0	106	32690	209	-106.0	106	32690	209	-106.0	106	32690
210	-153.0	153	32843	210	-153.0	153	32843	210	-153.0	153	32843	210	-153.0	153	32843	210	-153.0	153	32843	210	-153.0	153	32843	210	-153.0	153	32843	210	-153.0	153	32843
211	-149.0	149	32992	211	-149.0	149	32992	211	-149.0	149	32992	211	-149.0	149	32992	211	-149.0	149	32992	211	-149.0	149	32992	211	-149.0	149	32992	211	-149.0	149	32992
212	-153.0	153	33145	212	-153.0	153	33145	212	-153.0	153	33145	212	-153.0	153	33145	212	-153.0	153	33145	212	-153.0	153	33145	212	-153.0	153	33145	212	-153.0	153	33145
213	-134.0	134	33279	213	-134.0	134	33279	213	-134.0	134	33279	213	-134.0	134	33279	213	-134.0	134	33279	213	-134.0	134	33279	213	-134.0	134	33279	213	-134.0	134	33279
214	-146.0	146	33425	214	-146.0	146	33425	214	-146.0	146	33425	214	-146.0	146	33425	214	-146.0	146	33425	214	-146.0	146	33425	214	-146.0	146	33425	214	-146.0	146	33425
215	-106.0	106	33531	215	-106.0	106	33531	215	-106.0	106	33531	215	-106.0	106	33531	215	-106.0	106	33531	215	-106.0	106	33531	215	-106.0	106	33531	215	-106.0	106	33531
216	-136.0	136	33667	216	-136.0	136	33667	216	-136.0	136	33667	216	-136.0	136	33667	216	-136.0	136	33667	216	-136.0	136	33667	216	-136.0	136	33667	216	-136.0	136	33667
217	-133.0	133	33800	217	-133.0	133	33800	217	-133.0	133	33800	217	-133.0	133	33800	217	-133.0	133	33800	217	-133.0	133	33800	217	-133.0	133	33800	217	-133.0	133	33800
218	-106.0	106	33906	218	-106.0	106	33906	218	-106.0	106	33906	218	-106.0	106	33906	218	-106.0	106	33906	218	-106.0	106	33906	218	-106.0	106	33906	218	-106.0	106	33906
219	-105.0	105	34011	219	-105.0	105	34011	219	-105.0	105	34011	219	-105.0	105	34011	219	-105.0	105	34011	219	-105.0	105	34011	219	-105.0	105	34011	219	-105.0	105	34011
220	-105.0	105	34116	220	-105.0	105	34116	220	-105.0	105	34116	220	-105.0	105	34116	220	-105.0	105	34116	220	-105.0	105	34116	220	-105.0	105	34116	220	-105.0	105	34116
221	-153.0	153	34269	221	-153.0	153	34269	221	-153.0	153	34269	221	-153.0	153	34269	221	-153.0	153	34269	221	-153.0	153	34269	221	-153.0	153	34269	221	-153.0	153	34269
222	-134.0	134	34403	222	-134.0	134	34403	222	-134.0	134	34403	222	-134.0	134	34403	222	-134.0	134	34403	222	-134.0	134	34403	222	-134.0	134	34403	222	-134.0	134	34403
223	-107.0	107	34510	223	-107.0	107	34510	223	-107.0	107	34510	223	-107.0	107	34510	223	-107.0	107	34510	223	-107.0	107	34510	223	-107.0	107	34510	223	-107.0	107	34510
224	-141.0	141	34651	224	-141.0	141	34651	224	-141.0	141	34651	224	-141.0	141	34651	224	-141.0	141	34651	224	-141.0	141	34651	224	-141.0	141	34651	224	-141.0	141	34651
225	-107.0	107	34758	225	-107.0	107	34758	225	-107.0	107	34758	225	-107.0	107	34758	225	-107.0	107	34758	225	-107.0	107	34758	225	-107.0	107	34758	225	-107.0	107	34758
226	-107.0	107	34865	226	-107.0	107	34865	226	-107.0	107	34865	226	-107.0	107	34865	226	-107.0	107	34865	226	-107.0	107	34865	226	-107.0	107	34865	226	-107.0	107	34865
227	-134.0	134	34999	227	-134.0	134	34999	227	-134.0	134	34999	227	-134.0	134	34999	227	-134.0	134	34999	227	-134.0	134	34999	227	-134.0	134	34999	227	-134.0	134	34999
228	-138.0	138	35137	228	-138.0	138	35137	228	-138.0	138	35137	228	-138.0	138	35137	228	-138.0	138	35137	228	-138.0	138	35137	228	-138.0	138	35137	228	-138.0	138	35137
229	-107.0	107	35244	229	-107.0	107	35244	229	-107.0	107	35244	229	-107.0	107	35244	229	-107.0	107	35244	229	-107.0	107	35244	229	-107.0	107	35244	229	-107.0	107	35244
230	-142.0	142	35386	230	-142.0	142	35386	230	-142.0	142	35386	230	-142.0	142	35386	230	-142.0	142	35386	230	-142.0	142	35386	230	-142.0	142	35386	230	-142.0	142	35386
231	-136.0	136	35522	231	-136.0	136	35522	231	-136.0	136	35522	231	-136.0	136	35522	231	-136.0	136	35522	231	-136.0	136	35522	231	-136.0	136	35522	231	-136.0	136	35522
232	-138.0	138	35660	232	-138.0	138	35660	232	-138.0	138	35660	232	-138.0	138	35660	232	-138.0	138	35660	232	-138.0	138	35660	232	-138.0	138	35660	232	-138.0	138	35660
233	-132.0	132	35792	233	-132.0	132	35792	233	-132.0	132	35792	233	-132.0	132	35792	233	-132.0	132	35792	233	-132.0	132	35792	233	-132.0	132	35792	233	-132.0	132	35792
234	-139.0	139	35931	234	-139.0	139	35931	234	-139.0	139	35931	234	-139.0	139	35931	234	-139.0	139	35931	234	-139.0	139	35931	234	-139.0	139	35931	234	-139.0	139	35931
235	-107.0	107	36038	235	-107.0	107	36038	235	-107.0	107	36038	235	-107.0	107	36038	235	-107.0	107	36038	235	-107.0	107	36038	235	-107.0	107	36038	235	-107.0	107	36038
236	-142.0	142	36180	236	-142.0	142	36180	236	-142.0	142	36180	236	-142.0	142	36180	236	-142.0	142	36180	236	-142.0	142	36180	236	-142.0	142	36180	236	-142.0	142	36180
237	-134.0	134	36314	237	-134.0	134	36314	237	-134.0	134	36314	237	-134.0	134	36314	237	-134.0	134	36314	237	-134.0	134	36314	237	-134.0	134	36314	237	-134.0	134	36314
238	-130.0	130	36444	238	-130.0	130	36444	238	-130.0	130	36444	238	-130.0	130	36444	238	-130.0	130	36444	238	-130.0	130	36444	238	-130.0	130	36444	238	-130.0	130	36444
239	-108.0	108	36552	239	-108.0	108	36552	239	-108.0	108	36552	239	-108.0	108	36552	239	-108.0	108	36552	239	-108.0	108	36552	239	-108.0	108	36552	239	-108.0	108	36552
240	-134.0	134	36686	240	-134.0	134	36686	240	-134.0	134	36686	240	-134.0	134	36686	240	-134.0	134	36686	240	-134.0	134	36686	240	-134.0	134	36686	240	-134.0	134	36686
241	-108.0	108	36794	241	-108.0	108	36794	241	-108.0	108	36794	241	-108.0	108	36794	241	-108.0	108	36794	241	-108.0	108	36794	241	-108.0	108	36794	241	-108.0	108	36794
242	-147.0	147	36941	242	-147.0	147	36941	242	-147.0	147	36941	242	-147.0	147	36941	242	-147.0	147	36941	242	-147.0	147	36941	242	-147.0	147	36941	242	-147.0	147	36941
243	-134.0	134	37075	243	-134.0	134	37075	243	-134.0	134	37075	243	-134.0	134	37075	243	-134.0	134	37075	243	-134.0	134	37075	243	-134.0	134	37075	243	-134.0	134	37075
244	-154.0	154	37229	244	-154.0	154	37229	244	-154.0	154	37229	244	-154.0	154	37229	244	-154.0	154	37229	244	-154.0	154	37229	244	-154.0	154	37229	244	-154.0	154	37229
245	-133.0	133	37362	245	-133.0	133	37362	245	-133.0	133	37362	245	-133.0	133	37362	245	-133.0	133	37362	245	-133.0	133	37362	245	-133.0	133	37362	245	-133.0	133	37362
246	-134.0	134	37496	246	-134.0	134	37496	246	-134.0	134	37496	246	-134.0	134	37496	246	-134.0	134	37496	246	-134.0	134	37496	246	-134.0	134	37496	246	-134.0	134	37496
247	-142.0	142	37638	247	-142.0	142	37638	247	-142.0	142	37638	247	-142.0	142	37638	247	-142.0	142	37638	247	-142.0	142	37638	247	-142.0	142	37638	247	-142.0	142	37638
248	-107.0	107	37745	248	-107.0	107	37745	248	-107.0	107	37745	248	-107.0	107	37745	248	-107.0	107	37745	248	-107.0	107	37745	248	-107.0	107	37745	248	-107.0	107	37745
249	-107.0	107	37852	249	-107.0	107	37852	249	-107.0	107	37852	249	-107.0	107	37852	249	-107.0	107	37852	249	-107.0	107	37852	249	-107.0	107	37852	249	-107.0	107	37852
250	-225.0	225	38077	250	-225.0	225	38077	250	-225.0	225	38077	250	-225.0	225	38077	250	-225.0	225	38077	250	-225.0	225	38077	250	-225.0	225	38077	250	-225.0	225	38077
251	-143.0	143	38220	251	-143.0	143	38220	251	-143.0	143	38220	251	-143.0	143	38220	251	-143.0	143	38220	251	-143.0	143	38220	251	-143.0	143	38220	251	-143.0	143	38220
252	-107.0	107	38327	252	-107.0	107	38327	252	-107.0	107	38327	252	-107.0	107	38327	252	-107.0	107	38327	252	-107.0	107	38327	252	-107.0	107	38327	252	-107.0	107	38327
253	-136.0	136	38463	253	-136.0	136	38463	253	-136.0	136	38463	253	-136.0	136	38463	253	-136.0	136	38463	253	-136.0	136	38463	253	-136.0	136	38463	253	-136.0	136	38463
254	-135.0	135	38598	254	-135.0	135	38598	254	-135.0	135	38598	254	-135.0	135	38598	254	-135.0	135	38598	254	-135.0	135	38598	254	-135.0	135	38598	254	-135.0	135	38598
255	-107.0	107	38705	255	-107.0	107	38705	255	-107.0	107	38705	255	-107.0	107	38705	255	-107.0	107	38705	255	-107.0	107	38705	255	-107.0	107	38705	255	-107.0	107	38705
256	-138.0	138	38843	256	-138.0	138	38843	256	-138.0	138	38843	256	-138.0	138	38843	256	-138.0	138	38843	256	-138.0	138	38843	256	-138.0	138	38843	256	-138.0	138	38843
257	-132.0	132	38975	257	-132.0	132	38975	257	-132.0	132	38975	257	-132.0	132	38975	257	-132.0	132	38975	257	-132.0	132	38975	257	-132.0	132	38975	257	-132.0	132	38975
258	-133.0	133	39108	258	-133.0	133	39108	258	-133.0	133	39108	258	-133.0	133	39108	258	-133.0	133	39108	258	-133.0	133	39108	258	-133.0	133	39108	258	-133.0	133	39108
259	-109.0	109	39217	259	-109.0	109	39217	259	-109.0	109	39217	259	-109.0	109	39217	259	-109.0	109	39217	259	-109.0	109	39217	259	-109.0	109	39217	259	-109.0	109	39217
260	-135.0	135	39352	260	-135.0	135	39352	260	-135.0	135	39352	260	-135.0	135	39352	260	-135.0	135	39352	260	-135.0	135	39352	260	-135.0	135	39352	260	-135.0	135	39352
261	-107.0	107	39459	261	-107.0	107	39459	261	-107.0	107	39459	261	-107.0	107	39459	261	-107.0	107	39459	261	-107.0	107	39459	261	-107.0	107	39459	261	-107.0	107	39459
262	-106.0	106	39565	262	-106.0	106	39565	262	-106.0	106	39565	262	-106.0	106	39565	262	-106.0	106	39565	262	-106.0	106	39565	262	-106.0	106	39565	262	-106.0	106	39565
263	-108.0	108	39673	263	-108.0	108	39673	263	-108.0	108	39673	263	-108.0	108	39673	263	-108.0	108	39673	263	-108.0	108	39673	263	-108.0	108	39673	263	-108.0	108	39673
264	-156.0	156	39829	264	-156.0	156	39829	264	-156.0	156	39829	264	-156.0	156	39829	264	-156.0	156	39829	264	-156.0	156	39829	264	-156.0	156	39829	264	-156.0	156	39829
265	-133.0	133	39962	265	-133.0	133	39962	265	-133.0	133	39962	265	-133.0	133	39962	265	-133.0	133	39962	265	-133.0	133	39962	265	-133.0	133	39962	265	-133.0	133	39962
266	-172.0	172	40134	266	-172.0	172	40134	266	-172.0	172	40134	266	-172.0	172	40134	266	-172.0	172	40134	266	-172.0	172	40134	266	-172.0	172	40134	266	-172.0	172	40134
267	-107.0	107	40241	267	-107.0	107	40241	267	-107.0	107	40241	267	-107.0	107	40241	267	-107.0	107	40241	267	-107.0	107	40241	267	-107.0	107	40241	267	-107.0	107	40241
268	-141.0	141	40382	268	-141.0	141	40382	268	-141.0	141	40382	268	-141.0	141	40382	268	-141.0	141	40382	268	-141.0	141	40382	268	-141.0	141	40382	268	-141.0	141	40382
269	-165.0	165	40547	269	-165.0	165	40547	269	-165.0	165	40547	269	-165.0	165	40547	269	-165.0	165	40547	269	-165.0	165	40547	269	-165.0	165	40547	269	-165.0	165	40547
270	-106.0	106	40653	270	-106.0	106	40653	270	-106.0	106	40653	270	-106.0	106	40653	270	-106.0	106	40653	270	-106.0	106	40653	270	-106.0	106	40653	270	-106.0	106	40653
271	-140.0	140	40793	271	-140.0	140	40793	271	-140.0	140	40793	271	-140.0	140	40793	271	-140.0	140	40793	271	-140.0	140	40793	271	-140.0	140	40793	271	-140.0	140	40793
272	-136.0	136	40929	272	-136.0	136	40929	272	-136.0	136	40929	272	-136.0	136	40929	272	-136.0	136	40929	272	-136.0	136	40929	272	-136.0	136	40929	272	-136.0	136	40929
273	-131.0	131	41060	273	-131.0	131	41060	273	-131.0	131	41060	273	-131.0	131	41060	273	-131.0	131	41060	273	-131.0	131	41060	273	-131.0	131	41060	273	-131.0	131	41060
274	-132.0	132	41192	274	-132.0	132	41192	274	-132.0	132	41192	274	-132.0	132	41192	274	-132.0	132	41192	274	-132.0	132	41192	274	-132.0	132	41192	274	-132.0	132	41192
275	-168.0	168	41360	275	-168.0	168	41360	275	-168.0	168	41360	275	-168.0	168	41360	275	-168.0	168	41360	275	-168.0	168	41360	275	-168.0	168	41360	275	-168.0	168	41360
276	-140.0	140	41500	276	-140.0	140	41500	276	-140.0	140	41500	276	-140.0	140	41500	276	-140.0	140	41500	276	-140.0	140	41500	276	-140.0	140	41500	276	-140.0	140	41500
277	-108.0	108	41608	277	-108.0	108	41608	277	-108.0	108	41608	277	-108.0	108	41608	277	-108.0	108	41608	277	-108.0	108	41608	277	-108.0	108	41608	277	-108.0	108	41608
278	-108.0	108	41716	278	-108.0	108	41716	278	-108.0	108	41716	278	-108.0	108	41716	278	-108.0	108	41716	278	-108.0	108	41716	278	-108.0	108	41716	278	-108.0	108	41716
279	-106.0	106	41822	279	-106.0	106	41822	279	-106.0	106	41822	279	-106.0	106	41822	279	-106.0	106	41822	279	-106.0	106	41822	279	-106.0	106	41822	279	-106.0	106	41822
280	-138.0	138	41960	280	-138.0	138	41960	280	-138.0	138	41960	280	-138.0	138	41960	280	-138.0	138	41960	280	-138.0	138	41960	280	-138.0	138	41960	280	-138.0	138	41960
281	-141.0	141	42101	281	-141.0	141	42101	281	-141.0	141	42101	281	-141.0	141	42101	281	-141.0	141	42101	281	-141.0	141	42101	281	-141.0	141	42101	281	-141.0	141	42101
282	-105.0	105	42206	282	-105.0	105	42206	282	-105.0	105	42206	282	-105.0	105	42206	282	-105.0	105	42206	282	-105.0	105	42206	282	-105.0	105	42206	282	-105.0	105	42206
283	-170.0	170	42376	283	-170.0	170	42376	283	-170.0	170	42376	283	-170.0	170	42376	283	-170.0	170	42376	283	-170.0	170	42376	283	-170.0	170	42376	283	-170.0	170	42376
284	-132.0	132	42508	284	-132.0	132	42508	284	-132.0	132	42508	284	-132.0	132	42508	284	-132.0	132	42508	284	-132.0	132	42508	284	-132.0	132	42508	284	-132.0	132	42508
285	-138.0	138	42646	285	-138.0	138	42646	285	-138.0	138	42646	285	-138.0	138	42646	285	-138.0	138	42646	285	-138.0	138	42646	285	-138.0	138	42646	285	-138.0	138	42646
286	-132.0	132	42778	286	-132.0	132	42778	286	-132.0	132	42778	286	-132.0	132	42778	286	-132.0	132	42778	286	-132.0	132	42778	286	-132.0	132	42778	286	-132.0	132	42778
287	-132.0	132	42910	287	-132.0	132	42910	287	-132.0	132	42910	287	-132.0	132	42910	287	-132.0	132	42910	287	-132.0	132	42910	287	-132.0	132	42910	287	-132.0	132	42910
288	-108.0	108	43018	288	-108.0	108	43018	288	-108.0	108	43018	288	-108.0	108	43018	288	-108.0	108	43018	288	-108.0	108	43018	288	-108.0	108	43018	288	-108.0	108	43018
289	-108.0	108	43126	289	-108.0	108	43126	289	-108.0	108	43126	289	-108.0	108	43126	289	-108.0	108	43126	289	-108.0	108	43126	289	-108.0	108	43126	289	-108.0	108	43126
290	-137.0	137	43263	290	-137.0	137	43263	290	-137.0	137	43263	290	-137.0	137	43263	290	-137.0	137	43263	290	-137.0	137	43263	290	-137.0	137	43263	290	-137.0	137	43263
291	-132.0	132	43395	291	-132.0	132	43395	291	-132.0	132	43395	291	-132.0	132	43395	291	-132.0	132	43395	291	-132.0	132	43395	291	-132.0	132	43395	291	-132.0	132	43395
292	-138.0	138	43533	292	-138.0	138	43533	292	-138.0	138	43533	292	-138.0	138	43533	292	-138.0	138	43533	292	-138.0	138	43533	292	-138.0	138	43533	292	-138.0	138	43533
293	-134.0	134	43667	293	-134.0	134	43667	293	-134.0	134	43667	293	-134.0	134	43667	293	-134.0	134	43667	293	-134.0	134	43667	293	-134.0	134	43667	293	-134.0	134	43667
294	-134.0	134	43801	294	-134.0	134	43801	294	-134.0	134	43801	294	-134.0	134	43801	294	-134.0	134	43801	294	-134.0	134	43801	294	-134.0	134	43801	294	-134.0	134	43801
295	-134.0	134	43935	295	-134.0	134	43935	295	-134.0	134	43935	295	-134.0	134	43935	295	-134.0	134	43935	295	-134.0	134	43935	295	-134.0	134	43935	295	-134.0	134	43935
296	-107.0	107	44042	296	-107.0	107	44042	296	-107.0	107	44042	296	-107.0	107	44042	296	-107.0	107	44042	296	-107.0	107	44042	296	-107.0	107	44042	296	-107.0	107	44042
297	-148.0	148	44190	297	-148.0	148	44190	297	-148.0	148	44190	297	-148.0	148	44190	297	-148.0	148	44190	297	-148.0	148	44190	297	-148.0	148	44190	297	-148.0	148	44190
298	-136.0	136	44326	298	-136.0	136	44326	298	-136.0	136	44326	298	-136.0	136	44326	298	-136.0	136	44326	298	-136.0	136	44326	298	-136.0	136	44326	298	-136.0	136	44326
299	-146.0	146	44472	299	-146.0	146	44472	299	-146.0	146	44472	299	-146.0	146	44472	299	-146.0	146	44472	299	-146.0	146	44472	299	-146.0	146	44472	299	-146.0	146	44472
