Episode	Accumulated Reward	Length	Steps	Episode	Accumulated Reward	Length	Steps	Episode	Accumulated Reward	Length	Steps	Episode	Accumulated Reward	Length	Steps	Episode	Accumulated Reward	Length	Steps	Episode	Accumulated Reward	Length	Steps	Episode	Accumulated Reward	Length	Steps	Episode	Accumulated Reward	Length	Steps	Episode	Accumulated Reward	Length	Steps	Episode	Accumulated Reward	Length	Steps	Episode	Accumulated Reward	Length	Steps	Episode	Accumulated Reward	Length	Steps	Episode	Accumulated Reward	Length	Steps	Episode	Accumulated Reward	Length	Steps	Episode	Accumulated Reward	Length	Steps	Episode	Accumulated Reward	Length	Steps	Episode	Accumulated Reward	Length	Steps	Episode	Accumulated Reward	Length	Steps	Episode	Accumulated Reward	Length	Steps	Episode	Accumulated Reward	Length	Steps
0	-13	13	13	0	-13	13	13	0	-13	13	13	0	-13	13	13	0	-13	13	13	0	-13	13	13	0	-13	13	13	0	-13	13	13	0	-13	13	13	0	-13	13	13	0	-13	13	13	0	-13	13	13	0	-13	13	13	0	-13	13	13	0	-13	13	13	0	-13	13	13	0	-13	13	13	0	-13	13	13	0	-13	13	13	0	-13	13	13
1	-13	13	26	1	-13	13	26	1	-13	13	26	1	-13	13	26	1	-13	13	26	1	-13	13	26	1	-13	13	26	1	-13	13	26	1	-13	13	26	1	-13	13	26	1	-13	13	26	1	-13	13	26	1	-13	13	26	1	-13	13	26	1	-13	13	26	1	-13	13	26	1	-13	13	26	1	-13	13	26	1	-13	13	26	1	-13	13	26
2	-15	15	41	2	-15	15	41	2	-15	15	41	2	-15	15	41	2	-15	15	41	2	-15	15	41	2	-15	15	41	2	-15	15	41	2	-15	15	41	2	-15	15	41	2	-15	15	41	2	-15	15	41	2	-15	15	41	2	-15	15	41	2	-15	15	41	2	-15	15	41	2	-15	15	41	2	-15	15	41	2	-15	15	41	2	-15	15	41
3	-13	13	54	3	-13	13	54	3	-13	13	54	3	-13	13	54	3	-13	13	54	3	-13	13	54	3	-13	13	54	3	-13	13	54	3	-13	13	54	3	-13	13	54	3	-13	13	54	3	-13	13	54	3	-13	13	54	3	-13	13	54	3	-13	13	54	3	-13	13	54	3	-13	13	54	3	-13	13	54	3	-13	13	54	3	-13	13	54
4	-19	19	73	4	-19	19	73	4	-19	19	73	4	-19	19	73	4	-19	19	73	4	-19	19	73	4	-19	19	73	4	-19	19	73	4	-19	19	73	4	-19	19	73	4	-19	19	73	4	-19	19	73	4	-19	19	73	4	-19	19	73	4	-19	19	73	4	-19	19	73	4	-19	19	73	4	-19	19	73	4	-19	19	73	4	-19	19	73
5	-13	13	86	5	-13	13	86	5	-13	13	86	5	-13	13	86	5	-13	13	86	5	-13	13	86	5	-13	13	86	5	-13	13	86	5	-13	13	86	5	-13	13	86	5	-13	13	86	5	-13	13	86	5	-13	13	86	5	-13	13	86	5	-13	13	86	5	-13	13	86	5	-13	13	86	5	-13	13	86	5	-13	13	86	5	-13	13	86
6	-18	18	104	6	-18	18	104	6	-18	18	104	6	-18	18	104	6	-18	18	104	6	-18	18	104	6	-18	18	104	6	-18	18	104	6	-18	18	104	6	-18	18	104	6	-18	18	104	6	-18	18	104	6	-18	18	104	6	-18	18	104	6	-18	18	104	6	-18	18	104	6	-18	18	104	6	-18	18	104	6	-18	18	104	6	-18	18	104
7	-15	15	119	7	-15	15	119	7	-15	15	119	7	-15	15	119	7	-15	15	119	7	-15	15	119	7	-15	15	119	7	-15	15	119	7	-15	15	119	7	-15	15	119	7	-15	15	119	7	-15	15	119	7	-15	15	119	7	-15	15	119	7	-15	15	119	7	-15	15	119	7	-15	15	119	7	-15	15	119	7	-15	15	119	7	-15	15	119
8	-15	15	134	8	-15	15	134	8	-15	15	134	8	-15	15	134	8	-15	15	134	8	-15	15	134	8	-15	15	134	8	-15	15	134	8	-15	15	134	8	-15	15	134	8	-15	15	134	8	-15	15	134	8	-15	15	134	8	-15	15	134	8	-15	15	134	8	-15	15	134	8	-15	15	134	8	-15	15	134	8	-15	15	134	8	-15	15	134
9	-13	13	147	9	-13	13	147	9	-13	13	147	9	-13	13	147	9	-13	13	147	9	-13	13	147	9	-13	13	147	9	-13	13	147	9	-13	13	147	9	-13	13	147	9	-13	13	147	9	-13	13	147	9	-13	13	147	9	-13	13	147	9	-13	13	147	9	-13	13	147	9	-13	13	147	9	-13	13	147	9	-13	13	147	9	-13	13	147
10	-13	13	160	10	-13	13	160	10	-13	13	160	10	-13	13	160	10	-13	13	160	10	-13	13	160	10	-13	13	160	10	-13	13	160	10	-13	13	160	10	-13	13	160	10	-13	13	160	10	-13	13	160	10	-13	13	160	10	-13	13	160	10	-13	13	160	10	-13	13	160	10	-13	13	160	10	-13	13	160	10	-13	13	160	10	-13	13	160
11	-13	13	173	11	-13	13	173	11	-13	13	173	11	-13	13	173	11	-13	13	173	11	-13	13	173	11	-13	13	173	11	-13	13	173	11	-13	13	173	11	-13	13	173	11	-13	13	173	11	-13	13	173	11	-13	13	173	11	-13	13	173	11	-13	13	173	11	-13	13	173	11	-13	13	173	11	-13	13	173	11	-13	13	173	11	-13	13	173
12	-13	13	186	12	-13	13	186	12	-13	13	186	12	-13	13	186	12	-13	13	186	12	-13	13	186	12	-13	13	186	12	-13	13	186	12	-13	13	186	12	-13	13	186	12	-13	13	186	12	-13	13	186	12	-13	13	186	12	-13	13	186	12	-13	13	186	12	-13	13	186	12	-13	13	186	12	-13	13	186	12	-13	13	186	12	-13	13	186
13	-13	13	199	13	-13	13	199	13	-13	13	199	13	-13	13	199	13	-13	13	199	13	-13	13	199	13	-13	13	199	13	-13	13	199	13	-13	13	199	13	-13	13	199	13	-13	13	199	13	-13	13	199	13	-13	13	199	13	-13	13	199	13	-13	13	199	13	-13	13	199	13	-13	13	199	13	-13	13	199	13	-13	13	199	13	-13	13	199
14	-17	17	216	14	-17	17	216	14	-17	17	216	14	-17	17	216	14	-17	17	216	14	-17	17	216	14	-17	17	216	14	-17	17	216	14	-17	17	216	14	-17	17	216	14	-17	17	216	14	-17	17	216	14	-17	17	216	14	-17	17	216	14	-17	17	216	14	-17	17	216	14	-17	17	216	14	-17	17	216	14	-17	17	216	14	-17	17	216
15	-120	21	237	15	-120	21	237	15	-120	21	237	15	-120	21	237	15	-120	21	237	15	-120	21	237	15	-120	21	237	15	-120	21	237	15	-120	21	237	15	-120	21	237	15	-120	21	237	15	-120	21	237	15	-120	21	237	15	-120	21	237	15	-120	21	237	15	-120	21	237	15	-120	21	237	15	-120	21	237	15	-120	21	237	15	-120	21	237
16	-13	13	250	16	-13	13	250	16	-13	13	250	16	-13	13	250	16	-13	13	250	16	-13	13	250	16	-13	13	250	16	-13	13	250	16	-13	13	250	16	-13	13	250	16	-13	13	250	16	-13	13	250	16	-13	13	250	16	-13	13	250	16	-13	13	250	16	-13	13	250	16	-13	13	250	16	-13	13	250	16	-13	13	250	16	-13	13	250
17	-224	26	276	17	-224	26	276	17	-224	26	276	17	-224	26	276	17	-224	26	276	17	-224	26	276	17	-224	26	276	17	-224	26	276	17	-224	26	276	17	-224	26	276	17	-224	26	276	17	-224	26	276	17	-224	26	276	17	-224	26	276	17	-224	26	276	17	-224	26	276	17	-224	26	276	17	-224	26	276	17	-224	26	276	17	-224	26	276
18	-17	17	293	18	-17	17	293	18	-17	17	293	18	-17	17	293	18	-17	17	293	18	-17	17	293	18	-17	17	293	18	-17	17	293	18	-17	17	293	18	-17	17	293	18	-17	17	293	18	-17	17	293	18	-17	17	293	18	-17	17	293	18	-17	17	293	18	-17	17	293	18	-17	17	293	18	-17	17	293	18	-17	17	293	18	-17	17	293
19	-13	13	306	19	-13	13	306	19	-13	13	306	19	-13	13	306	19	-13	13	306	19	-13	13	306	19	-13	13	306	19	-13	13	306	19	-13	13	306	19	-13	13	306	19	-13	13	306	19	-13	13	306	19	-13	13	306	19	-13	13	306	19	-13	13	306	19	-13	13	306	19	-13	13	306	19	-13	13	306	19	-13	13	306	19	-13	13	306
20	-15	15	321	20	-15	15	321	20	-15	15	321	20	-15	15	321	20	-15	15	321	20	-15	15	321	20	-15	15	321	20	-15	15	321	20	-15	15	321	20	-15	15	321	20	-15	15	321	20	-15	15	321	20	-15	15	321	20	-15	15	321	20	-15	15	321	20	-15	15	321	20	-15	15	321	20	-15	15	321	20	-15	15	321	20	-15	15	321
21	-13	13	334	21	-13	13	334	21	-13	13	334	21	-13	13	334	21	-13	13	334	21	-13	13	334	21	-13	13	334	21	-13	13	334	21	-13	13	334	21	-13	13	334	21	-13	13	334	21	-13	13	334	21	-13	13	334	21	-13	13	334	21	-13	13	334	21	-13	13	334	21	-13	13	334	21	-13	13	334	21	-13	13	334	21	-13	13	334
22	-15	15	349	22	-15	15	349	22	-15	15	349	22	-15	15	349	22	-15	15	349	22	-15	15	349	22	-15	15	349	22	-15	15	349	22	-15	15	349	22	-15	15	349	22	-15	15	349	22	-15	15	349	22	-15	15	349	22	-15	15	349	22	-15	15	349	22	-15	15	349	22	-15	15	349	22	-15	15	349	22	-15	15	349	22	-15	15	349
23	-15	15	364	23	-15	15	364	23	-15	15	364	23	-15	15	364	23	-15	15	364	23	-15	15	364	23	-15	15	364	23	-15	15	364	23	-15	15	364	23	-15	15	364	23	-15	15	364	23	-15	15	364	23	-15	15	364	23	-15	15	364	23	-15	15	364	23	-15	15	364	23	-15	15	364	23	-15	15	364	23	-15	15	364	23	-15	15	364
24	-17	17	381	24	-17	17	381	24	-17	17	381	24	-17	17	381	24	-17	17	381	24	-17	17	381	24	-17	17	381	24	-17	17	381	24	-17	17	381	24	-17	17	381	24	-17	17	381	24	-17	17	381	24	-17	17	381	24	-17	17	381	24	-17	17	381	24	-17	17	381	24	-17	17	381	24	-17	17	381	24	-17	17	381	24	-17	17	381
25	-15	15	396	25	-15	15	396	25	-15	15	396	25	-15	15	396	25	-15	15	396	25	-15	15	396	25	-15	15	396	25	-15	15	396	25	-15	15	396	25	-15	15	396	25	-15	15	396	25	-15	15	396	25	-15	15	396	25	-15	15	396	25	-15	15	396	25	-15	15	396	25	-15	15	396	25	-15	15	396	25	-15	15	396	25	-15	15	396
26	-125	26	422	26	-125	26	422	26	-125	26	422	26	-125	26	422	26	-125	26	422	26	-125	26	422	26	-125	26	422	26	-125	26	422	26	-125	26	422	26	-125	26	422	26	-125	26	422	26	-125	26	422	26	-125	26	422	26	-125	26	422	26	-125	26	422	26	-125	26	422	26	-125	26	422	26	-125	26	422	26	-125	26	422	26	-125	26	422
27	-17	17	439	27	-17	17	439	27	-17	17	439	27	-17	17	439	27	-17	17	439	27	-17	17	439	27	-17	17	439	27	-17	17	439	27	-17	17	439	27	-17	17	439	27	-17	17	439	27	-17	17	439	27	-17	17	439	27	-17	17	439	27	-17	17	439	27	-17	17	439	27	-17	17	439	27	-17	17	439	27	-17	17	439	27	-17	17	439
28	-116	17	456	28	-116	17	456	28	-116	17	456	28	-116	17	456	28	-116	17	456	28	-116	17	456	28	-116	17	456	28	-116	17	456	28	-116	17	456	28	-116	17	456	28	-116	17	456	28	-116	17	456	28	-116	17	456	28	-116	17	456	28	-116	17	456	28	-116	17	456	28	-116	17	456	28	-116	17	456	28	-116	17	456	28	-116	17	456
29	-13	13	469	29	-13	13	469	29	-13	13	469	29	-13	13	469	29	-13	13	469	29	-13	13	469	29	-13	13	469	29	-13	13	469	29	-13	13	469	29	-13	13	469	29	-13	13	469	29	-13	13	469	29	-13	13	469	29	-13	13	469	29	-13	13	469	29	-13	13	469	29	-13	13	469	29	-13	13	469	29	-13	13	469	29	-13	13	469
30	-13	13	482	30	-13	13	482	30	-13	13	482	30	-13	13	482	30	-13	13	482	30	-13	13	482	30	-13	13	482	30	-13	13	482	30	-13	13	482	30	-13	13	482	30	-13	13	482	30	-13	13	482	30	-13	13	482	30	-13	13	482	30	-13	13	482	30	-13	13	482	30	-13	13	482	30	-13	13	482	30	-13	13	482	30	-13	13	482
31	-119	20	502	31	-119	20	502	31	-119	20	502	31	-119	20	502	31	-119	20	502	31	-119	20	502	31	-119	20	502	31	-119	20	502	31	-119	20	502	31	-119	20	502	31	-119	20	502	31	-119	20	502	31	-119	20	502	31	-119	20	502	31	-119	20	502	31	-119	20	502	31	-119	20	502	31	-119	20	502	31	-119	20	502	31	-119	20	502
32	-13	13	515	32	-13	13	515	32	-13	13	515	32	-13	13	515	32	-13	13	515	32	-13	13	515	32	-13	13	515	32	-13	13	515	32	-13	13	515	32	-13	13	515	32	-13	13	515	32	-13	13	515	32	-13	13	515	32	-13	13	515	32	-13	13	515	32	-13	13	515	32	-13	13	515	32	-13	13	515	32	-13	13	515	32	-13	13	515
33	-123	24	539	33	-123	24	539	33	-123	24	539	33	-123	24	539	33	-123	24	539	33	-123	24	539	33	-123	24	539	33	-123	24	539	33	-123	24	539	33	-123	24	539	33	-123	24	539	33	-123	24	539	33	-123	24	539	33	-123	24	539	33	-123	24	539	33	-123	24	539	33	-123	24	539	33	-123	24	539	33	-123	24	539	33	-123	24	539
34	-13	13	552	34	-13	13	552	34	-13	13	552	34	-13	13	552	34	-13	13	552	34	-13	13	552	34	-13	13	552	34	-13	13	552	34	-13	13	552	34	-13	13	552	34	-13	13	552	34	-13	13	552	34	-13	13	552	34	-13	13	552	34	-13	13	552	34	-13	13	552	34	-13	13	552	34	-13	13	552	34	-13	13	552	34	-13	13	552
35	-15	15	567	35	-15	15	567	35	-15	15	567	35	-15	15	567	35	-15	15	567	35	-15	15	567	35	-15	15	567	35	-15	15	567	35	-15	15	567	35	-15	15	567	35	-15	15	567	35	-15	15	567	35	-15	15	567	35	-15	15	567	35	-15	15	567	35	-15	15	567	35	-15	15	567	35	-15	15	567	35	-15	15	567	35	-15	15	567
36	-15	15	582	36	-15	15	582	36	-15	15	582	36	-15	15	582	36	-15	15	582	36	-15	15	582	36	-15	15	582	36	-15	15	582	36	-15	15	582	36	-15	15	582	36	-15	15	582	36	-15	15	582	36	-15	15	582	36	-15	15	582	36	-15	15	582	36	-15	15	582	36	-15	15	582	36	-15	15	582	36	-15	15	582	36	-15	15	582
37	-13	13	595	37	-13	13	595	37	-13	13	595	37	-13	13	595	37	-13	13	595	37	-13	13	595	37	-13	13	595	37	-13	13	595	37	-13	13	595	37	-13	13	595	37	-13	13	595	37	-13	13	595	37	-13	13	595	37	-13	13	595	37	-13	13	595	37	-13	13	595	37	-13	13	595	37	-13	13	595	37	-13	13	595	37	-13	13	595
38	-13	13	608	38	-13	13	608	38	-13	13	608	38	-13	13	608	38	-13	13	608	38	-13	13	608	38	-13	13	608	38	-13	13	608	38	-13	13	608	38	-13	13	608	38	-13	13	608	38	-13	13	608	38	-13	13	608	38	-13	13	608	38	-13	13	608	38	-13	13	608	38	-13	13	608	38	-13	13	608	38	-13	13	608	38	-13	13	608
39	-333	36	644	39	-333	36	644	39	-333	36	644	39	-333	36	644	39	-333	36	644	39	-333	36	644	39	-333	36	644	39	-333	36	644	39	-333	36	644	39	-333	36	644	39	-333	36	644	39	-333	36	644	39	-333	36	644	39	-333	36	644	39	-333	36	644	39	-333	36	644	39	-333	36	644	39	-333	36	644	39	-333	36	644	39	-333	36	644
40	-14	14	658	40	-14	14	658	40	-14	14	658	40	-14	14	658	40	-14	14	658	40	-14	14	658	40	-14	14	658	40	-14	14	658	40	-14	14	658	40	-14	14	658	40	-14	14	658	40	-14	14	658	40	-14	14	658	40	-14	14	658	40	-14	14	658	40	-14	14	658	40	-14	14	658	40	-14	14	658	40	-14	14	658	40	-14	14	658
41	-15	15	673	41	-15	15	673	41	-15	15	673	41	-15	15	673	41	-15	15	673	41	-15	15	673	41	-15	15	673	41	-15	15	673	41	-15	15	673	41	-15	15	673	41	-15	15	673	41	-15	15	673	41	-15	15	673	41	-15	15	673	41	-15	15	673	41	-15	15	673	41	-15	15	673	41	-15	15	673	41	-15	15	673	41	-15	15	673
42	-13	13	686	42	-13	13	686	42	-13	13	686	42	-13	13	686	42	-13	13	686	42	-13	13	686	42	-13	13	686	42	-13	13	686	42	-13	13	686	42	-13	13	686	42	-13	13	686	42	-13	13	686	42	-13	13	686	42	-13	13	686	42	-13	13	686	42	-13	13	686	42	-13	13	686	42	-13	13	686	42	-13	13	686	42	-13	13	686
43	-15	15	701	43	-15	15	701	43	-15	15	701	43	-15	15	701	43	-15	15	701	43	-15	15	701	43	-15	15	701	43	-15	15	701	43	-15	15	701	43	-15	15	701	43	-15	15	701	43	-15	15	701	43	-15	15	701	43	-15	15	701	43	-15	15	701	43	-15	15	701	43	-15	15	701	43	-15	15	701	43	-15	15	701	43	-15	15	701
44	-21	21	722	44	-21	21	722	44	-21	21	722	44	-21	21	722	44	-21	21	722	44	-21	21	722	44	-21	21	722	44	-21	21	722	44	-21	21	722	44	-21	21	722	44	-21	21	722	44	-21	21	722	44	-21	21	722	44	-21	21	722	44	-21	21	722	44	-21	21	722	44	-21	21	722	44	-21	21	722	44	-21	21	722	44	-21	21	722
45	-332	35	757	45	-332	35	757	45	-332	35	757	45	-332	35	757	45	-332	35	757	45	-332	35	757	45	-332	35	757	45	-332	35	757	45	-332	35	757	45	-332	35	757	45	-332	35	757	45	-332	35	757	45	-332	35	757	45	-332	35	757	45	-332	35	757	45	-332	35	757	45	-332	35	757	45	-332	35	757	45	-332	35	757	45	-332	35	757
46	-13	13	770	46	-13	13	770	46	-13	13	770	46	-13	13	770	46	-13	13	770	46	-13	13	770	46	-13	13	770	46	-13	13	770	46	-13	13	770	46	-13	13	770	46	-13	13	770	46	-13	13	770	46	-13	13	770	46	-13	13	770	46	-13	13	770	46	-13	13	770	46	-13	13	770	46	-13	13	770	46	-13	13	770	46	-13	13	770
47	-15	15	785	47	-15	15	785	47	-15	15	785	47	-15	15	785	47	-15	15	785	47	-15	15	785	47	-15	15	785	47	-15	15	785	47	-15	15	785	47	-15	15	785	47	-15	15	785	47	-15	15	785	47	-15	15	785	47	-15	15	785	47	-15	15	785	47	-15	15	785	47	-15	15	785	47	-15	15	785	47	-15	15	785	47	-15	15	785
48	-13	13	798	48	-13	13	798	48	-13	13	798	48	-13	13	798	48	-13	13	798	48	-13	13	798	48	-13	13	798	48	-13	13	798	48	-13	13	798	48	-13	13	798	48	-13	13	798	48	-13	13	798	48	-13	13	798	48	-13	13	798	48	-13	13	798	48	-13	13	798	48	-13	13	798	48	-13	13	798	48	-13	13	798	48	-13	13	798
49	-15	15	813	49	-15	15	813	49	-15	15	813	49	-15	15	813	49	-15	15	813	49	-15	15	813	49	-15	15	813	49	-15	15	813	49	-15	15	813	49	-15	15	813	49	-15	15	813	49	-15	15	813	49	-15	15	813	49	-15	15	813	49	-15	15	813	49	-15	15	813	49	-15	15	813	49	-15	15	813	49	-15	15	813	49	-15	15	813
50	-23	23	836	50	-23	23	836	50	-23	23	836	50	-23	23	836	50	-23	23	836	50	-23	23	836	50	-23	23	836	50	-23	23	836	50	-23	23	836	50	-23	23	836	50	-23	23	836	50	-23	23	836	50	-23	23	836	50	-23	23	836	50	-23	23	836	50	-23	23	836	50	-23	23	836	50	-23	23	836	50	-23	23	836	50	-23	23	836
51	-17	17	853	51	-17	17	853	51	-17	17	853	51	-17	17	853	51	-17	17	853	51	-17	17	853	51	-17	17	853	51	-17	17	853	51	-17	17	853	51	-17	17	853	51	-17	17	853	51	-17	17	853	51	-17	17	853	51	-17	17	853	51	-17	17	853	51	-17	17	853	51	-17	17	853	51	-17	17	853	51	-17	17	853	51	-17	17	853
52	-18	18	871	52	-18	18	871	52	-18	18	871	52	-18	18	871	52	-18	18	871	52	-18	18	871	52	-18	18	871	52	-18	18	871	52	-18	18	871	52	-18	18	871	52	-18	18	871	52	-18	18	871	52	-18	18	871	52	-18	18	871	52	-18	18	871	52	-18	18	871	52	-18	18	871	52	-18	18	871	52	-18	18	871	52	-18	18	871
53	-13	13	884	53	-13	13	884	53	-13	13	884	53	-13	13	884	53	-13	13	884	53	-13	13	884	53	-13	13	884	53	-13	13	884	53	-13	13	884	53	-13	13	884	53	-13	13	884	53	-13	13	884	53	-13	13	884	53	-13	13	884	53	-13	13	884	53	-13	13	884	53	-13	13	884	53	-13	13	884	53	-13	13	884	53	-13	13	884
54	-13	13	897	54	-13	13	897	54	-13	13	897	54	-13	13	897	54	-13	13	897	54	-13	13	897	54	-13	13	897	54	-13	13	897	54	-13	13	897	54	-13	13	897	54	-13	13	897	54	-13	13	897	54	-13	13	897	54	-13	13	897	54	-13	13	897	54	-13	13	897	54	-13	13	897	54	-13	13	897	54	-13	13	897	54	-13	13	897
55	-13	13	910	55	-13	13	910	55	-13	13	910	55	-13	13	910	55	-13	13	910	55	-13	13	910	55	-13	13	910	55	-13	13	910	55	-13	13	910	55	-13	13	910	55	-13	13	910	55	-13	13	910	55	-13	13	910	55	-13	13	910	55	-13	13	910	55	-13	13	910	55	-13	13	910	55	-13	13	910	55	-13	13	910	55	-13	13	910
56	-13	13	923	56	-13	13	923	56	-13	13	923	56	-13	13	923	56	-13	13	923	56	-13	13	923	56	-13	13	923	56	-13	13	923	56	-13	13	923	56	-13	13	923	56	-13	13	923	56	-13	13	923	56	-13	13	923	56	-13	13	923	56	-13	13	923	56	-13	13	923	56	-13	13	923	56	-13	13	923	56	-13	13	923	56	-13	13	923
57	-118	19	942	57	-118	19	942	57	-118	19	942	57	-118	19	942	57	-118	19	942	57	-118	19	942	57	-118	19	942	57	-118	19	942	57	-118	19	942	57	-118	19	942	57	-118	19	942	57	-118	19	942	57	-118	19	942	57	-118	19	942	57	-118	19	942	57	-118	19	942	57	-118	19	942	57	-118	19	942	57	-118	19	942	57	-118	19	942
58	-123	24	966	58	-123	24	966	58	-123	24	966	58	-123	24	966	58	-123	24	966	58	-123	24	966	58	-123	24	966	58	-123	24	966	58	-123	24	966	58	-123	24	966	58	-123	24	966	58	-123	24	966	58	-123	24	966	58	-123	24	966	58	-123	24	966	58	-123	24	966	58	-123	24	966	58	-123	24	966	58	-123	24	966	58	-123	24	966
59	-16	16	982	59	-16	16	982	59	-16	16	982	59	-16	16	982	59	-16	16	982	59	-16	16	982	59	-16	16	982	59	-16	16	982	59	-16	16	982	59	-16	16	982	59	-16	16	982	59	-16	16	982	59	-16	16	982	59	-16	16	982	59	-16	16	982	59	-16	16	982	59	-16	16	982	59	-16	16	982	59	-16	16	982	59	-16	16	982
60	-13	13	995	60	-13	13	995	60	-13	13	995	60	-13	13	995	60	-13	13	995	60	-13	13	995	60	-13	13	995	60	-13	13	995	60	-13	13	995	60	-13	13	995	60	-13	13	995	60	-13	13	995	60	-13	13	995	60	-13	13	995	60	-13	13	995	60	-13	13	995	60	-13	13	995	60	-13	13	995	60	-13	13	995	60	-13	13	995
61	-13	13	1008	61	-13	13	1008	61	-13	13	1008	61	-13	13	1008	61	-13	13	1008	61	-13	13	1008	61	-13	13	1008	61	-13	13	1008	61	-13	13	1008	61	-13	13	1008	61	-13	13	1008	61	-13	13	1008	61	-13	13	1008	61	-13	13	1008	61	-13	13	1008	61	-13	13	1008	61	-13	13	1008	61	-13	13	1008	61	-13	13	1008	61	-13	13	1008
62	-117	18	1026	62	-117	18	1026	62	-117	18	1026	62	-117	18	1026	62	-117	18	1026	62	-117	18	1026	62	-117	18	1026	62	-117	18	1026	62	-117	18	1026	62	-117	18	1026	62	-117	18	1026	62	-117	18	1026	62	-117	18	1026	62	-117	18	1026	62	-117	18	1026	62	-117	18	1026	62	-117	18	1026	62	-117	18	1026	62	-117	18	1026	62	-117	18	1026
63	-118	19	1045	63	-118	19	1045	63	-118	19	1045	63	-118	19	1045	63	-118	19	1045	63	-118	19	1045	63	-118	19	1045	63	-118	19	1045	63	-118	19	1045	63	-118	19	1045	63	-118	19	1045	63	-118	19	1045	63	-118	19	1045	63	-118	19	1045	63	-118	19	1045	63	-118	19	1045	63	-118	19	1045	63	-118	19	1045	63	-118	19	1045	63	-118	19	1045
64	-15	15	1060	64	-15	15	1060	64	-15	15	1060	64	-15	15	1060	64	-15	15	1060	64	-15	15	1060	64	-15	15	1060	64	-15	15	1060	64	-15	15	1060	64	-15	15	1060	64	-15	15	1060	64	-15	15	1060	64	-15	15	1060	64	-15	15	1060	64	-15	15	1060	64	-15	15	1060	64	-15	15	1060	64	-15	15	1060	64	-15	15	1060	64	-15	15	1060
65	-221	23	1083	65	-221	23	1083	65	-221	23	1083	65	-221	23	1083	65	-221	23	1083	65	-221	23	1083	65	-221	23	1083	65	-221	23	1083	65	-221	23	1083	65	-221	23	1083	65	-221	23	1083	65	-221	23	1083	65	-221	23	1083	65	-221	23	1083	65	-221	23	1083	65	-221	23	1083	65	-221	23	1083	65	-221	23	1083	65	-221	23	1083	65	-221	23	1083
66	-121	22	1105	66	-121	22	1105	66	-121	22	1105	66	-121	22	1105	66	-121	22	1105	66	-121	22	1105	66	-121	22	1105	66	-121	22	1105	66	-121	22	1105	66	-121	22	1105	66	-121	22	1105	66	-121	22	1105	66	-121	22	1105	66	-121	22	1105	66	-121	22	1105	66	-121	22	1105	66	-121	22	1105	66	-121	22	1105	66	-121	22	1105	66	-121	22	1105
67	-15	15	1120	67	-15	15	1120	67	-15	15	1120	67	-15	15	1120	67	-15	15	1120	67	-15	15	1120	67	-15	15	1120	67	-15	15	1120	67	-15	15	1120	67	-15	15	1120	67	-15	15	1120	67	-15	15	1120	67	-15	15	1120	67	-15	15	1120	67	-15	15	1120	67	-15	15	1120	67	-15	15	1120	67	-15	15	1120	67	-15	15	1120	67	-15	15	1120
68	-13	13	1133	68	-13	13	1133	68	-13	13	1133	68	-13	13	1133	68	-13	13	1133	68	-13	13	1133	68	-13	13	1133	68	-13	13	1133	68	-13	13	1133	68	-13	13	1133	68	-13	13	1133	68	-13	13	1133	68	-13	13	1133	68	-13	13	1133	68	-13	13	1133	68	-13	13	1133	68	-13	13	1133	68	-13	13	1133	68	-13	13	1133	68	-13	13	1133
69	-15	15	1148	69	-15	15	1148	69	-15	15	1148	69	-15	15	1148	69	-15	15	1148	69	-15	15	1148	69	-15	15	1148	69	-15	15	1148	69	-15	15	1148	69	-15	15	1148	69	-15	15	1148	69	-15	15	1148	69	-15	15	1148	69	-15	15	1148	69	-15	15	1148	69	-15	15	1148	69	-15	15	1148	69	-15	15	1148	69	-15	15	1148	69	-15	15	1148
70	-15	15	1163	70	-15	15	1163	70	-15	15	1163	70	-15	15	1163	70	-15	15	1163	70	-15	15	1163	70	-15	15	1163	70	-15	15	1163	70	-15	15	1163	70	-15	15	1163	70	-15	15	1163	70	-15	15	1163	70	-15	15	1163	70	-15	15	1163	70	-15	15	1163	70	-15	15	1163	70	-15	15	1163	70	-15	15	1163	70	-15	15	1163	70	-15	15	1163
71	-122	23	1186	71	-122	23	1186	71	-122	23	1186	71	-122	23	1186	71	-122	23	1186	71	-122	23	1186	71	-122	23	1186	71	-122	23	1186	71	-122	23	1186	71	-122	23	1186	71	-122	23	1186	71	-122	23	1186	71	-122	23	1186	71	-122	23	1186	71	-122	23	1186	71	-122	23	1186	71	-122	23	1186	71	-122	23	1186	71	-122	23	1186	71	-122	23	1186
72	-17	17	1203	72	-17	17	1203	72	-17	17	1203	72	-17	17	1203	72	-17	17	1203	72	-17	17	1203	72	-17	17	1203	72	-17	17	1203	72	-17	17	1203	72	-17	17	1203	72	-17	17	1203	72	-17	17	1203	72	-17	17	1203	72	-17	17	1203	72	-17	17	1203	72	-17	17	1203	72	-17	17	1203	72	-17	17	1203	72	-17	17	1203	72	-17	17	1203
73	-15	15	1218	73	-15	15	1218	73	-15	15	1218	73	-15	15	1218	73	-15	15	1218	73	-15	15	1218	73	-15	15	1218	73	-15	15	1218	73	-15	15	1218	73	-15	15	1218	73	-15	15	1218	73	-15	15	1218	73	-15	15	1218	73	-15	15	1218	73	-15	15	1218	73	-15	15	1218	73	-15	15	1218	73	-15	15	1218	73	-15	15	1218	73	-15	15	1218
74	-13	13	1231	74	-13	13	1231	74	-13	13	1231	74	-13	13	1231	74	-13	13	1231	74	-13	13	1231	74	-13	13	1231	74	-13	13	1231	74	-13	13	1231	74	-13	13	1231	74	-13	13	1231	74	-13	13	1231	74	-13	13	1231	74	-13	13	1231	74	-13	13	1231	74	-13	13	1231	74	-13	13	1231	74	-13	13	1231	74	-13	13	1231	74	-13	13	1231
75	-118	19	1250	75	-118	19	1250	75	-118	19	1250	75	-118	19	1250	75	-118	19	1250	75	-118	19	1250	75	-118	19	1250	75	-118	19	1250	75	-118	19	1250	75	-118	19	1250	75	-118	19	1250	75	-118	19	1250	75	-118	19	1250	75	-118	19	1250	75	-118	19	1250	75	-118	19	1250	75	-118	19	1250	75	-118	19	1250	75	-118	19	1250	75	-118	19	1250
76	-13	13	1263	76	-13	13	1263	76	-13	13	1263	76	-13	13	1263	76	-13	13	1263	76	-13	13	1263	76	-13	13	1263	76	-13	13	1263	76	-13	13	1263	76	-13	13	1263	76	-13	13	1263	76	-13	13	1263	76	-13	13	1263	76	-13	13	1263	76	-13	13	1263	76	-13	13	1263	76	-13	13	1263	76	-13	13	1263	76	-13	13	1263	76	-13	13	1263
77	-13	13	1276	77	-13	13	1276	77	-13	13	1276	77	-13	13	1276	77	-13	13	1276	77	-13	13	1276	77	-13	13	1276	77	-13	13	1276	77	-13	13	1276	77	-13	13	1276	77	-13	13	1276	77	-13	13	1276	77	-13	13	1276	77	-13	13	1276	77	-13	13	1276	77	-13	13	1276	77	-13	13	1276	77	-13	13	1276	77	-13	13	1276	77	-13	13	1276
78	-13	13	1289	78	-13	13	1289	78	-13	13	1289	78	-13	13	1289	78	-13	13	1289	78	-13	13	1289	78	-13	13	1289	78	-13	13	1289	78	-13	13	1289	78	-13	13	1289	78	-13	13	1289	78	-13	13	1289	78	-13	13	1289	78	-13	13	1289	78	-13	13	1289	78	-13	13	1289	78	-13	13	1289	78	-13	13	1289	78	-13	13	1289	78	-13	13	1289
79	-13	13	1302	79	-13	13	1302	79	-13	13	1302	79	-13	13	1302	79	-13	13	1302	79	-13	13	1302	79	-13	13	1302	79	-13	13	1302	79	-13	13	1302	79	-13	13	1302	79	-13	13	1302	79	-13	13	1302	79	-13	13	1302	79	-13	13	1302	79	-13	13	1302	79	-13	13	1302	79	-13	13	1302	79	-13	13	1302	79	-13	13	1302	79	-13	13	1302
80	-135	36	1338	80	-135	36	1338	80	-135	36	1338	80	-135	36	1338	80	-135	36	1338	80	-135	36	1338	80	-135	36	1338	80	-135	36	1338	80	-135	36	1338	80	-135	36	1338	80	-135	36	1338	80	-135	36	1338	80	-135	36	1338	80	-135	36	1338	80	-135	36	1338	80	-135	36	1338	80	-135	36	1338	80	-135	36	1338	80	-135	36	1338	80	-135	36	1338
81	-15	15	1353	81	-15	15	1353	81	-15	15	1353	81	-15	15	1353	81	-15	15	1353	81	-15	15	1353	81	-15	15	1353	81	-15	15	1353	81	-15	15	1353	81	-15	15	1353	81	-15	15	1353	81	-15	15	1353	81	-15	15	1353	81	-15	15	1353	81	-15	15	1353	81	-15	15	1353	81	-15	15	1353	81	-15	15	1353	81	-15	15	1353	81	-15	15	1353
82	-15	15	1368	82	-15	15	1368	82	-15	15	1368	82	-15	15	1368	82	-15	15	1368	82	-15	15	1368	82	-15	15	1368	82	-15	15	1368	82	-15	15	1368	82	-15	15	1368	82	-15	15	1368	82	-15	15	1368	82	-15	15	1368	82	-15	15	1368	82	-15	15	1368	82	-15	15	1368	82	-15	15	1368	82	-15	15	1368	82	-15	15	1368	82	-15	15	1368
83	-119	20	1388	83	-119	20	1388	83	-119	20	1388	83	-119	20	1388	83	-119	20	1388	83	-119	20	1388	83	-119	20	1388	83	-119	20	1388	83	-119	20	1388	83	-119	20	1388	83	-119	20	1388	83	-119	20	1388	83	-119	20	1388	83	-119	20	1388	83	-119	20	1388	83	-119	20	1388	83	-119	20	1388	83	-119	20	1388	83	-119	20	1388	83	-119	20	1388
84	-13	13	1401	84	-13	13	1401	84	-13	13	1401	84	-13	13	1401	84	-13	13	1401	84	-13	13	1401	84	-13	13	1401	84	-13	13	1401	84	-13	13	1401	84	-13	13	1401	84	-13	13	1401	84	-13	13	1401	84	-13	13	1401	84	-13	13	1401	84	-13	13	1401	84	-13	13	1401	84	-13	13	1401	84	-13	13	1401	84	-13	13	1401	84	-13	13	1401
85	-16	16	1417	85	-16	16	1417	85	-16	16	1417	85	-16	16	1417	85	-16	16	1417	85	-16	16	1417	85	-16	16	1417	85	-16	16	1417	85	-16	16	1417	85	-16	16	1417	85	-16	16	1417	85	-16	16	1417	85	-16	16	1417	85	-16	16	1417	85	-16	16	1417	85	-16	16	1417	85	-16	16	1417	85	-16	16	1417	85	-16	16	1417	85	-16	16	1417
86	-13	13	1430	86	-13	13	1430	86	-13	13	1430	86	-13	13	1430	86	-13	13	1430	86	-13	13	1430	86	-13	13	1430	86	-13	13	1430	86	-13	13	1430	86	-13	13	1430	86	-13	13	1430	86	-13	13	1430	86	-13	13	1430	86	-13	13	1430	86	-13	13	1430	86	-13	13	1430	86	-13	13	1430	86	-13	13	1430	86	-13	13	1430	86	-13	13	1430
87	-15	15	1445	87	-15	15	1445	87	-15	15	1445	87	-15	15	1445	87	-15	15	1445	87	-15	15	1445	87	-15	15	1445	87	-15	15	1445	87	-15	15	1445	87	-15	15	1445	87	-15	15	1445	87	-15	15	1445	87	-15	15	1445	87	-15	15	1445	87	-15	15	1445	87	-15	15	1445	87	-15	15	1445	87	-15	15	1445	87	-15	15	1445	87	-15	15	1445
88	-13	13	1458	88	-13	13	1458	88	-13	13	1458	88	-13	13	1458	88	-13	13	1458	88	-13	13	1458	88	-13	13	1458	88	-13	13	1458	88	-13	13	1458	88	-13	13	1458	88	-13	13	1458	88	-13	13	1458	88	-13	13	1458	88	-13	13	1458	88	-13	13	1458	88	-13	13	1458	88	-13	13	1458	88	-13	13	1458	88	-13	13	1458	88	-13	13	1458
89	-13	13	1471	89	-13	13	1471	89	-13	13	1471	89	-13	13	1471	89	-13	13	1471	89	-13	13	1471	89	-13	13	1471	89	-13	13	1471	89	-13	13	1471	89	-13	13	1471	89	-13	13	1471	89	-13	13	1471	89	-13	13	1471	89	-13	13	1471	89	-13	13	1471	89	-13	13	1471	89	-13	13	1471	89	-13	13	1471	89	-13	13	1471	89	-13	13	1471
90	-13	13	1484	90	-13	13	1484	90	-13	13	1484	90	-13	13	1484	90	-13	13	1484	90	-13	13	1484	90	-13	13	1484	90	-13	13	1484	90	-13	13	1484	90	-13	13	1484	90	-13	13	1484	90	-13	13	1484	90	-13	13	1484	90	-13	13	1484	90	-13	13	1484	90	-13	13	1484	90	-13	13	1484	90	-13	13	1484	90	-13	13	1484	90	-13	13	1484
91	-13	13	1497	91	-13	13	1497	91	-13	13	1497	91	-13	13	1497	91	-13	13	1497	91	-13	13	1497	91	-13	13	1497	91	-13	13	1497	91	-13	13	1497	91	-13	13	1497	91	-13	13	1497	91	-13	13	1497	91	-13	13	1497	91	-13	13	1497	91	-13	13	1497	91	-13	13	1497	91	-13	13	1497	91	-13	13	1497	91	-13	13	1497	91	-13	13	1497
92	-15	15	1512	92	-15	15	1512	92	-15	15	1512	92	-15	15	1512	92	-15	15	1512	92	-15	15	1512	92	-15	15	1512	92	-15	15	1512	92	-15	15	1512	92	-15	15	1512	92	-15	15	1512	92	-15	15	1512	92	-15	15	1512	92	-15	15	1512	92	-15	15	1512	92	-15	15	1512	92	-15	15	1512	92	-15	15	1512	92	-15	15	1512	92	-15	15	1512
93	-15	15	1527	93	-15	15	1527	93	-15	15	1527	93	-15	15	1527	93	-15	15	1527	93	-15	15	1527	93	-15	15	1527	93	-15	15	1527	93	-15	15	1527	93	-15	15	1527	93	-15	15	1527	93	-15	15	1527	93	-15	15	1527	93	-15	15	1527	93	-15	15	1527	93	-15	15	1527	93	-15	15	1527	93	-15	15	1527	93	-15	15	1527	93	-15	15	1527
94	-13	13	1540	94	-13	13	1540	94	-13	13	1540	94	-13	13	1540	94	-13	13	1540	94	-13	13	1540	94	-13	13	1540	94	-13	13	1540	94	-13	13	1540	94	-13	13	1540	94	-13	13	1540	94	-13	13	1540	94	-13	13	1540	94	-13	13	1540	94	-13	13	1540	94	-13	13	1540	94	-13	13	1540	94	-13	13	1540	94	-13	13	1540	94	-13	13	1540
95	-121	22	1562	95	-121	22	1562	95	-121	22	1562	95	-121	22	1562	95	-121	22	1562	95	-121	22	1562	95	-121	22	1562	95	-121	22	1562	95	-121	22	1562	95	-121	22	1562	95	-121	22	1562	95	-121	22	1562	95	-121	22	1562	95	-121	22	1562	95	-121	22	1562	95	-121	22	1562	95	-121	22	1562	95	-121	22	1562	95	-121	22	1562	95	-121	22	1562
96	-13	13	1575	96	-13	13	1575	96	-13	13	1575	96	-13	13	1575	96	-13	13	1575	96	-13	13	1575	96	-13	13	1575	96	-13	13	1575	96	-13	13	1575	96	-13	13	1575	96	-13	13	1575	96	-13	13	1575	96	-13	13	1575	96	-13	13	1575	96	-13	13	1575	96	-13	13	1575	96	-13	13	1575	96	-13	13	1575	96	-13	13	1575	96	-13	13	1575
97	-13	13	1588	97	-13	13	1588	97	-13	13	1588	97	-13	13	1588	97	-13	13	1588	97	-13	13	1588	97	-13	13	1588	97	-13	13	1588	97	-13	13	1588	97	-13	13	1588	97	-13	13	1588	97	-13	13	1588	97	-13	13	1588	97	-13	13	1588	97	-13	13	1588	97	-13	13	1588	97	-13	13	1588	97	-13	13	1588	97	-13	13	1588	97	-13	13	1588
98	-238	40	1628	98	-238	40	1628	98	-238	40	1628	98	-238	40	1628	98	-238	40	1628	98	-238	40	1628	98	-238	40	1628	98	-238	40	1628	98	-238	40	1628	98	-238	40	1628	98	-238	40	1628	98	-238	40	1628	98	-238	40	1628	98	-238	40	1628	98	-238	40	1628	98	-238	40	1628	98	-238	40	1628	98	-238	40	1628	98	-238	40	1628	98	-238	40	1628
99	-13	13	1641	99	-13	13	1641	99	-13	13	1641	99	-13	13	1641	99	-13	13	1641	99	-13	13	1641	99	-13	13	1641	99	-13	13	1641	99	-13	13	1641	99	-13	13	1641	99	-13	13	1641	99	-13	13	1641	99	-13	13	1641	99	-13	13	1641	99	-13	13	1641	99	-13	13	1641	99	-13	13	1641	99	-13	13	1641	99	-13	13	1641	99	-13	13	1641
100	-15	15	1656	100	-15	15	1656	100	-15	15	1656	100	-15	15	1656	100	-15	15	1656	100	-15	15	1656	100	-15	15	1656	100	-15	15	1656	100	-15	15	1656	100	-15	15	1656	100	-15	15	1656	100	-15	15	1656	100	-15	15	1656	100	-15	15	1656	100	-15	15	1656	100	-15	15	1656	100	-15	15	1656	100	-15	15	1656	100	-15	15	1656	100	-15	15	1656
101	-17	17	1673	101	-17	17	1673	101	-17	17	1673	101	-17	17	1673	101	-17	17	1673	101	-17	17	1673	101	-17	17	1673	101	-17	17	1673	101	-17	17	1673	101	-17	17	1673	101	-17	17	1673	101	-17	17	1673	101	-17	17	1673	101	-17	17	1673	101	-17	17	1673	101	-17	17	1673	101	-17	17	1673	101	-17	17	1673	101	-17	17	1673	101	-17	17	1673
102	-13	13	1686	102	-13	13	1686	102	-13	13	1686	102	-13	13	1686	102	-13	13	1686	102	-13	13	1686	102	-13	13	1686	102	-13	13	1686	102	-13	13	1686	102	-13	13	1686	102	-13	13	1686	102	-13	13	1686	102	-13	13	1686	102	-13	13	1686	102	-13	13	1686	102	-13	13	1686	102	-13	13	1686	102	-13	13	1686	102	-13	13	1686	102	-13	13	1686
103	-13	13	1699	103	-13	13	1699	103	-13	13	1699	103	-13	13	1699	103	-13	13	1699	103	-13	13	1699	103	-13	13	1699	103	-13	13	1699	103	-13	13	1699	103	-13	13	1699	103	-13	13	1699	103	-13	13	1699	103	-13	13	1699	103	-13	13	1699	103	-13	13	1699	103	-13	13	1699	103	-13	13	1699	103	-13	13	1699	103	-13	13	1699	103	-13	13	1699
104	-13	13	1712	104	-13	13	1712	104	-13	13	1712	104	-13	13	1712	104	-13	13	1712	104	-13	13	1712	104	-13	13	1712	104	-13	13	1712	104	-13	13	1712	104	-13	13	1712	104	-13	13	1712	104	-13	13	1712	104	-13	13	1712	104	-13	13	1712	104	-13	13	1712	104	-13	13	1712	104	-13	13	1712	104	-13	13	1712	104	-13	13	1712	104	-13	13	1712
105	-220	22	1734	105	-220	22	1734	105	-220	22	1734	105	-220	22	1734	105	-220	22	1734	105	-220	22	1734	105	-220	22	1734	105	-220	22	1734	105	-220	22	1734	105	-220	22	1734	105	-220	22	1734	105	-220	22	1734	105	-220	22	1734	105	-220	22	1734	105	-220	22	1734	105	-220	22	1734	105	-220	22	1734	105	-220	22	1734	105	-220	22	1734	105	-220	22	1734
106	-15	15	1749	106	-15	15	1749	106	-15	15	1749	106	-15	15	1749	106	-15	15	1749	106	-15	15	1749	106	-15	15	1749	106	-15	15	1749	106	-15	15	1749	106	-15	15	1749	106	-15	15	1749	106	-15	15	1749	106	-15	15	1749	106	-15	15	1749	106	-15	15	1749	106	-15	15	1749	106	-15	15	1749	106	-15	15	1749	106	-15	15	1749	106	-15	15	1749
107	-13	13	1762	107	-13	13	1762	107	-13	13	1762	107	-13	13	1762	107	-13	13	1762	107	-13	13	1762	107	-13	13	1762	107	-13	13	1762	107	-13	13	1762	107	-13	13	1762	107	-13	13	1762	107	-13	13	1762	107	-13	13	1762	107	-13	13	1762	107	-13	13	1762	107	-13	13	1762	107	-13	13	1762	107	-13	13	1762	107	-13	13	1762	107	-13	13	1762
108	-221	23	1785	108	-221	23	1785	108	-221	23	1785	108	-221	23	1785	108	-221	23	1785	108	-221	23	1785	108	-221	23	1785	108	-221	23	1785	108	-221	23	1785	108	-221	23	1785	108	-221	23	1785	108	-221	23	1785	108	-221	23	1785	108	-221	23	1785	108	-221	23	1785	108	-221	23	1785	108	-221	23	1785	108	-221	23	1785	108	-221	23	1785	108	-221	23	1785
109	-13	13	1798	109	-13	13	1798	109	-13	13	1798	109	-13	13	1798	109	-13	13	1798	109	-13	13	1798	109	-13	13	1798	109	-13	13	1798	109	-13	13	1798	109	-13	13	1798	109	-13	13	1798	109	-13	13	1798	109	-13	13	1798	109	-13	13	1798	109	-13	13	1798	109	-13	13	1798	109	-13	13	1798	109	-13	13	1798	109	-13	13	1798	109	-13	13	1798
110	-17	17	1815	110	-17	17	1815	110	-17	17	1815	110	-17	17	1815	110	-17	17	1815	110	-17	17	1815	110	-17	17	1815	110	-17	17	1815	110	-17	17	1815	110	-17	17	1815	110	-17	17	1815	110	-17	17	1815	110	-17	17	1815	110	-17	17	1815	110	-17	17	1815	110	-17	17	1815	110	-17	17	1815	110	-17	17	1815	110	-17	17	1815	110	-17	17	1815
111	-118	19	1834	111	-118	19	1834	111	-118	19	1834	111	-118	19	1834	111	-118	19	1834	111	-118	19	1834	111	-118	19	1834	111	-118	19	1834	111	-118	19	1834	111	-118	19	1834	111	-118	19	1834	111	-118	19	1834	111	-118	19	1834	111	-118	19	1834	111	-118	19	1834	111	-118	19	1834	111	-118	19	1834	111	-118	19	1834	111	-118	19	1834	111	-118	19	1834
112	-115	16	1850	112	-115	16	1850	112	-115	16	1850	112	-115	16	1850	112	-115	16	1850	112	-115	16	1850	112	-115	16	1850	112	-115	16	1850	112	-115	16	1850	112	-115	16	1850	112	-115	16	1850	112	-115	16	1850	112	-115	16	1850	112	-115	16	1850	112	-115	16	1850	112	-115	16	1850	112	-115	16	1850	112	-115	16	1850	112	-115	16	1850	112	-115	16	1850
113	-13	13	1863	113	-13	13	1863	113	-13	13	1863	113	-13	13	1863	113	-13	13	1863	113	-13	13	1863	113	-13	13	1863	113	-13	13	1863	113	-13	13	1863	113	-13	13	1863	113	-13	13	1863	113	-13	13	1863	113	-13	13	1863	113	-13	13	1863	113	-13	13	1863	113	-13	13	1863	113	-13	13	1863	113	-13	13	1863	113	-13	13	1863	113	-13	13	1863
114	-117	18	1881	114	-117	18	1881	114	-117	18	1881	114	-117	18	1881	114	-117	18	1881	114	-117	18	1881	114	-117	18	1881	114	-117	18	1881	114	-117	18	1881	114	-117	18	1881	114	-117	18	1881	114	-117	18	1881	114	-117	18	1881	114	-117	18	1881	114	-117	18	1881	114	-117	18	1881	114	-117	18	1881	114	-117	18	1881	114	-117	18	1881	114	-117	18	1881
115	-13	13	1894	115	-13	13	1894	115	-13	13	1894	115	-13	13	1894	115	-13	13	1894	115	-13	13	1894	115	-13	13	1894	115	-13	13	1894	115	-13	13	1894	115	-13	13	1894	115	-13	13	1894	115	-13	13	1894	115	-13	13	1894	115	-13	13	1894	115	-13	13	1894	115	-13	13	1894	115	-13	13	1894	115	-13	13	1894	115	-13	13	1894	115	-13	13	1894
116	-13	13	1907	116	-13	13	1907	116	-13	13	1907	116	-13	13	1907	116	-13	13	1907	116	-13	13	1907	116	-13	13	1907	116	-13	13	1907	116	-13	13	1907	116	-13	13	1907	116	-13	13	1907	116	-13	13	1907	116	-13	13	1907	116	-13	13	1907	116	-13	13	1907	116	-13	13	1907	116	-13	13	1907	116	-13	13	1907	116	-13	13	1907	116	-13	13	1907
117	-117	18	1925	117	-117	18	1925	117	-117	18	1925	117	-117	18	1925	117	-117	18	1925	117	-117	18	1925	117	-117	18	1925	117	-117	18	1925	117	-117	18	1925	117	-117	18	1925	117	-117	18	1925	117	-117	18	1925	117	-117	18	1925	117	-117	18	1925	117	-117	18	1925	117	-117	18	1925	117	-117	18	1925	117	-117	18	1925	117	-117	18	1925	117	-117	18	1925
118	-17	17	1942	118	-17	17	1942	118	-17	17	1942	118	-17	17	1942	118	-17	17	1942	118	-17	17	1942	118	-17	17	1942	118	-17	17	1942	118	-17	17	1942	118	-17	17	1942	118	-17	17	1942	118	-17	17	1942	118	-17	17	1942	118	-17	17	1942	118	-17	17	1942	118	-17	17	1942	118	-17	17	1942	118	-17	17	1942	118	-17	17	1942	118	-17	17	1942
119	-15	15	1957	119	-15	15	1957	119	-15	15	1957	119	-15	15	1957	119	-15	15	1957	119	-15	15	1957	119	-15	15	1957	119	-15	15	1957	119	-15	15	1957	119	-15	15	1957	119	-15	15	1957	119	-15	15	1957	119	-15	15	1957	119	-15	15	1957	119	-15	15	1957	119	-15	15	1957	119	-15	15	1957	119	-15	15	1957	119	-15	15	1957	119	-15	15	1957
120	-15	15	1972	120	-15	15	1972	120	-15	15	1972	120	-15	15	1972	120	-15	15	1972	120	-15	15	1972	120	-15	15	1972	120	-15	15	1972	120	-15	15	1972	120	-15	15	1972	120	-15	15	1972	120	-15	15	1972	120	-15	15	1972	120	-15	15	1972	120	-15	15	1972	120	-15	15	1972	120	-15	15	1972	120	-15	15	1972	120	-15	15	1972	120	-15	15	1972
121	-13	13	1985	121	-13	13	1985	121	-13	13	1985	121	-13	13	1985	121	-13	13	1985	121	-13	13	1985	121	-13	13	1985	121	-13	13	1985	121	-13	13	1985	121	-13	13	1985	121	-13	13	1985	121	-13	13	1985	121	-13	13	1985	121	-13	13	1985	121	-13	13	1985	121	-13	13	1985	121	-13	13	1985	121	-13	13	1985	121	-13	13	1985	121	-13	13	1985
122	-15	15	2000	122	-15	15	2000	122	-15	15	2000	122	-15	15	2000	122	-15	15	2000	122	-15	15	2000	122	-15	15	2000	122	-15	15	2000	122	-15	15	2000	122	-15	15	2000	122	-15	15	2000	122	-15	15	2000	122	-15	15	2000	122	-15	15	2000	122	-15	15	2000	122	-15	15	2000	122	-15	15	2000	122	-15	15	2000	122	-15	15	2000	122	-15	15	2000
123	-15	15	2015	123	-15	15	2015	123	-15	15	2015	123	-15	15	2015	123	-15	15	2015	123	-15	15	2015	123	-15	15	2015	123	-15	15	2015	123	-15	15	2015	123	-15	15	2015	123	-15	15	2015	123	-15	15	2015	123	-15	15	2015	123	-15	15	2015	123	-15	15	2015	123	-15	15	2015	123	-15	15	2015	123	-15	15	2015	123	-15	15	2015	123	-15	15	2015
124	-15	15	2030	124	-15	15	2030	124	-15	15	2030	124	-15	15	2030	124	-15	15	2030	124	-15	15	2030	124	-15	15	2030	124	-15	15	2030	124	-15	15	2030	124	-15	15	2030	124	-15	15	2030	124	-15	15	2030	124	-15	15	2030	124	-15	15	2030	124	-15	15	2030	124	-15	15	2030	124	-15	15	2030	124	-15	15	2030	124	-15	15	2030	124	-15	15	2030
125	-15	15	2045	125	-15	15	2045	125	-15	15	2045	125	-15	15	2045	125	-15	15	2045	125	-15	15	2045	125	-15	15	2045	125	-15	15	2045	125	-15	15	2045	125	-15	15	2045	125	-15	15	2045	125	-15	15	2045	125	-15	15	2045	125	-15	15	2045	125	-15	15	2045	125	-15	15	2045	125	-15	15	2045	125	-15	15	2045	125	-15	15	2045	125	-15	15	2045
126	-13	13	2058	126	-13	13	2058	126	-13	13	2058	126	-13	13	2058	126	-13	13	2058	126	-13	13	2058	126	-13	13	2058	126	-13	13	2058	126	-13	13	2058	126	-13	13	2058	126	-13	13	2058	126	-13	13	2058	126	-13	13	2058	126	-13	13	2058	126	-13	13	2058	126	-13	13	2058	126	-13	13	2058	126	-13	13	2058	126	-13	13	2058	126	-13	13	2058
127	-15	15	2073	127	-15	15	2073	127	-15	15	2073	127	-15	15	2073	127	-15	15	2073	127	-15	15	2073	127	-15	15	2073	127	-15	15	2073	127	-15	15	2073	127	-15	15	2073	127	-15	15	2073	127	-15	15	2073	127	-15	15	2073	127	-15	15	2073	127	-15	15	2073	127	-15	15	2073	127	-15	15	2073	127	-15	15	2073	127	-15	15	2073	127	-15	15	2073
128	-126	27	2100	128	-126	27	2100	128	-126	27	2100	128	-126	27	2100	128	-126	27	2100	128	-126	27	2100	128	-126	27	2100	128	-126	27	2100	128	-126	27	2100	128	-126	27	2100	128	-126	27	2100	128	-126	27	2100	128	-126	27	2100	128	-126	27	2100	128	-126	27	2100	128	-126	27	2100	128	-126	27	2100	128	-126	27	2100	128	-126	27	2100	128	-126	27	2100
129	-122	23	2123	129	-122	23	2123	129	-122	23	2123	129	-122	23	2123	129	-122	23	2123	129	-122	23	2123	129	-122	23	2123	129	-122	23	2123	129	-122	23	2123	129	-122	23	2123	129	-122	23	2123	129	-122	23	2123	129	-122	23	2123	129	-122	23	2123	129	-122	23	2123	129	-122	23	2123	129	-122	23	2123	129	-122	23	2123	129	-122	23	2123	129	-122	23	2123
130	-15	15	2138	130	-15	15	2138	130	-15	15	2138	130	-15	15	2138	130	-15	15	2138	130	-15	15	2138	130	-15	15	2138	130	-15	15	2138	130	-15	15	2138	130	-15	15	2138	130	-15	15	2138	130	-15	15	2138	130	-15	15	2138	130	-15	15	2138	130	-15	15	2138	130	-15	15	2138	130	-15	15	2138	130	-15	15	2138	130	-15	15	2138	130	-15	15	2138
131	-15	15	2153	131	-15	15	2153	131	-15	15	2153	131	-15	15	2153	131	-15	15	2153	131	-15	15	2153	131	-15	15	2153	131	-15	15	2153	131	-15	15	2153	131	-15	15	2153	131	-15	15	2153	131	-15	15	2153	131	-15	15	2153	131	-15	15	2153	131	-15	15	2153	131	-15	15	2153	131	-15	15	2153	131	-15	15	2153	131	-15	15	2153	131	-15	15	2153
132	-124	25	2178	132	-124	25	2178	132	-124	25	2178	132	-124	25	2178	132	-124	25	2178	132	-124	25	2178	132	-124	25	2178	132	-124	25	2178	132	-124	25	2178	132	-124	25	2178	132	-124	25	2178	132	-124	25	2178	132	-124	25	2178	132	-124	25	2178	132	-124	25	2178	132	-124	25	2178	132	-124	25	2178	132	-124	25	2178	132	-124	25	2178	132	-124	25	2178
133	-15	15	2193	133	-15	15	2193	133	-15	15	2193	133	-15	15	2193	133	-15	15	2193	133	-15	15	2193	133	-15	15	2193	133	-15	15	2193	133	-15	15	2193	133	-15	15	2193	133	-15	15	2193	133	-15	15	2193	133	-15	15	2193	133	-15	15	2193	133	-15	15	2193	133	-15	15	2193	133	-15	15	2193	133	-15	15	2193	133	-15	15	2193	133	-15	15	2193
134	-117	18	2211	134	-117	18	2211	134	-117	18	2211	134	-117	18	2211	134	-117	18	2211	134	-117	18	2211	134	-117	18	2211	134	-117	18	2211	134	-117	18	2211	134	-117	18	2211	134	-117	18	2211	134	-117	18	2211	134	-117	18	2211	134	-117	18	2211	134	-117	18	2211	134	-117	18	2211	134	-117	18	2211	134	-117	18	2211	134	-117	18	2211	134	-117	18	2211
135	-16	16	2227	135	-16	16	2227	135	-16	16	2227	135	-16	16	2227	135	-16	16	2227	135	-16	16	2227	135	-16	16	2227	135	-16	16	2227	135	-16	16	2227	135	-16	16	2227	135	-16	16	2227	135	-16	16	2227	135	-16	16	2227	135	-16	16	2227	135	-16	16	2227	135	-16	16	2227	135	-16	16	2227	135	-16	16	2227	135	-16	16	2227	135	-16	16	2227
136	-117	18	2245	136	-117	18	2245	136	-117	18	2245	136	-117	18	2245	136	-117	18	2245	136	-117	18	2245	136	-117	18	2245	136	-117	18	2245	136	-117	18	2245	136	-117	18	2245	136	-117	18	2245	136	-117	18	2245	136	-117	18	2245	136	-117	18	2245	136	-117	18	2245	136	-117	18	2245	136	-117	18	2245	136	-117	18	2245	136	-117	18	2245	136	-117	18	2245
137	-15	15	2260	137	-15	15	2260	137	-15	15	2260	137	-15	15	2260	137	-15	15	2260	137	-15	15	2260	137	-15	15	2260	137	-15	15	2260	137	-15	15	2260	137	-15	15	2260	137	-15	15	2260	137	-15	15	2260	137	-15	15	2260	137	-15	15	2260	137	-15	15	2260	137	-15	15	2260	137	-15	15	2260	137	-15	15	2260	137	-15	15	2260	137	-15	15	2260
138	-15	15	2275	138	-15	15	2275	138	-15	15	2275	138	-15	15	2275	138	-15	15	2275	138	-15	15	2275	138	-15	15	2275	138	-15	15	2275	138	-15	15	2275	138	-15	15	2275	138	-15	15	2275	138	-15	15	2275	138	-15	15	2275	138	-15	15	2275	138	-15	15	2275	138	-15	15	2275	138	-15	15	2275	138	-15	15	2275	138	-15	15	2275	138	-15	15	2275
139	-15	15	2290	139	-15	15	2290	139	-15	15	2290	139	-15	15	2290	139	-15	15	2290	139	-15	15	2290	139	-15	15	2290	139	-15	15	2290	139	-15	15	2290	139	-15	15	2290	139	-15	15	2290	139	-15	15	2290	139	-15	15	2290	139	-15	15	2290	139	-15	15	2290	139	-15	15	2290	139	-15	15	2290	139	-15	15	2290	139	-15	15	2290	139	-15	15	2290
140	-115	16	2306	140	-115	16	2306	140	-115	16	2306	140	-115	16	2306	140	-115	16	2306	140	-115	16	2306	140	-115	16	2306	140	-115	16	2306	140	-115	16	2306	140	-115	16	2306	140	-115	16	2306	140	-115	16	2306	140	-115	16	2306	140	-115	16	2306	140	-115	16	2306	140	-115	16	2306	140	-115	16	2306	140	-115	16	2306	140	-115	16	2306	140	-115	16	2306
141	-755	62	2368	141	-755	62	2368	141	-755	62	2368	141	-755	62	2368	141	-755	62	2368	141	-755	62	2368	141	-755	62	2368	141	-755	62	2368	141	-755	62	2368	141	-755	62	2368	141	-755	62	2368	141	-755	62	2368	141	-755	62	2368	141	-755	62	2368	141	-755	62	2368	141	-755	62	2368	141	-755	62	2368	141	-755	62	2368	141	-755	62	2368	141	-755	62	2368
142	-13	13	2381	142	-13	13	2381	142	-13	13	2381	142	-13	13	2381	142	-13	13	2381	142	-13	13	2381	142	-13	13	2381	142	-13	13	2381	142	-13	13	2381	142	-13	13	2381	142	-13	13	2381	142	-13	13	2381	142	-13	13	2381	142	-13	13	2381	142	-13	13	2381	142	-13	13	2381	142	-13	13	2381	142	-13	13	2381	142	-13	13	2381	142	-13	13	2381
143	-16	16	2397	143	-16	16	2397	143	-16	16	2397	143	-16	16	2397	143	-16	16	2397	143	-16	16	2397	143	-16	16	2397	143	-16	16	2397	143	-16	16	2397	143	-16	16	2397	143	-16	16	2397	143	-16	16	2397	143	-16	16	2397	143	-16	16	2397	143	-16	16	2397	143	-16	16	2397	143	-16	16	2397	143	-16	16	2397	143	-16	16	2397	143	-16	16	2397
144	-13	13	2410	144	-13	13	2410	144	-13	13	2410	144	-13	13	2410	144	-13	13	2410	144	-13	13	2410	144	-13	13	2410	144	-13	13	2410	144	-13	13	2410	144	-13	13	2410	144	-13	13	2410	144	-13	13	2410	144	-13	13	2410	144	-13	13	2410	144	-13	13	2410	144	-13	13	2410	144	-13	13	2410	144	-13	13	2410	144	-13	13	2410	144	-13	13	2410
145	-15	15	2425	145	-15	15	2425	145	-15	15	2425	145	-15	15	2425	145	-15	15	2425	145	-15	15	2425	145	-15	15	2425	145	-15	15	2425	145	-15	15	2425	145	-15	15	2425	145	-15	15	2425	145	-15	15	2425	145	-15	15	2425	145	-15	15	2425	145	-15	15	2425	145	-15	15	2425	145	-15	15	2425	145	-15	15	2425	145	-15	15	2425	145	-15	15	2425
146	-15	15	2440	146	-15	15	2440	146	-15	15	2440	146	-15	15	2440	146	-15	15	2440	146	-15	15	2440	146	-15	15	2440	146	-15	15	2440	146	-15	15	2440	146	-15	15	2440	146	-15	15	2440	146	-15	15	2440	146	-15	15	2440	146	-15	15	2440	146	-15	15	2440	146	-15	15	2440	146	-15	15	2440	146	-15	15	2440	146	-15	15	2440	146	-15	15	2440
147	-15	15	2455	147	-15	15	2455	147	-15	15	2455	147	-15	15	2455	147	-15	15	2455	147	-15	15	2455	147	-15	15	2455	147	-15	15	2455	147	-15	15	2455	147	-15	15	2455	147	-15	15	2455	147	-15	15	2455	147	-15	15	2455	147	-15	15	2455	147	-15	15	2455	147	-15	15	2455	147	-15	15	2455	147	-15	15	2455	147	-15	15	2455	147	-15	15	2455
148	-17	17	2472	148	-17	17	2472	148	-17	17	2472	148	-17	17	2472	148	-17	17	2472	148	-17	17	2472	148	-17	17	2472	148	-17	17	2472	148	-17	17	2472	148	-17	17	2472	148	-17	17	2472	148	-17	17	2472	148	-17	17	2472	148	-17	17	2472	148	-17	17	2472	148	-17	17	2472	148	-17	17	2472	148	-17	17	2472	148	-17	17	2472	148	-17	17	2472
149	-122	23	2495	149	-122	23	2495	149	-122	23	2495	149	-122	23	2495	149	-122	23	2495	149	-122	23	2495	149	-122	23	2495	149	-122	23	2495	149	-122	23	2495	149	-122	23	2495	149	-122	23	2495	149	-122	23	2495	149	-122	23	2495	149	-122	23	2495	149	-122	23	2495	149	-122	23	2495	149	-122	23	2495	149	-122	23	2495	149	-122	23	2495	149	-122	23	2495
150	-15	15	2510	150	-15	15	2510	150	-15	15	2510	150	-15	15	2510	150	-15	15	2510	150	-15	15	2510	150	-15	15	2510	150	-15	15	2510	150	-15	15	2510	150	-15	15	2510	150	-15	15	2510	150	-15	15	2510	150	-15	15	2510	150	-15	15	2510	150	-15	15	2510	150	-15	15	2510	150	-15	15	2510	150	-15	15	2510	150	-15	15	2510	150	-15	15	2510
151	-13	13	2523	151	-13	13	2523	151	-13	13	2523	151	-13	13	2523	151	-13	13	2523	151	-13	13	2523	151	-13	13	2523	151	-13	13	2523	151	-13	13	2523	151	-13	13	2523	151	-13	13	2523	151	-13	13	2523	151	-13	13	2523	151	-13	13	2523	151	-13	13	2523	151	-13	13	2523	151	-13	13	2523	151	-13	13	2523	151	-13	13	2523	151	-13	13	2523
152	-13	13	2536	152	-13	13	2536	152	-13	13	2536	152	-13	13	2536	152	-13	13	2536	152	-13	13	2536	152	-13	13	2536	152	-13	13	2536	152	-13	13	2536	152	-13	13	2536	152	-13	13	2536	152	-13	13	2536	152	-13	13	2536	152	-13	13	2536	152	-13	13	2536	152	-13	13	2536	152	-13	13	2536	152	-13	13	2536	152	-13	13	2536	152	-13	13	2536
153	-13	13	2549	153	-13	13	2549	153	-13	13	2549	153	-13	13	2549	153	-13	13	2549	153	-13	13	2549	153	-13	13	2549	153	-13	13	2549	153	-13	13	2549	153	-13	13	2549	153	-13	13	2549	153	-13	13	2549	153	-13	13	2549	153	-13	13	2549	153	-13	13	2549	153	-13	13	2549	153	-13	13	2549	153	-13	13	2549	153	-13	13	2549	153	-13	13	2549
154	-113	14	2563	154	-113	14	2563	154	-113	14	2563	154	-113	14	2563	154	-113	14	2563	154	-113	14	2563	154	-113	14	2563	154	-113	14	2563	154	-113	14	2563	154	-113	14	2563	154	-113	14	2563	154	-113	14	2563	154	-113	14	2563	154	-113	14	2563	154	-113	14	2563	154	-113	14	2563	154	-113	14	2563	154	-113	14	2563	154	-113	14	2563	154	-113	14	2563
155	-124	25	2588	155	-124	25	2588	155	-124	25	2588	155	-124	25	2588	155	-124	25	2588	155	-124	25	2588	155	-124	25	2588	155	-124	25	2588	155	-124	25	2588	155	-124	25	2588	155	-124	25	2588	155	-124	25	2588	155	-124	25	2588	155	-124	25	2588	155	-124	25	2588	155	-124	25	2588	155	-124	25	2588	155	-124	25	2588	155	-124	25	2588	155	-124	25	2588
156	-129	30	2618	156	-129	30	2618	156	-129	30	2618	156	-129	30	2618	156	-129	30	2618	156	-129	30	2618	156	-129	30	2618	156	-129	30	2618	156	-129	30	2618	156	-129	30	2618	156	-129	30	2618	156	-129	30	2618	156	-129	30	2618	156	-129	30	2618	156	-129	30	2618	156	-129	30	2618	156	-129	30	2618	156	-129	30	2618	156	-129	30	2618	156	-129	30	2618
157	-113	14	2632	157	-113	14	2632	157	-113	14	2632	157	-113	14	2632	157	-113	14	2632	157	-113	14	2632	157	-113	14	2632	157	-113	14	2632	157	-113	14	2632	157	-113	14	2632	157	-113	14	2632	157	-113	14	2632	157	-113	14	2632	157	-113	14	2632	157	-113	14	2632	157	-113	14	2632	157	-113	14	2632	157	-113	14	2632	157	-113	14	2632	157	-113	14	2632
158	-123	24	2656	158	-123	24	2656	158	-123	24	2656	158	-123	24	2656	158	-123	24	2656	158	-123	24	2656	158	-123	24	2656	158	-123	24	2656	158	-123	24	2656	158	-123	24	2656	158	-123	24	2656	158	-123	24	2656	158	-123	24	2656	158	-123	24	2656	158	-123	24	2656	158	-123	24	2656	158	-123	24	2656	158	-123	24	2656	158	-123	24	2656	158	-123	24	2656
159	-13	13	2669	159	-13	13	2669	159	-13	13	2669	159	-13	13	2669	159	-13	13	2669	159	-13	13	2669	159	-13	13	2669	159	-13	13	2669	159	-13	13	2669	159	-13	13	2669	159	-13	13	2669	159	-13	13	2669	159	-13	13	2669	159	-13	13	2669	159	-13	13	2669	159	-13	13	2669	159	-13	13	2669	159	-13	13	2669	159	-13	13	2669	159	-13	13	2669
160	-13	13	2682	160	-13	13	2682	160	-13	13	2682	160	-13	13	2682	160	-13	13	2682	160	-13	13	2682	160	-13	13	2682	160	-13	13	2682	160	-13	13	2682	160	-13	13	2682	160	-13	13	2682	160	-13	13	2682	160	-13	13	2682	160	-13	13	2682	160	-13	13	2682	160	-13	13	2682	160	-13	13	2682	160	-13	13	2682	160	-13	13	2682	160	-13	13	2682
161	-17	17	2699	161	-17	17	2699	161	-17	17	2699	161	-17	17	2699	161	-17	17	2699	161	-17	17	2699	161	-17	17	2699	161	-17	17	2699	161	-17	17	2699	161	-17	17	2699	161	-17	17	2699	161	-17	17	2699	161	-17	17	2699	161	-17	17	2699	161	-17	17	2699	161	-17	17	2699	161	-17	17	2699	161	-17	17	2699	161	-17	17	2699	161	-17	17	2699
162	-16	16	2715	162	-16	16	2715	162	-16	16	2715	162	-16	16	2715	162	-16	16	2715	162	-16	16	2715	162	-16	16	2715	162	-16	16	2715	162	-16	16	2715	162	-16	16	2715	162	-16	16	2715	162	-16	16	2715	162	-16	16	2715	162	-16	16	2715	162	-16	16	2715	162	-16	16	2715	162	-16	16	2715	162	-16	16	2715	162	-16	16	2715	162	-16	16	2715
163	-17	17	2732	163	-17	17	2732	163	-17	17	2732	163	-17	17	2732	163	-17	17	2732	163	-17	17	2732	163	-17	17	2732	163	-17	17	2732	163	-17	17	2732	163	-17	17	2732	163	-17	17	2732	163	-17	17	2732	163	-17	17	2732	163	-17	17	2732	163	-17	17	2732	163	-17	17	2732	163	-17	17	2732	163	-17	17	2732	163	-17	17	2732	163	-17	17	2732
164	-115	16	2748	164	-115	16	2748	164	-115	16	2748	164	-115	16	2748	164	-115	16	2748	164	-115	16	2748	164	-115	16	2748	164	-115	16	2748	164	-115	16	2748	164	-115	16	2748	164	-115	16	2748	164	-115	16	2748	164	-115	16	2748	164	-115	16	2748	164	-115	16	2748	164	-115	16	2748	164	-115	16	2748	164	-115	16	2748	164	-115	16	2748	164	-115	16	2748
165	-15	15	2763	165	-15	15	2763	165	-15	15	2763	165	-15	15	2763	165	-15	15	2763	165	-15	15	2763	165	-15	15	2763	165	-15	15	2763	165	-15	15	2763	165	-15	15	2763	165	-15	15	2763	165	-15	15	2763	165	-15	15	2763	165	-15	15	2763	165	-15	15	2763	165	-15	15	2763	165	-15	15	2763	165	-15	15	2763	165	-15	15	2763	165	-15	15	2763
166	-113	14	2777	166	-113	14	2777	166	-113	14	2777	166	-113	14	2777	166	-113	14	2777	166	-113	14	2777	166	-113	14	2777	166	-113	14	2777	166	-113	14	2777	166	-113	14	2777	166	-113	14	2777	166	-113	14	2777	166	-113	14	2777	166	-113	14	2777	166	-113	14	2777	166	-113	14	2777	166	-113	14	2777	166	-113	14	2777	166	-113	14	2777	166	-113	14	2777
167	-13	13	2790	167	-13	13	2790	167	-13	13	2790	167	-13	13	2790	167	-13	13	2790	167	-13	13	2790	167	-13	13	2790	167	-13	13	2790	167	-13	13	2790	167	-13	13	2790	167	-13	13	2790	167	-13	13	2790	167	-13	13	2790	167	-13	13	2790	167	-13	13	2790	167	-13	13	2790	167	-13	13	2790	167	-13	13	2790	167	-13	13	2790	167	-13	13	2790
168	-121	22	2812	168	-121	22	2812	168	-121	22	2812	168	-121	22	2812	168	-121	22	2812	168	-121	22	2812	168	-121	22	2812	168	-121	22	2812	168	-121	22	2812	168	-121	22	2812	168	-121	22	2812	168	-121	22	2812	168	-121	22	2812	168	-121	22	2812	168	-121	22	2812	168	-121	22	2812	168	-121	22	2812	168	-121	22	2812	168	-121	22	2812	168	-121	22	2812
169	-130	31	2843	169	-130	31	2843	169	-130	31	2843	169	-130	31	2843	169	-130	31	2843	169	-130	31	2843	169	-130	31	2843	169	-130	31	2843	169	-130	31	2843	169	-130	31	2843	169	-130	31	2843	169	-130	31	2843	169	-130	31	2843	169	-130	31	2843	169	-130	31	2843	169	-130	31	2843	169	-130	31	2843	169	-130	31	2843	169	-130	31	2843	169	-130	31	2843
170	-13	13	2856	170	-13	13	2856	170	-13	13	2856	170	-13	13	2856	170	-13	13	2856	170	-13	13	2856	170	-13	13	2856	170	-13	13	2856	170	-13	13	2856	170	-13	13	2856	170	-13	13	2856	170	-13	13	2856	170	-13	13	2856	170	-13	13	2856	170	-13	13	2856	170	-13	13	2856	170	-13	13	2856	170	-13	13	2856	170	-13	13	2856	170	-13	13	2856
171	-14	14	2870	171	-14	14	2870	171	-14	14	2870	171	-14	14	2870	171	-14	14	2870	171	-14	14	2870	171	-14	14	2870	171	-14	14	2870	171	-14	14	2870	171	-14	14	2870	171	-14	14	2870	171	-14	14	2870	171	-14	14	2870	171	-14	14	2870	171	-14	14	2870	171	-14	14	2870	171	-14	14	2870	171	-14	14	2870	171	-14	14	2870	171	-14	14	2870
172	-13	13	2883	172	-13	13	2883	172	-13	13	2883	172	-13	13	2883	172	-13	13	2883	172	-13	13	2883	172	-13	13	2883	172	-13	13	2883	172	-13	13	2883	172	-13	13	2883	172	-13	13	2883	172	-13	13	2883	172	-13	13	2883	172	-13	13	2883	172	-13	13	2883	172	-13	13	2883	172	-13	13	2883	172	-13	13	2883	172	-13	13	2883	172	-13	13	2883
173	-115	16	2899	173	-115	16	2899	173	-115	16	2899	173	-115	16	2899	173	-115	16	2899	173	-115	16	2899	173	-115	16	2899	173	-115	16	2899	173	-115	16	2899	173	-115	16	2899	173	-115	16	2899	173	-115	16	2899	173	-115	16	2899	173	-115	16	2899	173	-115	16	2899	173	-115	16	2899	173	-115	16	2899	173	-115	16	2899	173	-115	16	2899	173	-115	16	2899
174	-15	15	2914	174	-15	15	2914	174	-15	15	2914	174	-15	15	2914	174	-15	15	2914	174	-15	15	2914	174	-15	15	2914	174	-15	15	2914	174	-15	15	2914	174	-15	15	2914	174	-15	15	2914	174	-15	15	2914	174	-15	15	2914	174	-15	15	2914	174	-15	15	2914	174	-15	15	2914	174	-15	15	2914	174	-15	15	2914	174	-15	15	2914	174	-15	15	2914
175	-120	21	2935	175	-120	21	2935	175	-120	21	2935	175	-120	21	2935	175	-120	21	2935	175	-120	21	2935	175	-120	21	2935	175	-120	21	2935	175	-120	21	2935	175	-120	21	2935	175	-120	21	2935	175	-120	21	2935	175	-120	21	2935	175	-120	21	2935	175	-120	21	2935	175	-120	21	2935	175	-120	21	2935	175	-120	21	2935	175	-120	21	2935	175	-120	21	2935
176	-13	13	2948	176	-13	13	2948	176	-13	13	2948	176	-13	13	2948	176	-13	13	2948	176	-13	13	2948	176	-13	13	2948	176	-13	13	2948	176	-13	13	2948	176	-13	13	2948	176	-13	13	2948	176	-13	13	2948	176	-13	13	2948	176	-13	13	2948	176	-13	13	2948	176	-13	13	2948	176	-13	13	2948	176	-13	13	2948	176	-13	13	2948	176	-13	13	2948
177	-15	15	2963	177	-15	15	2963	177	-15	15	2963	177	-15	15	2963	177	-15	15	2963	177	-15	15	2963	177	-15	15	2963	177	-15	15	2963	177	-15	15	2963	177	-15	15	2963	177	-15	15	2963	177	-15	15	2963	177	-15	15	2963	177	-15	15	2963	177	-15	15	2963	177	-15	15	2963	177	-15	15	2963	177	-15	15	2963	177	-15	15	2963	177	-15	15	2963
178	-17	17	2980	178	-17	17	2980	178	-17	17	2980	178	-17	17	2980	178	-17	17	2980	178	-17	17	2980	178	-17	17	2980	178	-17	17	2980	178	-17	17	2980	178	-17	17	2980	178	-17	17	2980	178	-17	17	2980	178	-17	17	2980	178	-17	17	2980	178	-17	17	2980	178	-17	17	2980	178	-17	17	2980	178	-17	17	2980	178	-17	17	2980	178	-17	17	2980
179	-15	15	2995	179	-15	15	2995	179	-15	15	2995	179	-15	15	2995	179	-15	15	2995	179	-15	15	2995	179	-15	15	2995	179	-15	15	2995	179	-15	15	2995	179	-15	15	2995	179	-15	15	2995	179	-15	15	2995	179	-15	15	2995	179	-15	15	2995	179	-15	15	2995	179	-15	15	2995	179	-15	15	2995	179	-15	15	2995	179	-15	15	2995	179	-15	15	2995
180	-15	15	3010	180	-15	15	3010	180	-15	15	3010	180	-15	15	3010	180	-15	15	3010	180	-15	15	3010	180	-15	15	3010	180	-15	15	3010	180	-15	15	3010	180	-15	15	3010	180	-15	15	3010	180	-15	15	3010	180	-15	15	3010	180	-15	15	3010	180	-15	15	3010	180	-15	15	3010	180	-15	15	3010	180	-15	15	3010	180	-15	15	3010	180	-15	15	3010
181	-121	22	3032	181	-121	22	3032	181	-121	22	3032	181	-121	22	3032	181	-121	22	3032	181	-121	22	3032	181	-121	22	3032	181	-121	22	3032	181	-121	22	3032	181	-121	22	3032	181	-121	22	3032	181	-121	22	3032	181	-121	22	3032	181	-121	22	3032	181	-121	22	3032	181	-121	22	3032	181	-121	22	3032	181	-121	22	3032	181	-121	22	3032	181	-121	22	3032
182	-13	13	3045	182	-13	13	3045	182	-13	13	3045	182	-13	13	3045	182	-13	13	3045	182	-13	13	3045	182	-13	13	3045	182	-13	13	3045	182	-13	13	3045	182	-13	13	3045	182	-13	13	3045	182	-13	13	3045	182	-13	13	3045	182	-13	13	3045	182	-13	13	3045	182	-13	13	3045	182	-13	13	3045	182	-13	13	3045	182	-13	13	3045	182	-13	13	3045
183	-15	15	3060	183	-15	15	3060	183	-15	15	3060	183	-15	15	3060	183	-15	15	3060	183	-15	15	3060	183	-15	15	3060	183	-15	15	3060	183	-15	15	3060	183	-15	15	3060	183	-15	15	3060	183	-15	15	3060	183	-15	15	3060	183	-15	15	3060	183	-15	15	3060	183	-15	15	3060	183	-15	15	3060	183	-15	15	3060	183	-15	15	3060	183	-15	15	3060
184	-13	13	3073	184	-13	13	3073	184	-13	13	3073	184	-13	13	3073	184	-13	13	3073	184	-13	13	3073	184	-13	13	3073	184	-13	13	3073	184	-13	13	3073	184	-13	13	3073	184	-13	13	3073	184	-13	13	3073	184	-13	13	3073	184	-13	13	3073	184	-13	13	3073	184	-13	13	3073	184	-13	13	3073	184	-13	13	3073	184	-13	13	3073	184	-13	13	3073
185	-15	15	3088	185	-15	15	3088	185	-15	15	3088	185	-15	15	3088	185	-15	15	3088	185	-15	15	3088	185	-15	15	3088	185	-15	15	3088	185	-15	15	3088	185	-15	15	3088	185	-15	15	3088	185	-15	15	3088	185	-15	15	3088	185	-15	15	3088	185	-15	15	3088	185	-15	15	3088	185	-15	15	3088	185	-15	15	3088	185	-15	15	3088	185	-15	15	3088
186	-133	34	3122	186	-133	34	3122	186	-133	34	3122	186	-133	34	3122	186	-133	34	3122	186	-133	34	3122	186	-133	34	3122	186	-133	34	3122	186	-133	34	3122	186	-133	34	3122	186	-133	34	3122	186	-133	34	3122	186	-133	34	3122	186	-133	34	3122	186	-133	34	3122	186	-133	34	3122	186	-133	34	3122	186	-133	34	3122	186	-133	34	3122	186	-133	34	3122
187	-17	17	3139	187	-17	17	3139	187	-17	17	3139	187	-17	17	3139	187	-17	17	3139	187	-17	17	3139	187	-17	17	3139	187	-17	17	3139	187	-17	17	3139	187	-17	17	3139	187	-17	17	3139	187	-17	17	3139	187	-17	17	3139	187	-17	17	3139	187	-17	17	3139	187	-17	17	3139	187	-17	17	3139	187	-17	17	3139	187	-17	17	3139	187	-17	17	3139
188	-17	17	3156	188	-17	17	3156	188	-17	17	3156	188	-17	17	3156	188	-17	17	3156	188	-17	17	3156	188	-17	17	3156	188	-17	17	3156	188	-17	17	3156	188	-17	17	3156	188	-17	17	3156	188	-17	17	3156	188	-17	17	3156	188	-17	17	3156	188	-17	17	3156	188	-17	17	3156	188	-17	17	3156	188	-17	17	3156	188	-17	17	3156	188	-17	17	3156
189	-17	17	3173	189	-17	17	3173	189	-17	17	3173	189	-17	17	3173	189	-17	17	3173	189	-17	17	3173	189	-17	17	3173	189	-17	17	3173	189	-17	17	3173	189	-17	17	3173	189	-17	17	3173	189	-17	17	3173	189	-17	17	3173	189	-17	17	3173	189	-17	17	3173	189	-17	17	3173	189	-17	17	3173	189	-17	17	3173	189	-17	17	3173	189	-17	17	3173
190	-121	22	3195	190	-121	22	3195	190	-121	22	3195	190	-121	22	3195	190	-121	22	3195	190	-121	22	3195	190	-121	22	3195	190	-121	22	3195	190	-121	22	3195	190	-121	22	3195	190	-121	22	3195	190	-121	22	3195	190	-121	22	3195	190	-121	22	3195	190	-121	22	3195	190	-121	22	3195	190	-121	22	3195	190	-121	22	3195	190	-121	22	3195	190	-121	22	3195
191	-13	13	3208	191	-13	13	3208	191	-13	13	3208	191	-13	13	3208	191	-13	13	3208	191	-13	13	3208	191	-13	13	3208	191	-13	13	3208	191	-13	13	3208	191	-13	13	3208	191	-13	13	3208	191	-13	13	3208	191	-13	13	3208	191	-13	13	3208	191	-13	13	3208	191	-13	13	3208	191	-13	13	3208	191	-13	13	3208	191	-13	13	3208	191	-13	13	3208
192	-13	13	3221	192	-13	13	3221	192	-13	13	3221	192	-13	13	3221	192	-13	13	3221	192	-13	13	3221	192	-13	13	3221	192	-13	13	3221	192	-13	13	3221	192	-13	13	3221	192	-13	13	3221	192	-13	13	3221	192	-13	13	3221	192	-13	13	3221	192	-13	13	3221	192	-13	13	3221	192	-13	13	3221	192	-13	13	3221	192	-13	13	3221	192	-13	13	3221
193	-15	15	3236	193	-15	15	3236	193	-15	15	3236	193	-15	15	3236	193	-15	15	3236	193	-15	15	3236	193	-15	15	3236	193	-15	15	3236	193	-15	15	3236	193	-15	15	3236	193	-15	15	3236	193	-15	15	3236	193	-15	15	3236	193	-15	15	3236	193	-15	15	3236	193	-15	15	3236	193	-15	15	3236	193	-15	15	3236	193	-15	15	3236	193	-15	15	3236
194	-15	15	3251	194	-15	15	3251	194	-15	15	3251	194	-15	15	3251	194	-15	15	3251	194	-15	15	3251	194	-15	15	3251	194	-15	15	3251	194	-15	15	3251	194	-15	15	3251	194	-15	15	3251	194	-15	15	3251	194	-15	15	3251	194	-15	15	3251	194	-15	15	3251	194	-15	15	3251	194	-15	15	3251	194	-15	15	3251	194	-15	15	3251	194	-15	15	3251
195	-15	15	3266	195	-15	15	3266	195	-15	15	3266	195	-15	15	3266	195	-15	15	3266	195	-15	15	3266	195	-15	15	3266	195	-15	15	3266	195	-15	15	3266	195	-15	15	3266	195	-15	15	3266	195	-15	15	3266	195	-15	15	3266	195	-15	15	3266	195	-15	15	3266	195	-15	15	3266	195	-15	15	3266	195	-15	15	3266	195	-15	15	3266	195	-15	15	3266
196	-15	15	3281	196	-15	15	3281	196	-15	15	3281	196	-15	15	3281	196	-15	15	3281	196	-15	15	3281	196	-15	15	3281	196	-15	15	3281	196	-15	15	3281	196	-15	15	3281	196	-15	15	3281	196	-15	15	3281	196	-15	15	3281	196	-15	15	3281	196	-15	15	3281	196	-15	15	3281	196	-15	15	3281	196	-15	15	3281	196	-15	15	3281	196	-15	15	3281
197	-19	19	3300	197	-19	19	3300	197	-19	19	3300	197	-19	19	3300	197	-19	19	3300	197	-19	19	3300	197	-19	19	3300	197	-19	19	3300	197	-19	19	3300	197	-19	19	3300	197	-19	19	3300	197	-19	19	3300	197	-19	19	3300	197	-19	19	3300	197	-19	19	3300	197	-19	19	3300	197	-19	19	3300	197	-19	19	3300	197	-19	19	3300	197	-19	19	3300
198	-15	15	3315	198	-15	15	3315	198	-15	15	3315	198	-15	15	3315	198	-15	15	3315	198	-15	15	3315	198	-15	15	3315	198	-15	15	3315	198	-15	15	3315	198	-15	15	3315	198	-15	15	3315	198	-15	15	3315	198	-15	15	3315	198	-15	15	3315	198	-15	15	3315	198	-15	15	3315	198	-15	15	3315	198	-15	15	3315	198	-15	15	3315	198	-15	15	3315
199	-15	15	3330	199	-15	15	3330	199	-15	15	3330	199	-15	15	3330	199	-15	15	3330	199	-15	15	3330	199	-15	15	3330	199	-15	15	3330	199	-15	15	3330	199	-15	15	3330	199	-15	15	3330	199	-15	15	3330	199	-15	15	3330	199	-15	15	3330	199	-15	15	3330	199	-15	15	3330	199	-15	15	3330	199	-15	15	3330	199	-15	15	3330	199	-15	15	3330
