Episode	Accumulated Reward	Length	Steps	Episode	Accumulated Reward	Length	Steps	Episode	Accumulated Reward	Length	Steps	Episode	Accumulated Reward	Length	Steps	Episode	Accumulated Reward	Length	Steps	Episode	Accumulated Reward	Length	Steps	Episode	Accumulated Reward	Length	Steps	Episode	Accumulated Reward	Length	Steps	Episode	Accumulated Reward	Length	Steps	Episode	Accumulated Reward	Length	Steps	Episode	Accumulated Reward	Length	Steps
0	-15	15	15	0	-15	15	15	0	-15	15	15	0	-15	15	15	0	-15	15	15	0	-15	15	15	0	-15	15	15	0	-15	15	15	0	-15	15	15	0	-15	15	15	0	-15	15	15
1	-15	15	30	1	-15	15	30	1	-15	15	30	1	-15	15	30	1	-15	15	30	1	-15	15	30	1	-15	15	30	1	-15	15	30	1	-15	15	30	1	-15	15	30	1	-15	15	30
2	-13	13	43	2	-13	13	43	2	-13	13	43	2	-13	13	43	2	-13	13	43	2	-13	13	43	2	-13	13	43	2	-13	13	43	2	-13	13	43	2	-13	13	43	2	-13	13	43
3	-15	15	58	3	-15	15	58	3	-15	15	58	3	-15	15	58	3	-15	15	58	3	-15	15	58	3	-15	15	58	3	-15	15	58	3	-15	15	58	3	-15	15	58	3	-15	15	58
4	-13	13	71	4	-13	13	71	4	-13	13	71	4	-13	13	71	4	-13	13	71	4	-13	13	71	4	-13	13	71	4	-13	13	71	4	-13	13	71	4	-13	13	71	4	-13	13	71
5	-13	13	84	5	-13	13	84	5	-13	13	84	5	-13	13	84	5	-13	13	84	5	-13	13	84	5	-13	13	84	5	-13	13	84	5	-13	13	84	5	-13	13	84	5	-13	13	84
6	-14	14	98	6	-14	14	98	6	-14	14	98	6	-14	14	98	6	-14	14	98	6	-14	14	98	6	-14	14	98	6	-14	14	98	6	-14	14	98	6	-14	14	98	6	-14	14	98
7	-13	13	111	7	-13	13	111	7	-13	13	111	7	-13	13	111	7	-13	13	111	7	-13	13	111	7	-13	13	111	7	-13	13	111	7	-13	13	111	7	-13	13	111	7	-13	13	111
8	-15	15	126	8	-15	15	126	8	-15	15	126	8	-15	15	126	8	-15	15	126	8	-15	15	126	8	-15	15	126	8	-15	15	126	8	-15	15	126	8	-15	15	126	8	-15	15	126
9	-13	13	139	9	-13	13	139	9	-13	13	139	9	-13	13	139	9	-13	13	139	9	-13	13	139	9	-13	13	139	9	-13	13	139	9	-13	13	139	9	-13	13	139	9	-13	13	139
10	-17	17	156	10	-17	17	156	10	-17	17	156	10	-17	17	156	10	-17	17	156	10	-17	17	156	10	-17	17	156	10	-17	17	156	10	-17	17	156	10	-17	17	156	10	-17	17	156
11	-15	15	171	11	-15	15	171	11	-15	15	171	11	-15	15	171	11	-15	15	171	11	-15	15	171	11	-15	15	171	11	-15	15	171	11	-15	15	171	11	-15	15	171	11	-15	15	171
12	-17	17	188	12	-17	17	188	12	-17	17	188	12	-17	17	188	12	-17	17	188	12	-17	17	188	12	-17	17	188	12	-17	17	188	12	-17	17	188	12	-17	17	188	12	-17	17	188
13	-13	13	201	13	-13	13	201	13	-13	13	201	13	-13	13	201	13	-13	13	201	13	-13	13	201	13	-13	13	201	13	-13	13	201	13	-13	13	201	13	-13	13	201	13	-13	13	201
14	-13	13	214	14	-13	13	214	14	-13	13	214	14	-13	13	214	14	-13	13	214	14	-13	13	214	14	-13	13	214	14	-13	13	214	14	-13	13	214	14	-13	13	214	14	-13	13	214
15	-119	20	234	15	-119	20	234	15	-119	20	234	15	-119	20	234	15	-119	20	234	15	-119	20	234	15	-119	20	234	15	-119	20	234	15	-119	20	234	15	-119	20	234	15	-119	20	234
16	-13	13	247	16	-13	13	247	16	-13	13	247	16	-13	13	247	16	-13	13	247	16	-13	13	247	16	-13	13	247	16	-13	13	247	16	-13	13	247	16	-13	13	247	16	-13	13	247
17	-13	13	260	17	-13	13	260	17	-13	13	260	17	-13	13	260	17	-13	13	260	17	-13	13	260	17	-13	13	260	17	-13	13	260	17	-13	13	260	17	-13	13	260	17	-13	13	260
18	-15	15	275	18	-15	15	275	18	-15	15	275	18	-15	15	275	18	-15	15	275	18	-15	15	275	18	-15	15	275	18	-15	15	275	18	-15	15	275	18	-15	15	275	18	-15	15	275
19	-17	17	292	19	-17	17	292	19	-17	17	292	19	-17	17	292	19	-17	17	292	19	-17	17	292	19	-17	17	292	19	-17	17	292	19	-17	17	292	19	-17	17	292	19	-17	17	292
20	-13	13	305	20	-13	13	305	20	-13	13	305	20	-13	13	305	20	-13	13	305	20	-13	13	305	20	-13	13	305	20	-13	13	305	20	-13	13	305	20	-13	13	305	20	-13	13	305
21	-13	13	318	21	-13	13	318	21	-13	13	318	21	-13	13	318	21	-13	13	318	21	-13	13	318	21	-13	13	318	21	-13	13	318	21	-13	13	318	21	-13	13	318	21	-13	13	318
22	-122	23	341	22	-122	23	341	22	-122	23	341	22	-122	23	341	22	-122	23	341	22	-122	23	341	22	-122	23	341	22	-122	23	341	22	-122	23	341	22	-122	23	341	22	-122	23	341
23	-13	13	354	23	-13	13	354	23	-13	13	354	23	-13	13	354	23	-13	13	354	23	-13	13	354	23	-13	13	354	23	-13	13	354	23	-13	13	354	23	-13	13	354	23	-13	13	354
24	-13	13	367	24	-13	13	367	24	-13	13	367	24	-13	13	367	24	-13	13	367	24	-13	13	367	24	-13	13	367	24	-13	13	367	24	-13	13	367	24	-13	13	367	24	-13	13	367
25	-15	15	382	25	-15	15	382	25	-15	15	382	25	-15	15	382	25	-15	15	382	25	-15	15	382	25	-15	15	382	25	-15	15	382	25	-15	15	382	25	-15	15	382	25	-15	15	382
26	-17	17	399	26	-17	17	399	26	-17	17	399	26	-17	17	399	26	-17	17	399	26	-17	17	399	26	-17	17	399	26	-17	17	399	26	-17	17	399	26	-17	17	399	26	-17	17	399
27	-18	18	417	27	-18	18	417	27	-18	18	417	27	-18	18	417	27	-18	18	417	27	-18	18	417	27	-18	18	417	27	-18	18	417	27	-18	18	417	27	-18	18	417	27	-18	18	417
28	-13	13	430	28	-13	13	430	28	-13	13	430	28	-13	13	430	28	-13	13	430	28	-13	13	430	28	-13	13	430	28	-13	13	430	28	-13	13	430	28	-13	13	430	28	-13	13	430
29	-13	13	443	29	-13	13	443	29	-13	13	443	29	-13	13	443	29	-13	13	443	29	-13	13	443	29	-13	13	443	29	-13	13	443	29	-13	13	443	29	-13	13	443	29	-13	13	443
30	-15	15	458	30	-15	15	458	30	-15	15	458	30	-15	15	458	30	-15	15	458	30	-15	15	458	30	-15	15	458	30	-15	15	458	30	-15	15	458	30	-15	15	458	30	-15	15	458
31	-121	22	480	31	-121	22	480	31	-121	22	480	31	-121	22	480	31	-121	22	480	31	-121	22	480	31	-121	22	480	31	-121	22	480	31	-121	22	480	31	-121	22	480	31	-121	22	480
32	-13	13	493	32	-13	13	493	32	-13	13	493	32	-13	13	493	32	-13	13	493	32	-13	13	493	32	-13	13	493	32	-13	13	493	32	-13	13	493	32	-13	13	493	32	-13	13	493
33	-13	13	506	33	-13	13	506	33	-13	13	506	33	-13	13	506	33	-13	13	506	33	-13	13	506	33	-13	13	506	33	-13	13	506	33	-13	13	506	33	-13	13	506	33	-13	13	506
34	-13	13	519	34	-13	13	519	34	-13	13	519	34	-13	13	519	34	-13	13	519	34	-13	13	519	34	-13	13	519	34	-13	13	519	34	-13	13	519	34	-13	13	519	34	-13	13	519
35	-13	13	532	35	-13	13	532	35	-13	13	532	35	-13	13	532	35	-13	13	532	35	-13	13	532	35	-13	13	532	35	-13	13	532	35	-13	13	532	35	-13	13	532	35	-13	13	532
36	-13	13	545	36	-13	13	545	36	-13	13	545	36	-13	13	545	36	-13	13	545	36	-13	13	545	36	-13	13	545	36	-13	13	545	36	-13	13	545	36	-13	13	545	36	-13	13	545
37	-17	17	562	37	-17	17	562	37	-17	17	562	37	-17	17	562	37	-17	17	562	37	-17	17	562	37	-17	17	562	37	-17	17	562	37	-17	17	562	37	-17	17	562	37	-17	17	562
38	-13	13	575	38	-13	13	575	38	-13	13	575	38	-13	13	575	38	-13	13	575	38	-13	13	575	38	-13	13	575	38	-13	13	575	38	-13	13	575	38	-13	13	575	38	-13	13	575
39	-19	19	594	39	-19	19	594	39	-19	19	594	39	-19	19	594	39	-19	19	594	39	-19	19	594	39	-19	19	594	39	-19	19	594	39	-19	19	594	39	-19	19	594	39	-19	19	594
40	-15	15	609	40	-15	15	609	40	-15	15	609	40	-15	15	609	40	-15	15	609	40	-15	15	609	40	-15	15	609	40	-15	15	609	40	-15	15	609	40	-15	15	609	40	-15	15	609
41	-13	13	622	41	-13	13	622	41	-13	13	622	41	-13	13	622	41	-13	13	622	41	-13	13	622	41	-13	13	622	41	-13	13	622	41	-13	13	622	41	-13	13	622	41	-13	13	622
42	-14	14	636	42	-14	14	636	42	-14	14	636	42	-14	14	636	42	-14	14	636	42	-14	14	636	42	-14	14	636	42	-14	14	636	42	-14	14	636	42	-14	14	636	42	-14	14	636
43	-15	15	651	43	-15	15	651	43	-15	15	651	43	-15	15	651	43	-15	15	651	43	-15	15	651	43	-15	15	651	43	-15	15	651	43	-15	15	651	43	-15	15	651	43	-15	15	651
44	-17	17	668	44	-17	17	668	44	-17	17	668	44	-17	17	668	44	-17	17	668	44	-17	17	668	44	-17	17	668	44	-17	17	668	44	-17	17	668	44	-17	17	668	44	-17	17	668
45	-14	14	682	45	-14	14	682	45	-14	14	682	45	-14	14	682	45	-14	14	682	45	-14	14	682	45	-14	14	682	45	-14	14	682	45	-14	14	682	45	-14	14	682	45	-14	14	682
46	-15	15	697	46	-15	15	697	46	-15	15	697	46	-15	15	697	46	-15	15	697	46	-15	15	697	46	-15	15	697	46	-15	15	697	46	-15	15	697	46	-15	15	697	46	-15	15	697
47	-15	15	712	47	-15	15	712	47	-15	15	712	47	-15	15	712	47	-15	15	712	47	-15	15	712	47	-15	15	712	47	-15	15	712	47	-15	15	712	47	-15	15	712	47	-15	15	712
48	-17	17	729	48	-17	17	729	48	-17	17	729	48	-17	17	729	48	-17	17	729	48	-17	17	729	48	-17	17	729	48	-17	17	729	48	-17	17	729	48	-17	17	729	48	-17	17	729
49	-15	15	744	49	-15	15	744	49	-15	15	744	49	-15	15	744	49	-15	15	744	49	-15	15	744	49	-15	15	744	49	-15	15	744	49	-15	15	744	49	-15	15	744	49	-15	15	744
50	-119	20	764	50	-119	20	764	50	-119	20	764	50	-119	20	764	50	-119	20	764	50	-119	20	764	50	-119	20	764	50	-119	20	764	50	-119	20	764	50	-119	20	764	50	-119	20	764
51	-124	25	789	51	-124	25	789	51	-124	25	789	51	-124	25	789	51	-124	25	789	51	-124	25	789	51	-124	25	789	51	-124	25	789	51	-124	25	789	51	-124	25	789	51	-124	25	789
52	-16	16	805	52	-16	16	805	52	-16	16	805	52	-16	16	805	52	-16	16	805	52	-16	16	805	52	-16	16	805	52	-16	16	805	52	-16	16	805	52	-16	16	805	52	-16	16	805
53	-13	13	818	53	-13	13	818	53	-13	13	818	53	-13	13	818	53	-13	13	818	53	-13	13	818	53	-13	13	818	53	-13	13	818	53	-13	13	818	53	-13	13	818	53	-13	13	818
54	-23	23	841	54	-23	23	841	54	-23	23	841	54	-23	23	841	54	-23	23	841	54	-23	23	841	54	-23	23	841	54	-23	23	841	54	-23	23	841	54	-23	23	841	54	-23	23	841
55	-117	18	859	55	-117	18	859	55	-117	18	859	55	-117	18	859	55	-117	18	859	55	-117	18	859	55	-117	18	859	55	-117	18	859	55	-117	18	859	55	-117	18	859	55	-117	18	859
56	-13	13	872	56	-13	13	872	56	-13	13	872	56	-13	13	872	56	-13	13	872	56	-13	13	872	56	-13	13	872	56	-13	13	872	56	-13	13	872	56	-13	13	872	56	-13	13	872
57	-13	13	885	57	-13	13	885	57	-13	13	885	57	-13	13	885	57	-13	13	885	57	-13	13	885	57	-13	13	885	57	-13	13	885	57	-13	13	885	57	-13	13	885	57	-13	13	885
58	-14	14	899	58	-14	14	899	58	-14	14	899	58	-14	14	899	58	-14	14	899	58	-14	14	899	58	-14	14	899	58	-14	14	899	58	-14	14	899	58	-14	14	899	58	-14	14	899
59	-119	20	919	59	-119	20	919	59	-119	20	919	59	-119	20	919	59	-119	20	919	59	-119	20	919	59	-119	20	919	59	-119	20	919	59	-119	20	919	59	-119	20	919	59	-119	20	919
60	-13	13	932	60	-13	13	932	60	-13	13	932	60	-13	13	932	60	-13	13	932	60	-13	13	932	60	-13	13	932	60	-13	13	932	60	-13	13	932	60	-13	13	932	60	-13	13	932
61	-13	13	945	61	-13	13	945	61	-13	13	945	61	-13	13	945	61	-13	13	945	61	-13	13	945	61	-13	13	945	61	-13	13	945	61	-13	13	945	61	-13	13	945	61	-13	13	945
62	-16	16	961	62	-16	16	961	62	-16	16	961	62	-16	16	961	62	-16	16	961	62	-16	16	961	62	-16	16	961	62	-16	16	961	62	-16	16	961	62	-16	16	961	62	-16	16	961
63	-223	25	986	63	-223	25	986	63	-223	25	986	63	-223	25	986	63	-223	25	986	63	-223	25	986	63	-223	25	986	63	-223	25	986	63	-223	25	986	63	-223	25	986	63	-223	25	986
64	-13	13	999	64	-13	13	999	64	-13	13	999	64	-13	13	999	64	-13	13	999	64	-13	13	999	64	-13	13	999	64	-13	13	999	64	-13	13	999	64	-13	13	999	64	-13	13	999
65	-15	15	1014	65	-15	15	1014	65	-15	15	1014	65	-15	15	1014	65	-15	15	1014	65	-15	15	1014	65	-15	15	1014	65	-15	15	1014	65	-15	15	1014	65	-15	15	1014	65	-15	15	1014
66	-13	13	1027	66	-13	13	1027	66	-13	13	1027	66	-13	13	1027	66	-13	13	1027	66	-13	13	1027	66	-13	13	1027	66	-13	13	1027	66	-13	13	1027	66	-13	13	1027	66	-13	13	1027
67	-13	13	1040	67	-13	13	1040	67	-13	13	1040	67	-13	13	1040	67	-13	13	1040	67	-13	13	1040	67	-13	13	1040	67	-13	13	1040	67	-13	13	1040	67	-13	13	1040	67	-13	13	1040
68	-13	13	1053	68	-13	13	1053	68	-13	13	1053	68	-13	13	1053	68	-13	13	1053	68	-13	13	1053	68	-13	13	1053	68	-13	13	1053	68	-13	13	1053	68	-13	13	1053	68	-13	13	1053
69	-13	13	1066	69	-13	13	1066	69	-13	13	1066	69	-13	13	1066	69	-13	13	1066	69	-13	13	1066	69	-13	13	1066	69	-13	13	1066	69	-13	13	1066	69	-13	13	1066	69	-13	13	1066
70	-13	13	1079	70	-13	13	1079	70	-13	13	1079	70	-13	13	1079	70	-13	13	1079	70	-13	13	1079	70	-13	13	1079	70	-13	13	1079	70	-13	13	1079	70	-13	13	1079	70	-13	13	1079
71	-18	18	1097	71	-18	18	1097	71	-18	18	1097	71	-18	18	1097	71	-18	18	1097	71	-18	18	1097	71	-18	18	1097	71	-18	18	1097	71	-18	18	1097	71	-18	18	1097	71	-18	18	1097
72	-16	16	1113	72	-16	16	1113	72	-16	16	1113	72	-16	16	1113	72	-16	16	1113	72	-16	16	1113	72	-16	16	1113	72	-16	16	1113	72	-16	16	1113	72	-16	16	1113	72	-16	16	1113
73	-126	27	1140	73	-126	27	1140	73	-126	27	1140	73	-126	27	1140	73	-126	27	1140	73	-126	27	1140	73	-126	27	1140	73	-126	27	1140	73	-126	27	1140	73	-126	27	1140	73	-126	27	1140
74	-17	17	1157	74	-17	17	1157	74	-17	17	1157	74	-17	17	1157	74	-17	17	1157	74	-17	17	1157	74	-17	17	1157	74	-17	17	1157	74	-17	17	1157	74	-17	17	1157	74	-17	17	1157
75	-15	15	1172	75	-15	15	1172	75	-15	15	1172	75	-15	15	1172	75	-15	15	1172	75	-15	15	1172	75	-15	15	1172	75	-15	15	1172	75	-15	15	1172	75	-15	15	1172	75	-15	15	1172
76	-17	17	1189	76	-17	17	1189	76	-17	17	1189	76	-17	17	1189	76	-17	17	1189	76	-17	17	1189	76	-17	17	1189	76	-17	17	1189	76	-17	17	1189	76	-17	17	1189	76	-17	17	1189
77	-13	13	1202	77	-13	13	1202	77	-13	13	1202	77	-13	13	1202	77	-13	13	1202	77	-13	13	1202	77	-13	13	1202	77	-13	13	1202	77	-13	13	1202	77	-13	13	1202	77	-13	13	1202
78	-15	15	1217	78	-15	15	1217	78	-15	15	1217	78	-15	15	1217	78	-15	15	1217	78	-15	15	1217	78	-15	15	1217	78	-15	15	1217	78	-15	15	1217	78	-15	15	1217	78	-15	15	1217
79	-115	16	1233	79	-115	16	1233	79	-115	16	1233	79	-115	16	1233	79	-115	16	1233	79	-115	16	1233	79	-115	16	1233	79	-115	16	1233	79	-115	16	1233	79	-115	16	1233	79	-115	16	1233
80	-123	24	1257	80	-123	24	1257	80	-123	24	1257	80	-123	24	1257	80	-123	24	1257	80	-123	24	1257	80	-123	24	1257	80	-123	24	1257	80	-123	24	1257	80	-123	24	1257	80	-123	24	1257
81	-13	13	1270	81	-13	13	1270	81	-13	13	1270	81	-13	13	1270	81	-13	13	1270	81	-13	13	1270	81	-13	13	1270	81	-13	13	1270	81	-13	13	1270	81	-13	13	1270	81	-13	13	1270
82	-13	13	1283	82	-13	13	1283	82	-13	13	1283	82	-13	13	1283	82	-13	13	1283	82	-13	13	1283	82	-13	13	1283	82	-13	13	1283	82	-13	13	1283	82	-13	13	1283	82	-13	13	1283
83	-13	13	1296	83	-13	13	1296	83	-13	13	1296	83	-13	13	1296	83	-13	13	1296	83	-13	13	1296	83	-13	13	1296	83	-13	13	1296	83	-13	13	1296	83	-13	13	1296	83	-13	13	1296
84	-17	17	1313	84	-17	17	1313	84	-17	17	1313	84	-17	17	1313	84	-17	17	1313	84	-17	17	1313	84	-17	17	1313	84	-17	17	1313	84	-17	17	1313	84	-17	17	1313	84	-17	17	1313
85	-16	16	1329	85	-16	16	1329	85	-16	16	1329	85	-16	16	1329	85	-16	16	1329	85	-16	16	1329	85	-16	16	1329	85	-16	16	1329	85	-16	16	1329	85	-16	16	1329	85	-16	16	1329
86	-17	17	1346	86	-17	17	1346	86	-17	17	1346	86	-17	17	1346	86	-17	17	1346	86	-17	17	1346	86	-17	17	1346	86	-17	17	1346	86	-17	17	1346	86	-17	17	1346	86	-17	17	1346
87	-13	13	1359	87	-13	13	1359	87	-13	13	1359	87	-13	13	1359	87	-13	13	1359	87	-13	13	1359	87	-13	13	1359	87	-13	13	1359	87	-13	13	1359	87	-13	13	1359	87	-13	13	1359
88	-14	14	1373	88	-14	14	1373	88	-14	14	1373	88	-14	14	1373	88	-14	14	1373	88	-14	14	1373	88	-14	14	1373	88	-14	14	1373	88	-14	14	1373	88	-14	14	1373	88	-14	14	1373
89	-230	32	1405	89	-230	32	1405	89	-230	32	1405	89	-230	32	1405	89	-230	32	1405	89	-230	32	1405	89	-230	32	1405	89	-230	32	1405	89	-230	32	1405	89	-230	32	1405	89	-230	32	1405
90	-14	14	1419	90	-14	14	1419	90	-14	14	1419	90	-14	14	1419	90	-14	14	1419	90	-14	14	1419	90	-14	14	1419	90	-14	14	1419	90	-14	14	1419	90	-14	14	1419	90	-14	14	1419
91	-118	19	1438	91	-118	19	1438	91	-118	19	1438	91	-118	19	1438	91	-118	19	1438	91	-118	19	1438	91	-118	19	1438	91	-118	19	1438	91	-118	19	1438	91	-118	19	1438	91	-118	19	1438
92	-15	15	1453	92	-15	15	1453	92	-15	15	1453	92	-15	15	1453	92	-15	15	1453	92	-15	15	1453	92	-15	15	1453	92	-15	15	1453	92	-15	15	1453	92	-15	15	1453	92	-15	15	1453
93	-13	13	1466	93	-13	13	1466	93	-13	13	1466	93	-13	13	1466	93	-13	13	1466	93	-13	13	1466	93	-13	13	1466	93	-13	13	1466	93	-13	13	1466	93	-13	13	1466	93	-13	13	1466
94	-13	13	1479	94	-13	13	1479	94	-13	13	1479	94	-13	13	1479	94	-13	13	1479	94	-13	13	1479	94	-13	13	1479	94	-13	13	1479	94	-13	13	1479	94	-13	13	1479	94	-13	13	1479
95	-227	29	1508	95	-227	29	1508	95	-227	29	1508	95	-227	29	1508	95	-227	29	1508	95	-227	29	1508	95	-227	29	1508	95	-227	29	1508	95	-227	29	1508	95	-227	29	1508	95	-227	29	1508
96	-13	13	1521	96	-13	13	1521	96	-13	13	1521	96	-13	13	1521	96	-13	13	1521	96	-13	13	1521	96	-13	13	1521	96	-13	13	1521	96	-13	13	1521	96	-13	13	1521	96	-13	13	1521
97	-124	25	1546	97	-124	25	1546	97	-124	25	1546	97	-124	25	1546	97	-124	25	1546	97	-124	25	1546	97	-124	25	1546	97	-124	25	1546	97	-124	25	1546	97	-124	25	1546	97	-124	25	1546
98	-15	15	1561	98	-15	15	1561	98	-15	15	1561	98	-15	15	1561	98	-15	15	1561	98	-15	15	1561	98	-15	15	1561	98	-15	15	1561	98	-15	15	1561	98	-15	15	1561	98	-15	15	1561
99	-13	13	1574	99	-13	13	1574	99	-13	13	1574	99	-13	13	1574	99	-13	13	1574	99	-13	13	1574	99	-13	13	1574	99	-13	13	1574	99	-13	13	1574	99	-13	13	1574	99	-13	13	1574
100	-17	17	1591	100	-17	17	1591	100	-17	17	1591	100	-17	17	1591	100	-17	17	1591	100	-17	17	1591	100	-17	17	1591	100	-17	17	1591	100	-17	17	1591	100	-17	17	1591	100	-17	17	1591
101	-21	21	1612	101	-21	21	1612	101	-21	21	1612	101	-21	21	1612	101	-21	21	1612	101	-21	21	1612	101	-21	21	1612	101	-21	21	1612	101	-21	21	1612	101	-21	21	1612	101	-21	21	1612
102	-13	13	1625	102	-13	13	1625	102	-13	13	1625	102	-13	13	1625	102	-13	13	1625	102	-13	13	1625	102	-13	13	1625	102	-13	13	1625	102	-13	13	1625	102	-13	13	1625	102	-13	13	1625
103	-116	17	1642	103	-116	17	1642	103	-116	17	1642	103	-116	17	1642	103	-116	17	1642	103	-116	17	1642	103	-116	17	1642	103	-116	17	1642	103	-116	17	1642	103	-116	17	1642	103	-116	17	1642
104	-17	17	1659	104	-17	17	1659	104	-17	17	1659	104	-17	17	1659	104	-17	17	1659	104	-17	17	1659	104	-17	17	1659	104	-17	17	1659	104	-17	17	1659	104	-17	17	1659	104	-17	17	1659
105	-13	13	1672	105	-13	13	1672	105	-13	13	1672	105	-13	13	1672	105	-13	13	1672	105	-13	13	1672	105	-13	13	1672	105	-13	13	1672	105	-13	13	1672	105	-13	13	1672	105	-13	13	1672
106	-13	13	1685	106	-13	13	1685	106	-13	13	1685	106	-13	13	1685	106	-13	13	1685	106	-13	13	1685	106	-13	13	1685	106	-13	13	1685	106	-13	13	1685	106	-13	13	1685	106	-13	13	1685
107	-19	19	1704	107	-19	19	1704	107	-19	19	1704	107	-19	19	1704	107	-19	19	1704	107	-19	19	1704	107	-19	19	1704	107	-19	19	1704	107	-19	19	1704	107	-19	19	1704	107	-19	19	1704
108	-13	13	1717	108	-13	13	1717	108	-13	13	1717	108	-13	13	1717	108	-13	13	1717	108	-13	13	1717	108	-13	13	1717	108	-13	13	1717	108	-13	13	1717	108	-13	13	1717	108	-13	13	1717
109	-19	19	1736	109	-19	19	1736	109	-19	19	1736	109	-19	19	1736	109	-19	19	1736	109	-19	19	1736	109	-19	19	1736	109	-19	19	1736	109	-19	19	1736	109	-19	19	1736	109	-19	19	1736
110	-14	14	1750	110	-14	14	1750	110	-14	14	1750	110	-14	14	1750	110	-14	14	1750	110	-14	14	1750	110	-14	14	1750	110	-14	14	1750	110	-14	14	1750	110	-14	14	1750	110	-14	14	1750
111	-13	13	1763	111	-13	13	1763	111	-13	13	1763	111	-13	13	1763	111	-13	13	1763	111	-13	13	1763	111	-13	13	1763	111	-13	13	1763	111	-13	13	1763	111	-13	13	1763	111	-13	13	1763
112	-122	23	1786	112	-122	23	1786	112	-122	23	1786	112	-122	23	1786	112	-122	23	1786	112	-122	23	1786	112	-122	23	1786	112	-122	23	1786	112	-122	23	1786	112	-122	23	1786	112	-122	23	1786
113	-13	13	1799	113	-13	13	1799	113	-13	13	1799	113	-13	13	1799	113	-13	13	1799	113	-13	13	1799	113	-13	13	1799	113	-13	13	1799	113	-13	13	1799	113	-13	13	1799	113	-13	13	1799
114	-13	13	1812	114	-13	13	1812	114	-13	13	1812	114	-13	13	1812	114	-13	13	1812	114	-13	13	1812	114	-13	13	1812	114	-13	13	1812	114	-13	13	1812	114	-13	13	1812	114	-13	13	1812
115	-13	13	1825	115	-13	13	1825	115	-13	13	1825	115	-13	13	1825	115	-13	13	1825	115	-13	13	1825	115	-13	13	1825	115	-13	13	1825	115	-13	13	1825	115	-13	13	1825	115	-13	13	1825
116	-129	30	1855	116	-129	30	1855	116	-129	30	1855	116	-129	30	1855	116	-129	30	1855	116	-129	30	1855	116	-129	30	1855	116	-129	30	1855	116	-129	30	1855	116	-129	30	1855	116	-129	30	1855
117	-15	15	1870	117	-15	15	1870	117	-15	15	1870	117	-15	15	1870	117	-15	15	1870	117	-15	15	1870	117	-15	15	1870	117	-15	15	1870	117	-15	15	1870	117	-15	15	1870	117	-15	15	1870
118	-113	14	1884	118	-113	14	1884	118	-113	14	1884	118	-113	14	1884	118	-113	14	1884	118	-113	14	1884	118	-113	14	1884	118	-113	14	1884	118	-113	14	1884	118	-113	14	1884	118	-113	14	1884
119	-15	15	1899	119	-15	15	1899	119	-15	15	1899	119	-15	15	1899	119	-15	15	1899	119	-15	15	1899	119	-15	15	1899	119	-15	15	1899	119	-15	15	1899	119	-15	15	1899	119	-15	15	1899
120	-15	15	1914	120	-15	15	1914	120	-15	15	1914	120	-15	15	1914	120	-15	15	1914	120	-15	15	1914	120	-15	15	1914	120	-15	15	1914	120	-15	15	1914	120	-15	15	1914	120	-15	15	1914
121	-15	15	1929	121	-15	15	1929	121	-15	15	1929	121	-15	15	1929	121	-15	15	1929	121	-15	15	1929	121	-15	15	1929	121	-15	15	1929	121	-15	15	1929	121	-15	15	1929	121	-15	15	1929
122	-15	15	1944	122	-15	15	1944	122	-15	15	1944	122	-15	15	1944	122	-15	15	1944	122	-15	15	1944	122	-15	15	1944	122	-15	15	1944	122	-15	15	1944	122	-15	15	1944	122	-15	15	1944
123	-117	18	1962	123	-117	18	1962	123	-117	18	1962	123	-117	18	1962	123	-117	18	1962	123	-117	18	1962	123	-117	18	1962	123	-117	18	1962	123	-117	18	1962	123	-117	18	1962	123	-117	18	1962
124	-19	19	1981	124	-19	19	1981	124	-19	19	1981	124	-19	19	1981	124	-19	19	1981	124	-19	19	1981	124	-19	19	1981	124	-19	19	1981	124	-19	19	1981	124	-19	19	1981	124	-19	19	1981
125	-13	13	1994	125	-13	13	1994	125	-13	13	1994	125	-13	13	1994	125	-13	13	1994	125	-13	13	1994	125	-13	13	1994	125	-13	13	1994	125	-13	13	1994	125	-13	13	1994	125	-13	13	1994
126	-13	13	2007	126	-13	13	2007	126	-13	13	2007	126	-13	13	2007	126	-13	13	2007	126	-13	13	2007	126	-13	13	2007	126	-13	13	2007	126	-13	13	2007	126	-13	13	2007	126	-13	13	2007
127	-15	15	2022	127	-15	15	2022	127	-15	15	2022	127	-15	15	2022	127	-15	15	2022	127	-15	15	2022	127	-15	15	2022	127	-15	15	2022	127	-15	15	2022	127	-15	15	2022	127	-15	15	2022
128	-15	15	2037	128	-15	15	2037	128	-15	15	2037	128	-15	15	2037	128	-15	15	2037	128	-15	15	2037	128	-15	15	2037	128	-15	15	2037	128	-15	15	2037	128	-15	15	2037	128	-15	15	2037
129	-15	15	2052	129	-15	15	2052	129	-15	15	2052	129	-15	15	2052	129	-15	15	2052	129	-15	15	2052	129	-15	15	2052	129	-15	15	2052	129	-15	15	2052	129	-15	15	2052	129	-15	15	2052
130	-17	17	2069	130	-17	17	2069	130	-17	17	2069	130	-17	17	2069	130	-17	17	2069	130	-17	17	2069	130	-17	17	2069	130	-17	17	2069	130	-17	17	2069	130	-17	17	2069	130	-17	17	2069
131	-18	18	2087	131	-18	18	2087	131	-18	18	2087	131	-18	18	2087	131	-18	18	2087	131	-18	18	2087	131	-18	18	2087	131	-18	18	2087	131	-18	18	2087	131	-18	18	2087	131	-18	18	2087
132	-15	15	2102	132	-15	15	2102	132	-15	15	2102	132	-15	15	2102	132	-15	15	2102	132	-15	15	2102	132	-15	15	2102	132	-15	15	2102	132	-15	15	2102	132	-15	15	2102	132	-15	15	2102
133	-17	17	2119	133	-17	17	2119	133	-17	17	2119	133	-17	17	2119	133	-17	17	2119	133	-17	17	2119	133	-17	17	2119	133	-17	17	2119	133	-17	17	2119	133	-17	17	2119	133	-17	17	2119
134	-124	25	2144	134	-124	25	2144	134	-124	25	2144	134	-124	25	2144	134	-124	25	2144	134	-124	25	2144	134	-124	25	2144	134	-124	25	2144	134	-124	25	2144	134	-124	25	2144	134	-124	25	2144
135	-334	37	2181	135	-334	37	2181	135	-334	37	2181	135	-334	37	2181	135	-334	37	2181	135	-334	37	2181	135	-334	37	2181	135	-334	37	2181	135	-334	37	2181	135	-334	37	2181	135	-334	37	2181
136	-13	13	2194	136	-13	13	2194	136	-13	13	2194	136	-13	13	2194	136	-13	13	2194	136	-13	13	2194	136	-13	13	2194	136	-13	13	2194	136	-13	13	2194	136	-13	13	2194	136	-13	13	2194
137	-13	13	2207	137	-13	13	2207	137	-13	13	2207	137	-13	13	2207	137	-13	13	2207	137	-13	13	2207	137	-13	13	2207	137	-13	13	2207	137	-13	13	2207	137	-13	13	2207	137	-13	13	2207
138	-15	15	2222	138	-15	15	2222	138	-15	15	2222	138	-15	15	2222	138	-15	15	2222	138	-15	15	2222	138	-15	15	2222	138	-15	15	2222	138	-15	15	2222	138	-15	15	2222	138	-15	15	2222
139	-13	13	2235	139	-13	13	2235	139	-13	13	2235	139	-13	13	2235	139	-13	13	2235	139	-13	13	2235	139	-13	13	2235	139	-13	13	2235	139	-13	13	2235	139	-13	13	2235	139	-13	13	2235
140	-15	15	2250	140	-15	15	2250	140	-15	15	2250	140	-15	15	2250	140	-15	15	2250	140	-15	15	2250	140	-15	15	2250	140	-15	15	2250	140	-15	15	2250	140	-15	15	2250	140	-15	15	2250
141	-15	15	2265	141	-15	15	2265	141	-15	15	2265	141	-15	15	2265	141	-15	15	2265	141	-15	15	2265	141	-15	15	2265	141	-15	15	2265	141	-15	15	2265	141	-15	15	2265	141	-15	15	2265
142	-15	15	2280	142	-15	15	2280	142	-15	15	2280	142	-15	15	2280	142	-15	15	2280	142	-15	15	2280	142	-15	15	2280	142	-15	15	2280	142	-15	15	2280	142	-15	15	2280	142	-15	15	2280
143	-13	13	2293	143	-13	13	2293	143	-13	13	2293	143	-13	13	2293	143	-13	13	2293	143	-13	13	2293	143	-13	13	2293	143	-13	13	2293	143	-13	13	2293	143	-13	13	2293	143	-13	13	2293
144	-13	13	2306	144	-13	13	2306	144	-13	13	2306	144	-13	13	2306	144	-13	13	2306	144	-13	13	2306	144	-13	13	2306	144	-13	13	2306	144	-13	13	2306	144	-13	13	2306	144	-13	13	2306
145	-13	13	2319	145	-13	13	2319	145	-13	13	2319	145	-13	13	2319	145	-13	13	2319	145	-13	13	2319	145	-13	13	2319	145	-13	13	2319	145	-13	13	2319	145	-13	13	2319	145	-13	13	2319
146	-14	14	2333	146	-14	14	2333	146	-14	14	2333	146	-14	14	2333	146	-14	14	2333	146	-14	14	2333	146	-14	14	2333	146	-14	14	2333	146	-14	14	2333	146	-14	14	2333	146	-14	14	2333
147	-13	13	2346	147	-13	13	2346	147	-13	13	2346	147	-13	13	2346	147	-13	13	2346	147	-13	13	2346	147	-13	13	2346	147	-13	13	2346	147	-13	13	2346	147	-13	13	2346	147	-13	13	2346
148	-15	15	2361	148	-15	15	2361	148	-15	15	2361	148	-15	15	2361	148	-15	15	2361	148	-15	15	2361	148	-15	15	2361	148	-15	15	2361	148	-15	15	2361	148	-15	15	2361	148	-15	15	2361
149	-117	18	2379	149	-117	18	2379	149	-117	18	2379	149	-117	18	2379	149	-117	18	2379	149	-117	18	2379	149	-117	18	2379	149	-117	18	2379	149	-117	18	2379	149	-117	18	2379	149	-117	18	2379
150	-17	17	2396	150	-17	17	2396	150	-17	17	2396	150	-17	17	2396	150	-17	17	2396	150	-17	17	2396	150	-17	17	2396	150	-17	17	2396	150	-17	17	2396	150	-17	17	2396	150	-17	17	2396
151	-13	13	2409	151	-13	13	2409	151	-13	13	2409	151	-13	13	2409	151	-13	13	2409	151	-13	13	2409	151	-13	13	2409	151	-13	13	2409	151	-13	13	2409	151	-13	13	2409	151	-13	13	2409
152	-14	14	2423	152	-14	14	2423	152	-14	14	2423	152	-14	14	2423	152	-14	14	2423	152	-14	14	2423	152	-14	14	2423	152	-14	14	2423	152	-14	14	2423	152	-14	14	2423	152	-14	14	2423
153	-121	22	2445	153	-121	22	2445	153	-121	22	2445	153	-121	22	2445	153	-121	22	2445	153	-121	22	2445	153	-121	22	2445	153	-121	22	2445	153	-121	22	2445	153	-121	22	2445	153	-121	22	2445
154	-13	13	2458	154	-13	13	2458	154	-13	13	2458	154	-13	13	2458	154	-13	13	2458	154	-13	13	2458	154	-13	13	2458	154	-13	13	2458	154	-13	13	2458	154	-13	13	2458	154	-13	13	2458
155	-13	13	2471	155	-13	13	2471	155	-13	13	2471	155	-13	13	2471	155	-13	13	2471	155	-13	13	2471	155	-13	13	2471	155	-13	13	2471	155	-13	13	2471	155	-13	13	2471	155	-13	13	2471
156	-15	15	2486	156	-15	15	2486	156	-15	15	2486	156	-15	15	2486	156	-15	15	2486	156	-15	15	2486	156	-15	15	2486	156	-15	15	2486	156	-15	15	2486	156	-15	15	2486	156	-15	15	2486
157	-121	22	2508	157	-121	22	2508	157	-121	22	2508	157	-121	22	2508	157	-121	22	2508	157	-121	22	2508	157	-121	22	2508	157	-121	22	2508	157	-121	22	2508	157	-121	22	2508	157	-121	22	2508
158	-13	13	2521	158	-13	13	2521	158	-13	13	2521	158	-13	13	2521	158	-13	13	2521	158	-13	13	2521	158	-13	13	2521	158	-13	13	2521	158	-13	13	2521	158	-13	13	2521	158	-13	13	2521
159	-19	19	2540	159	-19	19	2540	159	-19	19	2540	159	-19	19	2540	159	-19	19	2540	159	-19	19	2540	159	-19	19	2540	159	-19	19	2540	159	-19	19	2540	159	-19	19	2540	159	-19	19	2540
160	-13	13	2553	160	-13	13	2553	160	-13	13	2553	160	-13	13	2553	160	-13	13	2553	160	-13	13	2553	160	-13	13	2553	160	-13	13	2553	160	-13	13	2553	160	-13	13	2553	160	-13	13	2553
161	-16	16	2569	161	-16	16	2569	161	-16	16	2569	161	-16	16	2569	161	-16	16	2569	161	-16	16	2569	161	-16	16	2569	161	-16	16	2569	161	-16	16	2569	161	-16	16	2569	161	-16	16	2569
162	-15	15	2584	162	-15	15	2584	162	-15	15	2584	162	-15	15	2584	162	-15	15	2584	162	-15	15	2584	162	-15	15	2584	162	-15	15	2584	162	-15	15	2584	162	-15	15	2584	162	-15	15	2584
163	-15	15	2599	163	-15	15	2599	163	-15	15	2599	163	-15	15	2599	163	-15	15	2599	163	-15	15	2599	163	-15	15	2599	163	-15	15	2599	163	-15	15	2599	163	-15	15	2599	163	-15	15	2599
164	-13	13	2612	164	-13	13	2612	164	-13	13	2612	164	-13	13	2612	164	-13	13	2612	164	-13	13	2612	164	-13	13	2612	164	-13	13	2612	164	-13	13	2612	164	-13	13	2612	164	-13	13	2612
165	-13	13	2625	165	-13	13	2625	165	-13	13	2625	165	-13	13	2625	165	-13	13	2625	165	-13	13	2625	165	-13	13	2625	165	-13	13	2625	165	-13	13	2625	165	-13	13	2625	165	-13	13	2625
166	-13	13	2638	166	-13	13	2638	166	-13	13	2638	166	-13	13	2638	166	-13	13	2638	166	-13	13	2638	166	-13	13	2638	166	-13	13	2638	166	-13	13	2638	166	-13	13	2638	166	-13	13	2638
167	-13	13	2651	167	-13	13	2651	167	-13	13	2651	167	-13	13	2651	167	-13	13	2651	167	-13	13	2651	167	-13	13	2651	167	-13	13	2651	167	-13	13	2651	167	-13	13	2651	167	-13	13	2651
168	-16	16	2667	168	-16	16	2667	168	-16	16	2667	168	-16	16	2667	168	-16	16	2667	168	-16	16	2667	168	-16	16	2667	168	-16	16	2667	168	-16	16	2667	168	-16	16	2667	168	-16	16	2667
169	-13	13	2680	169	-13	13	2680	169	-13	13	2680	169	-13	13	2680	169	-13	13	2680	169	-13	13	2680	169	-13	13	2680	169	-13	13	2680	169	-13	13	2680	169	-13	13	2680	169	-13	13	2680
170	-17	17	2697	170	-17	17	2697	170	-17	17	2697	170	-17	17	2697	170	-17	17	2697	170	-17	17	2697	170	-17	17	2697	170	-17	17	2697	170	-17	17	2697	170	-17	17	2697	170	-17	17	2697
171	-229	31	2728	171	-229	31	2728	171	-229	31	2728	171	-229	31	2728	171	-229	31	2728	171	-229	31	2728	171	-229	31	2728	171	-229	31	2728	171	-229	31	2728	171	-229	31	2728	171	-229	31	2728
172	-13	13	2741	172	-13	13	2741	172	-13	13	2741	172	-13	13	2741	172	-13	13	2741	172	-13	13	2741	172	-13	13	2741	172	-13	13	2741	172	-13	13	2741	172	-13	13	2741	172	-13	13	2741
173	-18	18	2759	173	-18	18	2759	173	-18	18	2759	173	-18	18	2759	173	-18	18	2759	173	-18	18	2759	173	-18	18	2759	173	-18	18	2759	173	-18	18	2759	173	-18	18	2759	173	-18	18	2759
174	-13	13	2772	174	-13	13	2772	174	-13	13	2772	174	-13	13	2772	174	-13	13	2772	174	-13	13	2772	174	-13	13	2772	174	-13	13	2772	174	-13	13	2772	174	-13	13	2772	174	-13	13	2772
175	-13	13	2785	175	-13	13	2785	175	-13	13	2785	175	-13	13	2785	175	-13	13	2785	175	-13	13	2785	175	-13	13	2785	175	-13	13	2785	175	-13	13	2785	175	-13	13	2785	175	-13	13	2785
176	-13	13	2798	176	-13	13	2798	176	-13	13	2798	176	-13	13	2798	176	-13	13	2798	176	-13	13	2798	176	-13	13	2798	176	-13	13	2798	176	-13	13	2798	176	-13	13	2798	176	-13	13	2798
177	-226	28	2826	177	-226	28	2826	177	-226	28	2826	177	-226	28	2826	177	-226	28	2826	177	-226	28	2826	177	-226	28	2826	177	-226	28	2826	177	-226	28	2826	177	-226	28	2826	177	-226	28	2826
178	-115	16	2842	178	-115	16	2842	178	-115	16	2842	178	-115	16	2842	178	-115	16	2842	178	-115	16	2842	178	-115	16	2842	178	-115	16	2842	178	-115	16	2842	178	-115	16	2842	178	-115	16	2842
179	-115	16	2858	179	-115	16	2858	179	-115	16	2858	179	-115	16	2858	179	-115	16	2858	179	-115	16	2858	179	-115	16	2858	179	-115	16	2858	179	-115	16	2858	179	-115	16	2858	179	-115	16	2858
180	-17	17	2875	180	-17	17	2875	180	-17	17	2875	180	-17	17	2875	180	-17	17	2875	180	-17	17	2875	180	-17	17	2875	180	-17	17	2875	180	-17	17	2875	180	-17	17	2875	180	-17	17	2875
181	-13	13	2888	181	-13	13	2888	181	-13	13	2888	181	-13	13	2888	181	-13	13	2888	181	-13	13	2888	181	-13	13	2888	181	-13	13	2888	181	-13	13	2888	181	-13	13	2888	181	-13	13	2888
182	-13	13	2901	182	-13	13	2901	182	-13	13	2901	182	-13	13	2901	182	-13	13	2901	182	-13	13	2901	182	-13	13	2901	182	-13	13	2901	182	-13	13	2901	182	-13	13	2901	182	-13	13	2901
183	-223	25	2926	183	-223	25	2926	183	-223	25	2926	183	-223	25	2926	183	-223	25	2926	183	-223	25	2926	183	-223	25	2926	183	-223	25	2926	183	-223	25	2926	183	-223	25	2926	183	-223	25	2926
184	-13	13	2939	184	-13	13	2939	184	-13	13	2939	184	-13	13	2939	184	-13	13	2939	184	-13	13	2939	184	-13	13	2939	184	-13	13	2939	184	-13	13	2939	184	-13	13	2939	184	-13	13	2939
185	-13	13	2952	185	-13	13	2952	185	-13	13	2952	185	-13	13	2952	185	-13	13	2952	185	-13	13	2952	185	-13	13	2952	185	-13	13	2952	185	-13	13	2952	185	-13	13	2952	185	-13	13	2952
186	-126	27	2979	186	-126	27	2979	186	-126	27	2979	186	-126	27	2979	186	-126	27	2979	186	-126	27	2979	186	-126	27	2979	186	-126	27	2979	186	-126	27	2979	186	-126	27	2979	186	-126	27	2979
187	-13	13	2992	187	-13	13	2992	187	-13	13	2992	187	-13	13	2992	187	-13	13	2992	187	-13	13	2992	187	-13	13	2992	187	-13	13	2992	187	-13	13	2992	187	-13	13	2992	187	-13	13	2992
188	-13	13	3005	188	-13	13	3005	188	-13	13	3005	188	-13	13	3005	188	-13	13	3005	188	-13	13	3005	188	-13	13	3005	188	-13	13	3005	188	-13	13	3005	188	-13	13	3005	188	-13	13	3005
189	-233	35	3040	189	-233	35	3040	189	-233	35	3040	189	-233	35	3040	189	-233	35	3040	189	-233	35	3040	189	-233	35	3040	189	-233	35	3040	189	-233	35	3040	189	-233	35	3040	189	-233	35	3040
190	-17	17	3057	190	-17	17	3057	190	-17	17	3057	190	-17	17	3057	190	-17	17	3057	190	-17	17	3057	190	-17	17	3057	190	-17	17	3057	190	-17	17	3057	190	-17	17	3057	190	-17	17	3057
191	-122	23	3080	191	-122	23	3080	191	-122	23	3080	191	-122	23	3080	191	-122	23	3080	191	-122	23	3080	191	-122	23	3080	191	-122	23	3080	191	-122	23	3080	191	-122	23	3080	191	-122	23	3080
192	-15	15	3095	192	-15	15	3095	192	-15	15	3095	192	-15	15	3095	192	-15	15	3095	192	-15	15	3095	192	-15	15	3095	192	-15	15	3095	192	-15	15	3095	192	-15	15	3095	192	-15	15	3095
193	-13	13	3108	193	-13	13	3108	193	-13	13	3108	193	-13	13	3108	193	-13	13	3108	193	-13	13	3108	193	-13	13	3108	193	-13	13	3108	193	-13	13	3108	193	-13	13	3108	193	-13	13	3108
194	-13	13	3121	194	-13	13	3121	194	-13	13	3121	194	-13	13	3121	194	-13	13	3121	194	-13	13	3121	194	-13	13	3121	194	-13	13	3121	194	-13	13	3121	194	-13	13	3121	194	-13	13	3121
195	-229	31	3152	195	-229	31	3152	195	-229	31	3152	195	-229	31	3152	195	-229	31	3152	195	-229	31	3152	195	-229	31	3152	195	-229	31	3152	195	-229	31	3152	195	-229	31	3152	195	-229	31	3152
196	-19	19	3171	196	-19	19	3171	196	-19	19	3171	196	-19	19	3171	196	-19	19	3171	196	-19	19	3171	196	-19	19	3171	196	-19	19	3171	196	-19	19	3171	196	-19	19	3171	196	-19	19	3171
197	-19	19	3190	197	-19	19	3190	197	-19	19	3190	197	-19	19	3190	197	-19	19	3190	197	-19	19	3190	197	-19	19	3190	197	-19	19	3190	197	-19	19	3190	197	-19	19	3190	197	-19	19	3190
198	-13	13	3203	198	-13	13	3203	198	-13	13	3203	198	-13	13	3203	198	-13	13	3203	198	-13	13	3203	198	-13	13	3203	198	-13	13	3203	198	-13	13	3203	198	-13	13	3203	198	-13	13	3203
199	-13	13	3216	199	-13	13	3216	199	-13	13	3216	199	-13	13	3216	199	-13	13	3216	199	-13	13	3216	199	-13	13	3216	199	-13	13	3216	199	-13	13	3216	199	-13	13	3216	199	-13	13	3216
