Episode	Accumulated Reward	Length	Steps	Episode	Accumulated Reward	Length	Steps	Episode	Accumulated Reward	Length	Steps	Episode	Accumulated Reward	Length	Steps	Episode	Accumulated Reward	Length	Steps	Episode	Accumulated Reward	Length	Steps	Episode	Accumulated Reward	Length	Steps	Episode	Accumulated Reward	Length	Steps	Episode	Accumulated Reward	Length	Steps	Episode	Accumulated Reward	Length	Steps	Episode	Accumulated Reward	Length	Steps	Episode	Accumulated Reward	Length	Steps	Episode	Accumulated Reward	Length	Steps	Episode	Accumulated Reward	Length	Steps	Episode	Accumulated Reward	Length	Steps	Episode	Accumulated Reward	Length	Steps	Episode	Accumulated Reward	Length	Steps	Episode	Accumulated Reward	Length	Steps	Episode	Accumulated Reward	Length	Steps	Episode	Accumulated Reward	Length	Steps	Episode	Accumulated Reward	Length	Steps	Episode	Accumulated Reward	Length	Steps	Episode	Accumulated Reward	Length	Steps	Episode	Accumulated Reward	Length	Steps	Episode	Accumulated Reward	Length	Steps	Episode	Accumulated Reward	Length	Steps	Episode	Accumulated Reward	Length	Steps	Episode	Accumulated Reward	Length	Steps	Episode	Accumulated Reward	Length	Steps
0	-115	16	16	0	-115	16	16	0	-115	16	16	0	-115	16	16	0	-115	16	16	0	-115	16	16	0	-115	16	16	0	-115	16	16	0	-115	16	16	0	-115	16	16	0	-115	16	16	0	-115	16	16	0	-115	16	16	0	-115	16	16	0	-115	16	16	0	-115	16	16	0	-115	16	16	0	-115	16	16	0	-115	16	16	0	-115	16	16	0	-115	16	16	0	-115	16	16	0	-115	16	16	0	-115	16	16	0	-115	16	16	0	-115	16	16	0	-115	16	16	0	-115	16	16	0	-115	16	16
1	-17	17	33	1	-17	17	33	1	-17	17	33	1	-17	17	33	1	-17	17	33	1	-17	17	33	1	-17	17	33	1	-17	17	33	1	-17	17	33	1	-17	17	33	1	-17	17	33	1	-17	17	33	1	-17	17	33	1	-17	17	33	1	-17	17	33	1	-17	17	33	1	-17	17	33	1	-17	17	33	1	-17	17	33	1	-17	17	33	1	-17	17	33	1	-17	17	33	1	-17	17	33	1	-17	17	33	1	-17	17	33	1	-17	17	33	1	-17	17	33	1	-17	17	33	1	-17	17	33
2	-13	13	46	2	-13	13	46	2	-13	13	46	2	-13	13	46	2	-13	13	46	2	-13	13	46	2	-13	13	46	2	-13	13	46	2	-13	13	46	2	-13	13	46	2	-13	13	46	2	-13	13	46	2	-13	13	46	2	-13	13	46	2	-13	13	46	2	-13	13	46	2	-13	13	46	2	-13	13	46	2	-13	13	46	2	-13	13	46	2	-13	13	46	2	-13	13	46	2	-13	13	46	2	-13	13	46	2	-13	13	46	2	-13	13	46	2	-13	13	46	2	-13	13	46	2	-13	13	46
3	-13	13	59	3	-13	13	59	3	-13	13	59	3	-13	13	59	3	-13	13	59	3	-13	13	59	3	-13	13	59	3	-13	13	59	3	-13	13	59	3	-13	13	59	3	-13	13	59	3	-13	13	59	3	-13	13	59	3	-13	13	59	3	-13	13	59	3	-13	13	59	3	-13	13	59	3	-13	13	59	3	-13	13	59	3	-13	13	59	3	-13	13	59	3	-13	13	59	3	-13	13	59	3	-13	13	59	3	-13	13	59	3	-13	13	59	3	-13	13	59	3	-13	13	59	3	-13	13	59
4	-15	15	74	4	-15	15	74	4	-15	15	74	4	-15	15	74	4	-15	15	74	4	-15	15	74	4	-15	15	74	4	-15	15	74	4	-15	15	74	4	-15	15	74	4	-15	15	74	4	-15	15	74	4	-15	15	74	4	-15	15	74	4	-15	15	74	4	-15	15	74	4	-15	15	74	4	-15	15	74	4	-15	15	74	4	-15	15	74	4	-15	15	74	4	-15	15	74	4	-15	15	74	4	-15	15	74	4	-15	15	74	4	-15	15	74	4	-15	15	74	4	-15	15	74	4	-15	15	74
5	-113	14	88	5	-113	14	88	5	-113	14	88	5	-113	14	88	5	-113	14	88	5	-113	14	88	5	-113	14	88	5	-113	14	88	5	-113	14	88	5	-113	14	88	5	-113	14	88	5	-113	14	88	5	-113	14	88	5	-113	14	88	5	-113	14	88	5	-113	14	88	5	-113	14	88	5	-113	14	88	5	-113	14	88	5	-113	14	88	5	-113	14	88	5	-113	14	88	5	-113	14	88	5	-113	14	88	5	-113	14	88	5	-113	14	88	5	-113	14	88	5	-113	14	88	5	-113	14	88
6	-121	22	110	6	-121	22	110	6	-121	22	110	6	-121	22	110	6	-121	22	110	6	-121	22	110	6	-121	22	110	6	-121	22	110	6	-121	22	110	6	-121	22	110	6	-121	22	110	6	-121	22	110	6	-121	22	110	6	-121	22	110	6	-121	22	110	6	-121	22	110	6	-121	22	110	6	-121	22	110	6	-121	22	110	6	-121	22	110	6	-121	22	110	6	-121	22	110	6	-121	22	110	6	-121	22	110	6	-121	22	110	6	-121	22	110	6	-121	22	110	6	-121	22	110	6	-121	22	110
7	-15	15	125	7	-15	15	125	7	-15	15	125	7	-15	15	125	7	-15	15	125	7	-15	15	125	7	-15	15	125	7	-15	15	125	7	-15	15	125	7	-15	15	125	7	-15	15	125	7	-15	15	125	7	-15	15	125	7	-15	15	125	7	-15	15	125	7	-15	15	125	7	-15	15	125	7	-15	15	125	7	-15	15	125	7	-15	15	125	7	-15	15	125	7	-15	15	125	7	-15	15	125	7	-15	15	125	7	-15	15	125	7	-15	15	125	7	-15	15	125	7	-15	15	125	7	-15	15	125
8	-13	13	138	8	-13	13	138	8	-13	13	138	8	-13	13	138	8	-13	13	138	8	-13	13	138	8	-13	13	138	8	-13	13	138	8	-13	13	138	8	-13	13	138	8	-13	13	138	8	-13	13	138	8	-13	13	138	8	-13	13	138	8	-13	13	138	8	-13	13	138	8	-13	13	138	8	-13	13	138	8	-13	13	138	8	-13	13	138	8	-13	13	138	8	-13	13	138	8	-13	13	138	8	-13	13	138	8	-13	13	138	8	-13	13	138	8	-13	13	138	8	-13	13	138	8	-13	13	138
9	-19	19	157	9	-19	19	157	9	-19	19	157	9	-19	19	157	9	-19	19	157	9	-19	19	157	9	-19	19	157	9	-19	19	157	9	-19	19	157	9	-19	19	157	9	-19	19	157	9	-19	19	157	9	-19	19	157	9	-19	19	157	9	-19	19	157	9	-19	19	157	9	-19	19	157	9	-19	19	157	9	-19	19	157	9	-19	19	157	9	-19	19	157	9	-19	19	157	9	-19	19	157	9	-19	19	157	9	-19	19	157	9	-19	19	157	9	-19	19	157	9	-19	19	157	9	-19	19	157
10	-13	13	170	10	-13	13	170	10	-13	13	170	10	-13	13	170	10	-13	13	170	10	-13	13	170	10	-13	13	170	10	-13	13	170	10	-13	13	170	10	-13	13	170	10	-13	13	170	10	-13	13	170	10	-13	13	170	10	-13	13	170	10	-13	13	170	10	-13	13	170	10	-13	13	170	10	-13	13	170	10	-13	13	170	10	-13	13	170	10	-13	13	170	10	-13	13	170	10	-13	13	170	10	-13	13	170	10	-13	13	170	10	-13	13	170	10	-13	13	170	10	-13	13	170	10	-13	13	170
11	-122	23	193	11	-122	23	193	11	-122	23	193	11	-122	23	193	11	-122	23	193	11	-122	23	193	11	-122	23	193	11	-122	23	193	11	-122	23	193	11	-122	23	193	11	-122	23	193	11	-122	23	193	11	-122	23	193	11	-122	23	193	11	-122	23	193	11	-122	23	193	11	-122	23	193	11	-122	23	193	11	-122	23	193	11	-122	23	193	11	-122	23	193	11	-122	23	193	11	-122	23	193	11	-122	23	193	11	-122	23	193	11	-122	23	193	11	-122	23	193	11	-122	23	193	11	-122	23	193
12	-15	15	208	12	-15	15	208	12	-15	15	208	12	-15	15	208	12	-15	15	208	12	-15	15	208	12	-15	15	208	12	-15	15	208	12	-15	15	208	12	-15	15	208	12	-15	15	208	12	-15	15	208	12	-15	15	208	12	-15	15	208	12	-15	15	208	12	-15	15	208	12	-15	15	208	12	-15	15	208	12	-15	15	208	12	-15	15	208	12	-15	15	208	12	-15	15	208	12	-15	15	208	12	-15	15	208	12	-15	15	208	12	-15	15	208	12	-15	15	208	12	-15	15	208	12	-15	15	208
13	-113	14	222	13	-113	14	222	13	-113	14	222	13	-113	14	222	13	-113	14	222	13	-113	14	222	13	-113	14	222	13	-113	14	222	13	-113	14	222	13	-113	14	222	13	-113	14	222	13	-113	14	222	13	-113	14	222	13	-113	14	222	13	-113	14	222	13	-113	14	222	13	-113	14	222	13	-113	14	222	13	-113	14	222	13	-113	14	222	13	-113	14	222	13	-113	14	222	13	-113	14	222	13	-113	14	222	13	-113	14	222	13	-113	14	222	13	-113	14	222	13	-113	14	222	13	-113	14	222
14	-15	15	237	14	-15	15	237	14	-15	15	237	14	-15	15	237	14	-15	15	237	14	-15	15	237	14	-15	15	237	14	-15	15	237	14	-15	15	237	14	-15	15	237	14	-15	15	237	14	-15	15	237	14	-15	15	237	14	-15	15	237	14	-15	15	237	14	-15	15	237	14	-15	15	237	14	-15	15	237	14	-15	15	237	14	-15	15	237	14	-15	15	237	14	-15	15	237	14	-15	15	237	14	-15	15	237	14	-15	15	237	14	-15	15	237	14	-15	15	237	14	-15	15	237	14	-15	15	237
15	-17	17	254	15	-17	17	254	15	-17	17	254	15	-17	17	254	15	-17	17	254	15	-17	17	254	15	-17	17	254	15	-17	17	254	15	-17	17	254	15	-17	17	254	15	-17	17	254	15	-17	17	254	15	-17	17	254	15	-17	17	254	15	-17	17	254	15	-17	17	254	15	-17	17	254	15	-17	17	254	15	-17	17	254	15	-17	17	254	15	-17	17	254	15	-17	17	254	15	-17	17	254	15	-17	17	254	15	-17	17	254	15	-17	17	254	15	-17	17	254	15	-17	17	254	15	-17	17	254
16	-13	13	267	16	-13	13	267	16	-13	13	267	16	-13	13	267	16	-13	13	267	16	-13	13	267	16	-13	13	267	16	-13	13	267	16	-13	13	267	16	-13	13	267	16	-13	13	267	16	-13	13	267	16	-13	13	267	16	-13	13	267	16	-13	13	267	16	-13	13	267	16	-13	13	267	16	-13	13	267	16	-13	13	267	16	-13	13	267	16	-13	13	267	16	-13	13	267	16	-13	13	267	16	-13	13	267	16	-13	13	267	16	-13	13	267	16	-13	13	267	16	-13	13	267	16	-13	13	267
17	-15	15	282	17	-15	15	282	17	-15	15	282	17	-15	15	282	17	-15	15	282	17	-15	15	282	17	-15	15	282	17	-15	15	282	17	-15	15	282	17	-15	15	282	17	-15	15	282	17	-15	15	282	17	-15	15	282	17	-15	15	282	17	-15	15	282	17	-15	15	282	17	-15	15	282	17	-15	15	282	17	-15	15	282	17	-15	15	282	17	-15	15	282	17	-15	15	282	17	-15	15	282	17	-15	15	282	17	-15	15	282	17	-15	15	282	17	-15	15	282	17	-15	15	282	17	-15	15	282
18	-13	13	295	18	-13	13	295	18	-13	13	295	18	-13	13	295	18	-13	13	295	18	-13	13	295	18	-13	13	295	18	-13	13	295	18	-13	13	295	18	-13	13	295	18	-13	13	295	18	-13	13	295	18	-13	13	295	18	-13	13	295	18	-13	13	295	18	-13	13	295	18	-13	13	295	18	-13	13	295	18	-13	13	295	18	-13	13	295	18	-13	13	295	18	-13	13	295	18	-13	13	295	18	-13	13	295	18	-13	13	295	18	-13	13	295	18	-13	13	295	18	-13	13	295	18	-13	13	295
19	-113	14	309	19	-113	14	309	19	-113	14	309	19	-113	14	309	19	-113	14	309	19	-113	14	309	19	-113	14	309	19	-113	14	309	19	-113	14	309	19	-113	14	309	19	-113	14	309	19	-113	14	309	19	-113	14	309	19	-113	14	309	19	-113	14	309	19	-113	14	309	19	-113	14	309	19	-113	14	309	19	-113	14	309	19	-113	14	309	19	-113	14	309	19	-113	14	309	19	-113	14	309	19	-113	14	309	19	-113	14	309	19	-113	14	309	19	-113	14	309	19	-113	14	309	19	-113	14	309
20	-13	13	322	20	-13	13	322	20	-13	13	322	20	-13	13	322	20	-13	13	322	20	-13	13	322	20	-13	13	322	20	-13	13	322	20	-13	13	322	20	-13	13	322	20	-13	13	322	20	-13	13	322	20	-13	13	322	20	-13	13	322	20	-13	13	322	20	-13	13	322	20	-13	13	322	20	-13	13	322	20	-13	13	322	20	-13	13	322	20	-13	13	322	20	-13	13	322	20	-13	13	322	20	-13	13	322	20	-13	13	322	20	-13	13	322	20	-13	13	322	20	-13	13	322	20	-13	13	322
21	-119	20	342	21	-119	20	342	21	-119	20	342	21	-119	20	342	21	-119	20	342	21	-119	20	342	21	-119	20	342	21	-119	20	342	21	-119	20	342	21	-119	20	342	21	-119	20	342	21	-119	20	342	21	-119	20	342	21	-119	20	342	21	-119	20	342	21	-119	20	342	21	-119	20	342	21	-119	20	342	21	-119	20	342	21	-119	20	342	21	-119	20	342	21	-119	20	342	21	-119	20	342	21	-119	20	342	21	-119	20	342	21	-119	20	342	21	-119	20	342	21	-119	20	342	21	-119	20	342
22	-14	14	356	22	-14	14	356	22	-14	14	356	22	-14	14	356	22	-14	14	356	22	-14	14	356	22	-14	14	356	22	-14	14	356	22	-14	14	356	22	-14	14	356	22	-14	14	356	22	-14	14	356	22	-14	14	356	22	-14	14	356	22	-14	14	356	22	-14	14	356	22	-14	14	356	22	-14	14	356	22	-14	14	356	22	-14	14	356	22	-14	14	356	22	-14	14	356	22	-14	14	356	22	-14	14	356	22	-14	14	356	22	-14	14	356	22	-14	14	356	22	-14	14	356	22	-14	14	356
23	-15	15	371	23	-15	15	371	23	-15	15	371	23	-15	15	371	23	-15	15	371	23	-15	15	371	23	-15	15	371	23	-15	15	371	23	-15	15	371	23	-15	15	371	23	-15	15	371	23	-15	15	371	23	-15	15	371	23	-15	15	371	23	-15	15	371	23	-15	15	371	23	-15	15	371	23	-15	15	371	23	-15	15	371	23	-15	15	371	23	-15	15	371	23	-15	15	371	23	-15	15	371	23	-15	15	371	23	-15	15	371	23	-15	15	371	23	-15	15	371	23	-15	15	371	23	-15	15	371
24	-13	13	384	24	-13	13	384	24	-13	13	384	24	-13	13	384	24	-13	13	384	24	-13	13	384	24	-13	13	384	24	-13	13	384	24	-13	13	384	24	-13	13	384	24	-13	13	384	24	-13	13	384	24	-13	13	384	24	-13	13	384	24	-13	13	384	24	-13	13	384	24	-13	13	384	24	-13	13	384	24	-13	13	384	24	-13	13	384	24	-13	13	384	24	-13	13	384	24	-13	13	384	24	-13	13	384	24	-13	13	384	24	-13	13	384	24	-13	13	384	24	-13	13	384	24	-13	13	384
25	-15	15	399	25	-15	15	399	25	-15	15	399	25	-15	15	399	25	-15	15	399	25	-15	15	399	25	-15	15	399	25	-15	15	399	25	-15	15	399	25	-15	15	399	25	-15	15	399	25	-15	15	399	25	-15	15	399	25	-15	15	399	25	-15	15	399	25	-15	15	399	25	-15	15	399	25	-15	15	399	25	-15	15	399	25	-15	15	399	25	-15	15	399	25	-15	15	399	25	-15	15	399	25	-15	15	399	25	-15	15	399	25	-15	15	399	25	-15	15	399	25	-15	15	399	25	-15	15	399
26	-17	17	416	26	-17	17	416	26	-17	17	416	26	-17	17	416	26	-17	17	416	26	-17	17	416	26	-17	17	416	26	-17	17	416	26	-17	17	416	26	-17	17	416	26	-17	17	416	26	-17	17	416	26	-17	17	416	26	-17	17	416	26	-17	17	416	26	-17	17	416	26	-17	17	416	26	-17	17	416	26	-17	17	416	26	-17	17	416	26	-17	17	416	26	-17	17	416	26	-17	17	416	26	-17	17	416	26	-17	17	416	26	-17	17	416	26	-17	17	416	26	-17	17	416	26	-17	17	416
27	-19	19	435	27	-19	19	435	27	-19	19	435	27	-19	19	435	27	-19	19	435	27	-19	19	435	27	-19	19	435	27	-19	19	435	27	-19	19	435	27	-19	19	435	27	-19	19	435	27	-19	19	435	27	-19	19	435	27	-19	19	435	27	-19	19	435	27	-19	19	435	27	-19	19	435	27	-19	19	435	27	-19	19	435	27	-19	19	435	27	-19	19	435	27	-19	19	435	27	-19	19	435	27	-19	19	435	27	-19	19	435	27	-19	19	435	27	-19	19	435	27	-19	19	435	27	-19	19	435
28	-125	26	461	28	-125	26	461	28	-125	26	461	28	-125	26	461	28	-125	26	461	28	-125	26	461	28	-125	26	461	28	-125	26	461	28	-125	26	461	28	-125	26	461	28	-125	26	461	28	-125	26	461	28	-125	26	461	28	-125	26	461	28	-125	26	461	28	-125	26	461	28	-125	26	461	28	-125	26	461	28	-125	26	461	28	-125	26	461	28	-125	26	461	28	-125	26	461	28	-125	26	461	28	-125	26	461	28	-125	26	461	28	-125	26	461	28	-125	26	461	28	-125	26	461	28	-125	26	461
29	-13	13	474	29	-13	13	474	29	-13	13	474	29	-13	13	474	29	-13	13	474	29	-13	13	474	29	-13	13	474	29	-13	13	474	29	-13	13	474	29	-13	13	474	29	-13	13	474	29	-13	13	474	29	-13	13	474	29	-13	13	474	29	-13	13	474	29	-13	13	474	29	-13	13	474	29	-13	13	474	29	-13	13	474	29	-13	13	474	29	-13	13	474	29	-13	13	474	29	-13	13	474	29	-13	13	474	29	-13	13	474	29	-13	13	474	29	-13	13	474	29	-13	13	474	29	-13	13	474
30	-122	23	497	30	-122	23	497	30	-122	23	497	30	-122	23	497	30	-122	23	497	30	-122	23	497	30	-122	23	497	30	-122	23	497	30	-122	23	497	30	-122	23	497	30	-122	23	497	30	-122	23	497	30	-122	23	497	30	-122	23	497	30	-122	23	497	30	-122	23	497	30	-122	23	497	30	-122	23	497	30	-122	23	497	30	-122	23	497	30	-122	23	497	30	-122	23	497	30	-122	23	497	30	-122	23	497	30	-122	23	497	30	-122	23	497	30	-122	23	497	30	-122	23	497	30	-122	23	497
31	-13	13	510	31	-13	13	510	31	-13	13	510	31	-13	13	510	31	-13	13	510	31	-13	13	510	31	-13	13	510	31	-13	13	510	31	-13	13	510	31	-13	13	510	31	-13	13	510	31	-13	13	510	31	-13	13	510	31	-13	13	510	31	-13	13	510	31	-13	13	510	31	-13	13	510	31	-13	13	510	31	-13	13	510	31	-13	13	510	31	-13	13	510	31	-13	13	510	31	-13	13	510	31	-13	13	510	31	-13	13	510	31	-13	13	510	31	-13	13	510	31	-13	13	510	31	-13	13	510
32	-13	13	523	32	-13	13	523	32	-13	13	523	32	-13	13	523	32	-13	13	523	32	-13	13	523	32	-13	13	523	32	-13	13	523	32	-13	13	523	32	-13	13	523	32	-13	13	523	32	-13	13	523	32	-13	13	523	32	-13	13	523	32	-13	13	523	32	-13	13	523	32	-13	13	523	32	-13	13	523	32	-13	13	523	32	-13	13	523	32	-13	13	523	32	-13	13	523	32	-13	13	523	32	-13	13	523	32	-13	13	523	32	-13	13	523	32	-13	13	523	32	-13	13	523	32	-13	13	523
33	-16	16	539	33	-16	16	539	33	-16	16	539	33	-16	16	539	33	-16	16	539	33	-16	16	539	33	-16	16	539	33	-16	16	539	33	-16	16	539	33	-16	16	539	33	-16	16	539	33	-16	16	539	33	-16	16	539	33	-16	16	539	33	-16	16	539	33	-16	16	539	33	-16	16	539	33	-16	16	539	33	-16	16	539	33	-16	16	539	33	-16	16	539	33	-16	16	539	33	-16	16	539	33	-16	16	539	33	-16	16	539	33	-16	16	539	33	-16	16	539	33	-16	16	539	33	-16	16	539
34	-14	14	553	34	-14	14	553	34	-14	14	553	34	-14	14	553	34	-14	14	553	34	-14	14	553	34	-14	14	553	34	-14	14	553	34	-14	14	553	34	-14	14	553	34	-14	14	553	34	-14	14	553	34	-14	14	553	34	-14	14	553	34	-14	14	553	34	-14	14	553	34	-14	14	553	34	-14	14	553	34	-14	14	553	34	-14	14	553	34	-14	14	553	34	-14	14	553	34	-14	14	553	34	-14	14	553	34	-14	14	553	34	-14	14	553	34	-14	14	553	34	-14	14	553	34	-14	14	553
35	-17	17	570	35	-17	17	570	35	-17	17	570	35	-17	17	570	35	-17	17	570	35	-17	17	570	35	-17	17	570	35	-17	17	570	35	-17	17	570	35	-17	17	570	35	-17	17	570	35	-17	17	570	35	-17	17	570	35	-17	17	570	35	-17	17	570	35	-17	17	570	35	-17	17	570	35	-17	17	570	35	-17	17	570	35	-17	17	570	35	-17	17	570	35	-17	17	570	35	-17	17	570	35	-17	17	570	35	-17	17	570	35	-17	17	570	35	-17	17	570	35	-17	17	570	35	-17	17	570
36	-19	19	589	36	-19	19	589	36	-19	19	589	36	-19	19	589	36	-19	19	589	36	-19	19	589	36	-19	19	589	36	-19	19	589	36	-19	19	589	36	-19	19	589	36	-19	19	589	36	-19	19	589	36	-19	19	589	36	-19	19	589	36	-19	19	589	36	-19	19	589	36	-19	19	589	36	-19	19	589	36	-19	19	589	36	-19	19	589	36	-19	19	589	36	-19	19	589	36	-19	19	589	36	-19	19	589	36	-19	19	589	36	-19	19	589	36	-19	19	589	36	-19	19	589	36	-19	19	589
37	-15	15	604	37	-15	15	604	37	-15	15	604	37	-15	15	604	37	-15	15	604	37	-15	15	604	37	-15	15	604	37	-15	15	604	37	-15	15	604	37	-15	15	604	37	-15	15	604	37	-15	15	604	37	-15	15	604	37	-15	15	604	37	-15	15	604	37	-15	15	604	37	-15	15	604	37	-15	15	604	37	-15	15	604	37	-15	15	604	37	-15	15	604	37	-15	15	604	37	-15	15	604	37	-15	15	604	37	-15	15	604	37	-15	15	604	37	-15	15	604	37	-15	15	604	37	-15	15	604
38	-15	15	619	38	-15	15	619	38	-15	15	619	38	-15	15	619	38	-15	15	619	38	-15	15	619	38	-15	15	619	38	-15	15	619	38	-15	15	619	38	-15	15	619	38	-15	15	619	38	-15	15	619	38	-15	15	619	38	-15	15	619	38	-15	15	619	38	-15	15	619	38	-15	15	619	38	-15	15	619	38	-15	15	619	38	-15	15	619	38	-15	15	619	38	-15	15	619	38	-15	15	619	38	-15	15	619	38	-15	15	619	38	-15	15	619	38	-15	15	619	38	-15	15	619	38	-15	15	619
39	-17	17	636	39	-17	17	636	39	-17	17	636	39	-17	17	636	39	-17	17	636	39	-17	17	636	39	-17	17	636	39	-17	17	636	39	-17	17	636	39	-17	17	636	39	-17	17	636	39	-17	17	636	39	-17	17	636	39	-17	17	636	39	-17	17	636	39	-17	17	636	39	-17	17	636	39	-17	17	636	39	-17	17	636	39	-17	17	636	39	-17	17	636	39	-17	17	636	39	-17	17	636	39	-17	17	636	39	-17	17	636	39	-17	17	636	39	-17	17	636	39	-17	17	636	39	-17	17	636
40	-14	14	650	40	-14	14	650	40	-14	14	650	40	-14	14	650	40	-14	14	650	40	-14	14	650	40	-14	14	650	40	-14	14	650	40	-14	14	650	40	-14	14	650	40	-14	14	650	40	-14	14	650	40	-14	14	650	40	-14	14	650	40	-14	14	650	40	-14	14	650	40	-14	14	650	40	-14	14	650	40	-14	14	650	40	-14	14	650	40	-14	14	650	40	-14	14	650	40	-14	14	650	40	-14	14	650	40	-14	14	650	40	-14	14	650	40	-14	14	650	40	-14	14	650	40	-14	14	650
41	-13	13	663	41	-13	13	663	41	-13	13	663	41	-13	13	663	41	-13	13	663	41	-13	13	663	41	-13	13	663	41	-13	13	663	41	-13	13	663	41	-13	13	663	41	-13	13	663	41	-13	13	663	41	-13	13	663	41	-13	13	663	41	-13	13	663	41	-13	13	663	41	-13	13	663	41	-13	13	663	41	-13	13	663	41	-13	13	663	41	-13	13	663	41	-13	13	663	41	-13	13	663	41	-13	13	663	41	-13	13	663	41	-13	13	663	41	-13	13	663	41	-13	13	663	41	-13	13	663
42	-15	15	678	42	-15	15	678	42	-15	15	678	42	-15	15	678	42	-15	15	678	42	-15	15	678	42	-15	15	678	42	-15	15	678	42	-15	15	678	42	-15	15	678	42	-15	15	678	42	-15	15	678	42	-15	15	678	42	-15	15	678	42	-15	15	678	42	-15	15	678	42	-15	15	678	42	-15	15	678	42	-15	15	678	42	-15	15	678	42	-15	15	678	42	-15	15	678	42	-15	15	678	42	-15	15	678	42	-15	15	678	42	-15	15	678	42	-15	15	678	42	-15	15	678	42	-15	15	678
43	-13	13	691	43	-13	13	691	43	-13	13	691	43	-13	13	691	43	-13	13	691	43	-13	13	691	43	-13	13	691	43	-13	13	691	43	-13	13	691	43	-13	13	691	43	-13	13	691	43	-13	13	691	43	-13	13	691	43	-13	13	691	43	-13	13	691	43	-13	13	691	43	-13	13	691	43	-13	13	691	43	-13	13	691	43	-13	13	691	43	-13	13	691	43	-13	13	691	43	-13	13	691	43	-13	13	691	43	-13	13	691	43	-13	13	691	43	-13	13	691	43	-13	13	691	43	-13	13	691
44	-15	15	706	44	-15	15	706	44	-15	15	706	44	-15	15	706	44	-15	15	706	44	-15	15	706	44	-15	15	706	44	-15	15	706	44	-15	15	706	44	-15	15	706	44	-15	15	706	44	-15	15	706	44	-15	15	706	44	-15	15	706	44	-15	15	706	44	-15	15	706	44	-15	15	706	44	-15	15	706	44	-15	15	706	44	-15	15	706	44	-15	15	706	44	-15	15	706	44	-15	15	706	44	-15	15	706	44	-15	15	706	44	-15	15	706	44	-15	15	706	44	-15	15	706	44	-15	15	706
45	-15	15	721	45	-15	15	721	45	-15	15	721	45	-15	15	721	45	-15	15	721	45	-15	15	721	45	-15	15	721	45	-15	15	721	45	-15	15	721	45	-15	15	721	45	-15	15	721	45	-15	15	721	45	-15	15	721	45	-15	15	721	45	-15	15	721	45	-15	15	721	45	-15	15	721	45	-15	15	721	45	-15	15	721	45	-15	15	721	45	-15	15	721	45	-15	15	721	45	-15	15	721	45	-15	15	721	45	-15	15	721	45	-15	15	721	45	-15	15	721	45	-15	15	721	45	-15	15	721
46	-13	13	734	46	-13	13	734	46	-13	13	734	46	-13	13	734	46	-13	13	734	46	-13	13	734	46	-13	13	734	46	-13	13	734	46	-13	13	734	46	-13	13	734	46	-13	13	734	46	-13	13	734	46	-13	13	734	46	-13	13	734	46	-13	13	734	46	-13	13	734	46	-13	13	734	46	-13	13	734	46	-13	13	734	46	-13	13	734	46	-13	13	734	46	-13	13	734	46	-13	13	734	46	-13	13	734	46	-13	13	734	46	-13	13	734	46	-13	13	734	46	-13	13	734	46	-13	13	734
47	-13	13	747	47	-13	13	747	47	-13	13	747	47	-13	13	747	47	-13	13	747	47	-13	13	747	47	-13	13	747	47	-13	13	747	47	-13	13	747	47	-13	13	747	47	-13	13	747	47	-13	13	747	47	-13	13	747	47	-13	13	747	47	-13	13	747	47	-13	13	747	47	-13	13	747	47	-13	13	747	47	-13	13	747	47	-13	13	747	47	-13	13	747	47	-13	13	747	47	-13	13	747	47	-13	13	747	47	-13	13	747	47	-13	13	747	47	-13	13	747	47	-13	13	747	47	-13	13	747
48	-13	13	760	48	-13	13	760	48	-13	13	760	48	-13	13	760	48	-13	13	760	48	-13	13	760	48	-13	13	760	48	-13	13	760	48	-13	13	760	48	-13	13	760	48	-13	13	760	48	-13	13	760	48	-13	13	760	48	-13	13	760	48	-13	13	760	48	-13	13	760	48	-13	13	760	48	-13	13	760	48	-13	13	760	48	-13	13	760	48	-13	13	760	48	-13	13	760	48	-13	13	760	48	-13	13	760	48	-13	13	760	48	-13	13	760	48	-13	13	760	48	-13	13	760	48	-13	13	760
49	-15	15	775	49	-15	15	775	49	-15	15	775	49	-15	15	775	49	-15	15	775	49	-15	15	775	49	-15	15	775	49	-15	15	775	49	-15	15	775	49	-15	15	775	49	-15	15	775	49	-15	15	775	49	-15	15	775	49	-15	15	775	49	-15	15	775	49	-15	15	775	49	-15	15	775	49	-15	15	775	49	-15	15	775	49	-15	15	775	49	-15	15	775	49	-15	15	775	49	-15	15	775	49	-15	15	775	49	-15	15	775	49	-15	15	775	49	-15	15	775	49	-15	15	775	49	-15	15	775
50	-13	13	788	50	-13	13	788	50	-13	13	788	50	-13	13	788	50	-13	13	788	50	-13	13	788	50	-13	13	788	50	-13	13	788	50	-13	13	788	50	-13	13	788	50	-13	13	788	50	-13	13	788	50	-13	13	788	50	-13	13	788	50	-13	13	788	50	-13	13	788	50	-13	13	788	50	-13	13	788	50	-13	13	788	50	-13	13	788	50	-13	13	788	50	-13	13	788	50	-13	13	788	50	-13	13	788	50	-13	13	788	50	-13	13	788	50	-13	13	788	50	-13	13	788	50	-13	13	788
51	-15	15	803	51	-15	15	803	51	-15	15	803	51	-15	15	803	51	-15	15	803	51	-15	15	803	51	-15	15	803	51	-15	15	803	51	-15	15	803	51	-15	15	803	51	-15	15	803	51	-15	15	803	51	-15	15	803	51	-15	15	803	51	-15	15	803	51	-15	15	803	51	-15	15	803	51	-15	15	803	51	-15	15	803	51	-15	15	803	51	-15	15	803	51	-15	15	803	51	-15	15	803	51	-15	15	803	51	-15	15	803	51	-15	15	803	51	-15	15	803	51	-15	15	803	51	-15	15	803
52	-234	36	839	52	-234	36	839	52	-234	36	839	52	-234	36	839	52	-234	36	839	52	-234	36	839	52	-234	36	839	52	-234	36	839	52	-234	36	839	52	-234	36	839	52	-234	36	839	52	-234	36	839	52	-234	36	839	52	-234	36	839	52	-234	36	839	52	-234	36	839	52	-234	36	839	52	-234	36	839	52	-234	36	839	52	-234	36	839	52	-234	36	839	52	-234	36	839	52	-234	36	839	52	-234	36	839	52	-234	36	839	52	-234	36	839	52	-234	36	839	52	-234	36	839	52	-234	36	839
53	-13	13	852	53	-13	13	852	53	-13	13	852	53	-13	13	852	53	-13	13	852	53	-13	13	852	53	-13	13	852	53	-13	13	852	53	-13	13	852	53	-13	13	852	53	-13	13	852	53	-13	13	852	53	-13	13	852	53	-13	13	852	53	-13	13	852	53	-13	13	852	53	-13	13	852	53	-13	13	852	53	-13	13	852	53	-13	13	852	53	-13	13	852	53	-13	13	852	53	-13	13	852	53	-13	13	852	53	-13	13	852	53	-13	13	852	53	-13	13	852	53	-13	13	852	53	-13	13	852
54	-16	16	868	54	-16	16	868	54	-16	16	868	54	-16	16	868	54	-16	16	868	54	-16	16	868	54	-16	16	868	54	-16	16	868	54	-16	16	868	54	-16	16	868	54	-16	16	868	54	-16	16	868	54	-16	16	868	54	-16	16	868	54	-16	16	868	54	-16	16	868	54	-16	16	868	54	-16	16	868	54	-16	16	868	54	-16	16	868	54	-16	16	868	54	-16	16	868	54	-16	16	868	54	-16	16	868	54	-16	16	868	54	-16	16	868	54	-16	16	868	54	-16	16	868	54	-16	16	868
55	-120	21	889	55	-120	21	889	55	-120	21	889	55	-120	21	889	55	-120	21	889	55	-120	21	889	55	-120	21	889	55	-120	21	889	55	-120	21	889	55	-120	21	889	55	-120	21	889	55	-120	21	889	55	-120	21	889	55	-120	21	889	55	-120	21	889	55	-120	21	889	55	-120	21	889	55	-120	21	889	55	-120	21	889	55	-120	21	889	55	-120	21	889	55	-120	21	889	55	-120	21	889	55	-120	21	889	55	-120	21	889	55	-120	21	889	55	-120	21	889	55	-120	21	889	55	-120	21	889
56	-120	21	910	56	-120	21	910	56	-120	21	910	56	-120	21	910	56	-120	21	910	56	-120	21	910	56	-120	21	910	56	-120	21	910	56	-120	21	910	56	-120	21	910	56	-120	21	910	56	-120	21	910	56	-120	21	910	56	-120	21	910	56	-120	21	910	56	-120	21	910	56	-120	21	910	56	-120	21	910	56	-120	21	910	56	-120	21	910	56	-120	21	910	56	-120	21	910	56	-120	21	910	56	-120	21	910	56	-120	21	910	56	-120	21	910	56	-120	21	910	56	-120	21	910	56	-120	21	910
57	-17	17	927	57	-17	17	927	57	-17	17	927	57	-17	17	927	57	-17	17	927	57	-17	17	927	57	-17	17	927	57	-17	17	927	57	-17	17	927	57	-17	17	927	57	-17	17	927	57	-17	17	927	57	-17	17	927	57	-17	17	927	57	-17	17	927	57	-17	17	927	57	-17	17	927	57	-17	17	927	57	-17	17	927	57	-17	17	927	57	-17	17	927	57	-17	17	927	57	-17	17	927	57	-17	17	927	57	-17	17	927	57	-17	17	927	57	-17	17	927	57	-17	17	927	57	-17	17	927
58	-15	15	942	58	-15	15	942	58	-15	15	942	58	-15	15	942	58	-15	15	942	58	-15	15	942	58	-15	15	942	58	-15	15	942	58	-15	15	942	58	-15	15	942	58	-15	15	942	58	-15	15	942	58	-15	15	942	58	-15	15	942	58	-15	15	942	58	-15	15	942	58	-15	15	942	58	-15	15	942	58	-15	15	942	58	-15	15	942	58	-15	15	942	58	-15	15	942	58	-15	15	942	58	-15	15	942	58	-15	15	942	58	-15	15	942	58	-15	15	942	58	-15	15	942	58	-15	15	942
59	-15	15	957	59	-15	15	957	59	-15	15	957	59	-15	15	957	59	-15	15	957	59	-15	15	957	59	-15	15	957	59	-15	15	957	59	-15	15	957	59	-15	15	957	59	-15	15	957	59	-15	15	957	59	-15	15	957	59	-15	15	957	59	-15	15	957	59	-15	15	957	59	-15	15	957	59	-15	15	957	59	-15	15	957	59	-15	15	957	59	-15	15	957	59	-15	15	957	59	-15	15	957	59	-15	15	957	59	-15	15	957	59	-15	15	957	59	-15	15	957	59	-15	15	957	59	-15	15	957
60	-17	17	974	60	-17	17	974	60	-17	17	974	60	-17	17	974	60	-17	17	974	60	-17	17	974	60	-17	17	974	60	-17	17	974	60	-17	17	974	60	-17	17	974	60	-17	17	974	60	-17	17	974	60	-17	17	974	60	-17	17	974	60	-17	17	974	60	-17	17	974	60	-17	17	974	60	-17	17	974	60	-17	17	974	60	-17	17	974	60	-17	17	974	60	-17	17	974	60	-17	17	974	60	-17	17	974	60	-17	17	974	60	-17	17	974	60	-17	17	974	60	-17	17	974	60	-17	17	974
61	-17	17	991	61	-17	17	991	61	-17	17	991	61	-17	17	991	61	-17	17	991	61	-17	17	991	61	-17	17	991	61	-17	17	991	61	-17	17	991	61	-17	17	991	61	-17	17	991	61	-17	17	991	61	-17	17	991	61	-17	17	991	61	-17	17	991	61	-17	17	991	61	-17	17	991	61	-17	17	991	61	-17	17	991	61	-17	17	991	61	-17	17	991	61	-17	17	991	61	-17	17	991	61	-17	17	991	61	-17	17	991	61	-17	17	991	61	-17	17	991	61	-17	17	991	61	-17	17	991
62	-17	17	1008	62	-17	17	1008	62	-17	17	1008	62	-17	17	1008	62	-17	17	1008	62	-17	17	1008	62	-17	17	1008	62	-17	17	1008	62	-17	17	1008	62	-17	17	1008	62	-17	17	1008	62	-17	17	1008	62	-17	17	1008	62	-17	17	1008	62	-17	17	1008	62	-17	17	1008	62	-17	17	1008	62	-17	17	1008	62	-17	17	1008	62	-17	17	1008	62	-17	17	1008	62	-17	17	1008	62	-17	17	1008	62	-17	17	1008	62	-17	17	1008	62	-17	17	1008	62	-17	17	1008	62	-17	17	1008	62	-17	17	1008
63	-13	13	1021	63	-13	13	1021	63	-13	13	1021	63	-13	13	1021	63	-13	13	1021	63	-13	13	1021	63	-13	13	1021	63	-13	13	1021	63	-13	13	1021	63	-13	13	1021	63	-13	13	1021	63	-13	13	1021	63	-13	13	1021	63	-13	13	1021	63	-13	13	1021	63	-13	13	1021	63	-13	13	1021	63	-13	13	1021	63	-13	13	1021	63	-13	13	1021	63	-13	13	1021	63	-13	13	1021	63	-13	13	1021	63	-13	13	1021	63	-13	13	1021	63	-13	13	1021	63	-13	13	1021	63	-13	13	1021	63	-13	13	1021
64	-13	13	1034	64	-13	13	1034	64	-13	13	1034	64	-13	13	1034	64	-13	13	1034	64	-13	13	1034	64	-13	13	1034	64	-13	13	1034	64	-13	13	1034	64	-13	13	1034	64	-13	13	1034	64	-13	13	1034	64	-13	13	1034	64	-13	13	1034	64	-13	13	1034	64	-13	13	1034	64	-13	13	1034	64	-13	13	1034	64	-13	13	1034	64	-13	13	1034	64	-13	13	1034	64	-13	13	1034	64	-13	13	1034	64	-13	13	1034	64	-13	13	1034	64	-13	13	1034	64	-13	13	1034	64	-13	13	1034	64	-13	13	1034
65	-15	15	1049	65	-15	15	1049	65	-15	15	1049	65	-15	15	1049	65	-15	15	1049	65	-15	15	1049	65	-15	15	1049	65	-15	15	1049	65	-15	15	1049	65	-15	15	1049	65	-15	15	1049	65	-15	15	1049	65	-15	15	1049	65	-15	15	1049	65	-15	15	1049	65	-15	15	1049	65	-15	15	1049	65	-15	15	1049	65	-15	15	1049	65	-15	15	1049	65	-15	15	1049	65	-15	15	1049	65	-15	15	1049	65	-15	15	1049	65	-15	15	1049	65	-15	15	1049	65	-15	15	1049	65	-15	15	1049	65	-15	15	1049
66	-17	17	1066	66	-17	17	1066	66	-17	17	1066	66	-17	17	1066	66	-17	17	1066	66	-17	17	1066	66	-17	17	1066	66	-17	17	1066	66	-17	17	1066	66	-17	17	1066	66	-17	17	1066	66	-17	17	1066	66	-17	17	1066	66	-17	17	1066	66	-17	17	1066	66	-17	17	1066	66	-17	17	1066	66	-17	17	1066	66	-17	17	1066	66	-17	17	1066	66	-17	17	1066	66	-17	17	1066	66	-17	17	1066	66	-17	17	1066	66	-17	17	1066	66	-17	17	1066	66	-17	17	1066	66	-17	17	1066	66	-17	17	1066
67	-19	19	1085	67	-19	19	1085	67	-19	19	1085	67	-19	19	1085	67	-19	19	1085	67	-19	19	1085	67	-19	19	1085	67	-19	19	1085	67	-19	19	1085	67	-19	19	1085	67	-19	19	1085	67	-19	19	1085	67	-19	19	1085	67	-19	19	1085	67	-19	19	1085	67	-19	19	1085	67	-19	19	1085	67	-19	19	1085	67	-19	19	1085	67	-19	19	1085	67	-19	19	1085	67	-19	19	1085	67	-19	19	1085	67	-19	19	1085	67	-19	19	1085	67	-19	19	1085	67	-19	19	1085	67	-19	19	1085	67	-19	19	1085
68	-14	14	1099	68	-14	14	1099	68	-14	14	1099	68	-14	14	1099	68	-14	14	1099	68	-14	14	1099	68	-14	14	1099	68	-14	14	1099	68	-14	14	1099	68	-14	14	1099	68	-14	14	1099	68	-14	14	1099	68	-14	14	1099	68	-14	14	1099	68	-14	14	1099	68	-14	14	1099	68	-14	14	1099	68	-14	14	1099	68	-14	14	1099	68	-14	14	1099	68	-14	14	1099	68	-14	14	1099	68	-14	14	1099	68	-14	14	1099	68	-14	14	1099	68	-14	14	1099	68	-14	14	1099	68	-14	14	1099	68	-14	14	1099
69	-13	13	1112	69	-13	13	1112	69	-13	13	1112	69	-13	13	1112	69	-13	13	1112	69	-13	13	1112	69	-13	13	1112	69	-13	13	1112	69	-13	13	1112	69	-13	13	1112	69	-13	13	1112	69	-13	13	1112	69	-13	13	1112	69	-13	13	1112	69	-13	13	1112	69	-13	13	1112	69	-13	13	1112	69	-13	13	1112	69	-13	13	1112	69	-13	13	1112	69	-13	13	1112	69	-13	13	1112	69	-13	13	1112	69	-13	13	1112	69	-13	13	1112	69	-13	13	1112	69	-13	13	1112	69	-13	13	1112	69	-13	13	1112
70	-13	13	1125	70	-13	13	1125	70	-13	13	1125	70	-13	13	1125	70	-13	13	1125	70	-13	13	1125	70	-13	13	1125	70	-13	13	1125	70	-13	13	1125	70	-13	13	1125	70	-13	13	1125	70	-13	13	1125	70	-13	13	1125	70	-13	13	1125	70	-13	13	1125	70	-13	13	1125	70	-13	13	1125	70	-13	13	1125	70	-13	13	1125	70	-13	13	1125	70	-13	13	1125	70	-13	13	1125	70	-13	13	1125	70	-13	13	1125	70	-13	13	1125	70	-13	13	1125	70	-13	13	1125	70	-13	13	1125	70	-13	13	1125
71	-13	13	1138	71	-13	13	1138	71	-13	13	1138	71	-13	13	1138	71	-13	13	1138	71	-13	13	1138	71	-13	13	1138	71	-13	13	1138	71	-13	13	1138	71	-13	13	1138	71	-13	13	1138	71	-13	13	1138	71	-13	13	1138	71	-13	13	1138	71	-13	13	1138	71	-13	13	1138	71	-13	13	1138	71	-13	13	1138	71	-13	13	1138	71	-13	13	1138	71	-13	13	1138	71	-13	13	1138	71	-13	13	1138	71	-13	13	1138	71	-13	13	1138	71	-13	13	1138	71	-13	13	1138	71	-13	13	1138	71	-13	13	1138
72	-13	13	1151	72	-13	13	1151	72	-13	13	1151	72	-13	13	1151	72	-13	13	1151	72	-13	13	1151	72	-13	13	1151	72	-13	13	1151	72	-13	13	1151	72	-13	13	1151	72	-13	13	1151	72	-13	13	1151	72	-13	13	1151	72	-13	13	1151	72	-13	13	1151	72	-13	13	1151	72	-13	13	1151	72	-13	13	1151	72	-13	13	1151	72	-13	13	1151	72	-13	13	1151	72	-13	13	1151	72	-13	13	1151	72	-13	13	1151	72	-13	13	1151	72	-13	13	1151	72	-13	13	1151	72	-13	13	1151	72	-13	13	1151
73	-13	13	1164	73	-13	13	1164	73	-13	13	1164	73	-13	13	1164	73	-13	13	1164	73	-13	13	1164	73	-13	13	1164	73	-13	13	1164	73	-13	13	1164	73	-13	13	1164	73	-13	13	1164	73	-13	13	1164	73	-13	13	1164	73	-13	13	1164	73	-13	13	1164	73	-13	13	1164	73	-13	13	1164	73	-13	13	1164	73	-13	13	1164	73	-13	13	1164	73	-13	13	1164	73	-13	13	1164	73	-13	13	1164	73	-13	13	1164	73	-13	13	1164	73	-13	13	1164	73	-13	13	1164	73	-13	13	1164	73	-13	13	1164
74	-15	15	1179	74	-15	15	1179	74	-15	15	1179	74	-15	15	1179	74	-15	15	1179	74	-15	15	1179	74	-15	15	1179	74	-15	15	1179	74	-15	15	1179	74	-15	15	1179	74	-15	15	1179	74	-15	15	1179	74	-15	15	1179	74	-15	15	1179	74	-15	15	1179	74	-15	15	1179	74	-15	15	1179	74	-15	15	1179	74	-15	15	1179	74	-15	15	1179	74	-15	15	1179	74	-15	15	1179	74	-15	15	1179	74	-15	15	1179	74	-15	15	1179	74	-15	15	1179	74	-15	15	1179	74	-15	15	1179	74	-15	15	1179
75	-13	13	1192	75	-13	13	1192	75	-13	13	1192	75	-13	13	1192	75	-13	13	1192	75	-13	13	1192	75	-13	13	1192	75	-13	13	1192	75	-13	13	1192	75	-13	13	1192	75	-13	13	1192	75	-13	13	1192	75	-13	13	1192	75	-13	13	1192	75	-13	13	1192	75	-13	13	1192	75	-13	13	1192	75	-13	13	1192	75	-13	13	1192	75	-13	13	1192	75	-13	13	1192	75	-13	13	1192	75	-13	13	1192	75	-13	13	1192	75	-13	13	1192	75	-13	13	1192	75	-13	13	1192	75	-13	13	1192	75	-13	13	1192
76	-13	13	1205	76	-13	13	1205	76	-13	13	1205	76	-13	13	1205	76	-13	13	1205	76	-13	13	1205	76	-13	13	1205	76	-13	13	1205	76	-13	13	1205	76	-13	13	1205	76	-13	13	1205	76	-13	13	1205	76	-13	13	1205	76	-13	13	1205	76	-13	13	1205	76	-13	13	1205	76	-13	13	1205	76	-13	13	1205	76	-13	13	1205	76	-13	13	1205	76	-13	13	1205	76	-13	13	1205	76	-13	13	1205	76	-13	13	1205	76	-13	13	1205	76	-13	13	1205	76	-13	13	1205	76	-13	13	1205	76	-13	13	1205
77	-13	13	1218	77	-13	13	1218	77	-13	13	1218	77	-13	13	1218	77	-13	13	1218	77	-13	13	1218	77	-13	13	1218	77	-13	13	1218	77	-13	13	1218	77	-13	13	1218	77	-13	13	1218	77	-13	13	1218	77	-13	13	1218	77	-13	13	1218	77	-13	13	1218	77	-13	13	1218	77	-13	13	1218	77	-13	13	1218	77	-13	13	1218	77	-13	13	1218	77	-13	13	1218	77	-13	13	1218	77	-13	13	1218	77	-13	13	1218	77	-13	13	1218	77	-13	13	1218	77	-13	13	1218	77	-13	13	1218	77	-13	13	1218
78	-13	13	1231	78	-13	13	1231	78	-13	13	1231	78	-13	13	1231	78	-13	13	1231	78	-13	13	1231	78	-13	13	1231	78	-13	13	1231	78	-13	13	1231	78	-13	13	1231	78	-13	13	1231	78	-13	13	1231	78	-13	13	1231	78	-13	13	1231	78	-13	13	1231	78	-13	13	1231	78	-13	13	1231	78	-13	13	1231	78	-13	13	1231	78	-13	13	1231	78	-13	13	1231	78	-13	13	1231	78	-13	13	1231	78	-13	13	1231	78	-13	13	1231	78	-13	13	1231	78	-13	13	1231	78	-13	13	1231	78	-13	13	1231
79	-13	13	1244	79	-13	13	1244	79	-13	13	1244	79	-13	13	1244	79	-13	13	1244	79	-13	13	1244	79	-13	13	1244	79	-13	13	1244	79	-13	13	1244	79	-13	13	1244	79	-13	13	1244	79	-13	13	1244	79	-13	13	1244	79	-13	13	1244	79	-13	13	1244	79	-13	13	1244	79	-13	13	1244	79	-13	13	1244	79	-13	13	1244	79	-13	13	1244	79	-13	13	1244	79	-13	13	1244	79	-13	13	1244	79	-13	13	1244	79	-13	13	1244	79	-13	13	1244	79	-13	13	1244	79	-13	13	1244	79	-13	13	1244
80	-13	13	1257	80	-13	13	1257	80	-13	13	1257	80	-13	13	1257	80	-13	13	1257	80	-13	13	1257	80	-13	13	1257	80	-13	13	1257	80	-13	13	1257	80	-13	13	1257	80	-13	13	1257	80	-13	13	1257	80	-13	13	1257	80	-13	13	1257	80	-13	13	1257	80	-13	13	1257	80	-13	13	1257	80	-13	13	1257	80	-13	13	1257	80	-13	13	1257	80	-13	13	1257	80	-13	13	1257	80	-13	13	1257	80	-13	13	1257	80	-13	13	1257	80	-13	13	1257	80	-13	13	1257	80	-13	13	1257	80	-13	13	1257
81	-18	18	1275	81	-18	18	1275	81	-18	18	1275	81	-18	18	1275	81	-18	18	1275	81	-18	18	1275	81	-18	18	1275	81	-18	18	1275	81	-18	18	1275	81	-18	18	1275	81	-18	18	1275	81	-18	18	1275	81	-18	18	1275	81	-18	18	1275	81	-18	18	1275	81	-18	18	1275	81	-18	18	1275	81	-18	18	1275	81	-18	18	1275	81	-18	18	1275	81	-18	18	1275	81	-18	18	1275	81	-18	18	1275	81	-18	18	1275	81	-18	18	1275	81	-18	18	1275	81	-18	18	1275	81	-18	18	1275	81	-18	18	1275
82	-13	13	1288	82	-13	13	1288	82	-13	13	1288	82	-13	13	1288	82	-13	13	1288	82	-13	13	1288	82	-13	13	1288	82	-13	13	1288	82	-13	13	1288	82	-13	13	1288	82	-13	13	1288	82	-13	13	1288	82	-13	13	1288	82	-13	13	1288	82	-13	13	1288	82	-13	13	1288	82	-13	13	1288	82	-13	13	1288	82	-13	13	1288	82	-13	13	1288	82	-13	13	1288	82	-13	13	1288	82	-13	13	1288	82	-13	13	1288	82	-13	13	1288	82	-13	13	1288	82	-13	13	1288	82	-13	13	1288	82	-13	13	1288
83	-13	13	1301	83	-13	13	1301	83	-13	13	1301	83	-13	13	1301	83	-13	13	1301	83	-13	13	1301	83	-13	13	1301	83	-13	13	1301	83	-13	13	1301	83	-13	13	1301	83	-13	13	1301	83	-13	13	1301	83	-13	13	1301	83	-13	13	1301	83	-13	13	1301	83	-13	13	1301	83	-13	13	1301	83	-13	13	1301	83	-13	13	1301	83	-13	13	1301	83	-13	13	1301	83	-13	13	1301	83	-13	13	1301	83	-13	13	1301	83	-13	13	1301	83	-13	13	1301	83	-13	13	1301	83	-13	13	1301	83	-13	13	1301
84	-13	13	1314	84	-13	13	1314	84	-13	13	1314	84	-13	13	1314	84	-13	13	1314	84	-13	13	1314	84	-13	13	1314	84	-13	13	1314	84	-13	13	1314	84	-13	13	1314	84	-13	13	1314	84	-13	13	1314	84	-13	13	1314	84	-13	13	1314	84	-13	13	1314	84	-13	13	1314	84	-13	13	1314	84	-13	13	1314	84	-13	13	1314	84	-13	13	1314	84	-13	13	1314	84	-13	13	1314	84	-13	13	1314	84	-13	13	1314	84	-13	13	1314	84	-13	13	1314	84	-13	13	1314	84	-13	13	1314	84	-13	13	1314
85	-15	15	1329	85	-15	15	1329	85	-15	15	1329	85	-15	15	1329	85	-15	15	1329	85	-15	15	1329	85	-15	15	1329	85	-15	15	1329	85	-15	15	1329	85	-15	15	1329	85	-15	15	1329	85	-15	15	1329	85	-15	15	1329	85	-15	15	1329	85	-15	15	1329	85	-15	15	1329	85	-15	15	1329	85	-15	15	1329	85	-15	15	1329	85	-15	15	1329	85	-15	15	1329	85	-15	15	1329	85	-15	15	1329	85	-15	15	1329	85	-15	15	1329	85	-15	15	1329	85	-15	15	1329	85	-15	15	1329	85	-15	15	1329
86	-13	13	1342	86	-13	13	1342	86	-13	13	1342	86	-13	13	1342	86	-13	13	1342	86	-13	13	1342	86	-13	13	1342	86	-13	13	1342	86	-13	13	1342	86	-13	13	1342	86	-13	13	1342	86	-13	13	1342	86	-13	13	1342	86	-13	13	1342	86	-13	13	1342	86	-13	13	1342	86	-13	13	1342	86	-13	13	1342	86	-13	13	1342	86	-13	13	1342	86	-13	13	1342	86	-13	13	1342	86	-13	13	1342	86	-13	13	1342	86	-13	13	1342	86	-13	13	1342	86	-13	13	1342	86	-13	13	1342	86	-13	13	1342
87	-16	16	1358	87	-16	16	1358	87	-16	16	1358	87	-16	16	1358	87	-16	16	1358	87	-16	16	1358	87	-16	16	1358	87	-16	16	1358	87	-16	16	1358	87	-16	16	1358	87	-16	16	1358	87	-16	16	1358	87	-16	16	1358	87	-16	16	1358	87	-16	16	1358	87	-16	16	1358	87	-16	16	1358	87	-16	16	1358	87	-16	16	1358	87	-16	16	1358	87	-16	16	1358	87	-16	16	1358	87	-16	16	1358	87	-16	16	1358	87	-16	16	1358	87	-16	16	1358	87	-16	16	1358	87	-16	16	1358	87	-16	16	1358
88	-116	17	1375	88	-116	17	1375	88	-116	17	1375	88	-116	17	1375	88	-116	17	1375	88	-116	17	1375	88	-116	17	1375	88	-116	17	1375	88	-116	17	1375	88	-116	17	1375	88	-116	17	1375	88	-116	17	1375	88	-116	17	1375	88	-116	17	1375	88	-116	17	1375	88	-116	17	1375	88	-116	17	1375	88	-116	17	1375	88	-116	17	1375	88	-116	17	1375	88	-116	17	1375	88	-116	17	1375	88	-116	17	1375	88	-116	17	1375	88	-116	17	1375	88	-116	17	1375	88	-116	17	1375	88	-116	17	1375	88	-116	17	1375
89	-117	18	1393	89	-117	18	1393	89	-117	18	1393	89	-117	18	1393	89	-117	18	1393	89	-117	18	1393	89	-117	18	1393	89	-117	18	1393	89	-117	18	1393	89	-117	18	1393	89	-117	18	1393	89	-117	18	1393	89	-117	18	1393	89	-117	18	1393	89	-117	18	1393	89	-117	18	1393	89	-117	18	1393	89	-117	18	1393	89	-117	18	1393	89	-117	18	1393	89	-117	18	1393	89	-117	18	1393	89	-117	18	1393	89	-117	18	1393	89	-117	18	1393	89	-117	18	1393	89	-117	18	1393	89	-117	18	1393	89	-117	18	1393
90	-13	13	1406	90	-13	13	1406	90	-13	13	1406	90	-13	13	1406	90	-13	13	1406	90	-13	13	1406	90	-13	13	1406	90	-13	13	1406	90	-13	13	1406	90	-13	13	1406	90	-13	13	1406	90	-13	13	1406	90	-13	13	1406	90	-13	13	1406	90	-13	13	1406	90	-13	13	1406	90	-13	13	1406	90	-13	13	1406	90	-13	13	1406	90	-13	13	1406	90	-13	13	1406	90	-13	13	1406	90	-13	13	1406	90	-13	13	1406	90	-13	13	1406	90	-13	13	1406	90	-13	13	1406	90	-13	13	1406	90	-13	13	1406
91	-14	14	1420	91	-14	14	1420	91	-14	14	1420	91	-14	14	1420	91	-14	14	1420	91	-14	14	1420	91	-14	14	1420	91	-14	14	1420	91	-14	14	1420	91	-14	14	1420	91	-14	14	1420	91	-14	14	1420	91	-14	14	1420	91	-14	14	1420	91	-14	14	1420	91	-14	14	1420	91	-14	14	1420	91	-14	14	1420	91	-14	14	1420	91	-14	14	1420	91	-14	14	1420	91	-14	14	1420	91	-14	14	1420	91	-14	14	1420	91	-14	14	1420	91	-14	14	1420	91	-14	14	1420	91	-14	14	1420	91	-14	14	1420
92	-18	18	1438	92	-18	18	1438	92	-18	18	1438	92	-18	18	1438	92	-18	18	1438	92	-18	18	1438	92	-18	18	1438	92	-18	18	1438	92	-18	18	1438	92	-18	18	1438	92	-18	18	1438	92	-18	18	1438	92	-18	18	1438	92	-18	18	1438	92	-18	18	1438	92	-18	18	1438	92	-18	18	1438	92	-18	18	1438	92	-18	18	1438	92	-18	18	1438	92	-18	18	1438	92	-18	18	1438	92	-18	18	1438	92	-18	18	1438	92	-18	18	1438	92	-18	18	1438	92	-18	18	1438	92	-18	18	1438	92	-18	18	1438
93	-17	17	1455	93	-17	17	1455	93	-17	17	1455	93	-17	17	1455	93	-17	17	1455	93	-17	17	1455	93	-17	17	1455	93	-17	17	1455	93	-17	17	1455	93	-17	17	1455	93	-17	17	1455	93	-17	17	1455	93	-17	17	1455	93	-17	17	1455	93	-17	17	1455	93	-17	17	1455	93	-17	17	1455	93	-17	17	1455	93	-17	17	1455	93	-17	17	1455	93	-17	17	1455	93	-17	17	1455	93	-17	17	1455	93	-17	17	1455	93	-17	17	1455	93	-17	17	1455	93	-17	17	1455	93	-17	17	1455	93	-17	17	1455
94	-121	22	1477	94	-121	22	1477	94	-121	22	1477	94	-121	22	1477	94	-121	22	1477	94	-121	22	1477	94	-121	22	1477	94	-121	22	1477	94	-121	22	1477	94	-121	22	1477	94	-121	22	1477	94	-121	22	1477	94	-121	22	1477	94	-121	22	1477	94	-121	22	1477	94	-121	22	1477	94	-121	22	1477	94	-121	22	1477	94	-121	22	1477	94	-121	22	1477	94	-121	22	1477	94	-121	22	1477	94	-121	22	1477	94	-121	22	1477	94	-121	22	1477	94	-121	22	1477	94	-121	22	1477	94	-121	22	1477	94	-121	22	1477
95	-13	13	1490	95	-13	13	1490	95	-13	13	1490	95	-13	13	1490	95	-13	13	1490	95	-13	13	1490	95	-13	13	1490	95	-13	13	1490	95	-13	13	1490	95	-13	13	1490	95	-13	13	1490	95	-13	13	1490	95	-13	13	1490	95	-13	13	1490	95	-13	13	1490	95	-13	13	1490	95	-13	13	1490	95	-13	13	1490	95	-13	13	1490	95	-13	13	1490	95	-13	13	1490	95	-13	13	1490	95	-13	13	1490	95	-13	13	1490	95	-13	13	1490	95	-13	13	1490	95	-13	13	1490	95	-13	13	1490	95	-13	13	1490
96	-16	16	1506	96	-16	16	1506	96	-16	16	1506	96	-16	16	1506	96	-16	16	1506	96	-16	16	1506	96	-16	16	1506	96	-16	16	1506	96	-16	16	1506	96	-16	16	1506	96	-16	16	1506	96	-16	16	1506	96	-16	16	1506	96	-16	16	1506	96	-16	16	1506	96	-16	16	1506	96	-16	16	1506	96	-16	16	1506	96	-16	16	1506	96	-16	16	1506	96	-16	16	1506	96	-16	16	1506	96	-16	16	1506	96	-16	16	1506	96	-16	16	1506	96	-16	16	1506	96	-16	16	1506	96	-16	16	1506	96	-16	16	1506
97	-17	17	1523	97	-17	17	1523	97	-17	17	1523	97	-17	17	1523	97	-17	17	1523	97	-17	17	1523	97	-17	17	1523	97	-17	17	1523	97	-17	17	1523	97	-17	17	1523	97	-17	17	1523	97	-17	17	1523	97	-17	17	1523	97	-17	17	1523	97	-17	17	1523	97	-17	17	1523	97	-17	17	1523	97	-17	17	1523	97	-17	17	1523	97	-17	17	1523	97	-17	17	1523	97	-17	17	1523	97	-17	17	1523	97	-17	17	1523	97	-17	17	1523	97	-17	17	1523	97	-17	17	1523	97	-17	17	1523	97	-17	17	1523
98	-13	13	1536	98	-13	13	1536	98	-13	13	1536	98	-13	13	1536	98	-13	13	1536	98	-13	13	1536	98	-13	13	1536	98	-13	13	1536	98	-13	13	1536	98	-13	13	1536	98	-13	13	1536	98	-13	13	1536	98	-13	13	1536	98	-13	13	1536	98	-13	13	1536	98	-13	13	1536	98	-13	13	1536	98	-13	13	1536	98	-13	13	1536	98	-13	13	1536	98	-13	13	1536	98	-13	13	1536	98	-13	13	1536	98	-13	13	1536	98	-13	13	1536	98	-13	13	1536	98	-13	13	1536	98	-13	13	1536	98	-13	13	1536
99	-13	13	1549	99	-13	13	1549	99	-13	13	1549	99	-13	13	1549	99	-13	13	1549	99	-13	13	1549	99	-13	13	1549	99	-13	13	1549	99	-13	13	1549	99	-13	13	1549	99	-13	13	1549	99	-13	13	1549	99	-13	13	1549	99	-13	13	1549	99	-13	13	1549	99	-13	13	1549	99	-13	13	1549	99	-13	13	1549	99	-13	13	1549	99	-13	13	1549	99	-13	13	1549	99	-13	13	1549	99	-13	13	1549	99	-13	13	1549	99	-13	13	1549	99	-13	13	1549	99	-13	13	1549	99	-13	13	1549	99	-13	13	1549
100	-14	14	1563	100	-14	14	1563	100	-14	14	1563	100	-14	14	1563	100	-14	14	1563	100	-14	14	1563	100	-14	14	1563	100	-14	14	1563	100	-14	14	1563	100	-14	14	1563	100	-14	14	1563	100	-14	14	1563	100	-14	14	1563	100	-14	14	1563	100	-14	14	1563	100	-14	14	1563	100	-14	14	1563	100	-14	14	1563	100	-14	14	1563	100	-14	14	1563	100	-14	14	1563	100	-14	14	1563	100	-14	14	1563	100	-14	14	1563	100	-14	14	1563	100	-14	14	1563	100	-14	14	1563	100	-14	14	1563	100	-14	14	1563
101	-13	13	1576	101	-13	13	1576	101	-13	13	1576	101	-13	13	1576	101	-13	13	1576	101	-13	13	1576	101	-13	13	1576	101	-13	13	1576	101	-13	13	1576	101	-13	13	1576	101	-13	13	1576	101	-13	13	1576	101	-13	13	1576	101	-13	13	1576	101	-13	13	1576	101	-13	13	1576	101	-13	13	1576	101	-13	13	1576	101	-13	13	1576	101	-13	13	1576	101	-13	13	1576	101	-13	13	1576	101	-13	13	1576	101	-13	13	1576	101	-13	13	1576	101	-13	13	1576	101	-13	13	1576	101	-13	13	1576	101	-13	13	1576
102	-126	27	1603	102	-126	27	1603	102	-126	27	1603	102	-126	27	1603	102	-126	27	1603	102	-126	27	1603	102	-126	27	1603	102	-126	27	1603	102	-126	27	1603	102	-126	27	1603	102	-126	27	1603	102	-126	27	1603	102	-126	27	1603	102	-126	27	1603	102	-126	27	1603	102	-126	27	1603	102	-126	27	1603	102	-126	27	1603	102	-126	27	1603	102	-126	27	1603	102	-126	27	1603	102	-126	27	1603	102	-126	27	1603	102	-126	27	1603	102	-126	27	1603	102	-126	27	1603	102	-126	27	1603	102	-126	27	1603	102	-126	27	1603
103	-14	14	1617	103	-14	14	1617	103	-14	14	1617	103	-14	14	1617	103	-14	14	1617	103	-14	14	1617	103	-14	14	1617	103	-14	14	1617	103	-14	14	1617	103	-14	14	1617	103	-14	14	1617	103	-14	14	1617	103	-14	14	1617	103	-14	14	1617	103	-14	14	1617	103	-14	14	1617	103	-14	14	1617	103	-14	14	1617	103	-14	14	1617	103	-14	14	1617	103	-14	14	1617	103	-14	14	1617	103	-14	14	1617	103	-14	14	1617	103	-14	14	1617	103	-14	14	1617	103	-14	14	1617	103	-14	14	1617	103	-14	14	1617
104	-13	13	1630	104	-13	13	1630	104	-13	13	1630	104	-13	13	1630	104	-13	13	1630	104	-13	13	1630	104	-13	13	1630	104	-13	13	1630	104	-13	13	1630	104	-13	13	1630	104	-13	13	1630	104	-13	13	1630	104	-13	13	1630	104	-13	13	1630	104	-13	13	1630	104	-13	13	1630	104	-13	13	1630	104	-13	13	1630	104	-13	13	1630	104	-13	13	1630	104	-13	13	1630	104	-13	13	1630	104	-13	13	1630	104	-13	13	1630	104	-13	13	1630	104	-13	13	1630	104	-13	13	1630	104	-13	13	1630	104	-13	13	1630
105	-13	13	1643	105	-13	13	1643	105	-13	13	1643	105	-13	13	1643	105	-13	13	1643	105	-13	13	1643	105	-13	13	1643	105	-13	13	1643	105	-13	13	1643	105	-13	13	1643	105	-13	13	1643	105	-13	13	1643	105	-13	13	1643	105	-13	13	1643	105	-13	13	1643	105	-13	13	1643	105	-13	13	1643	105	-13	13	1643	105	-13	13	1643	105	-13	13	1643	105	-13	13	1643	105	-13	13	1643	105	-13	13	1643	105	-13	13	1643	105	-13	13	1643	105	-13	13	1643	105	-13	13	1643	105	-13	13	1643	105	-13	13	1643
106	-13	13	1656	106	-13	13	1656	106	-13	13	1656	106	-13	13	1656	106	-13	13	1656	106	-13	13	1656	106	-13	13	1656	106	-13	13	1656	106	-13	13	1656	106	-13	13	1656	106	-13	13	1656	106	-13	13	1656	106	-13	13	1656	106	-13	13	1656	106	-13	13	1656	106	-13	13	1656	106	-13	13	1656	106	-13	13	1656	106	-13	13	1656	106	-13	13	1656	106	-13	13	1656	106	-13	13	1656	106	-13	13	1656	106	-13	13	1656	106	-13	13	1656	106	-13	13	1656	106	-13	13	1656	106	-13	13	1656	106	-13	13	1656
107	-15	15	1671	107	-15	15	1671	107	-15	15	1671	107	-15	15	1671	107	-15	15	1671	107	-15	15	1671	107	-15	15	1671	107	-15	15	1671	107	-15	15	1671	107	-15	15	1671	107	-15	15	1671	107	-15	15	1671	107	-15	15	1671	107	-15	15	1671	107	-15	15	1671	107	-15	15	1671	107	-15	15	1671	107	-15	15	1671	107	-15	15	1671	107	-15	15	1671	107	-15	15	1671	107	-15	15	1671	107	-15	15	1671	107	-15	15	1671	107	-15	15	1671	107	-15	15	1671	107	-15	15	1671	107	-15	15	1671	107	-15	15	1671
108	-13	13	1684	108	-13	13	1684	108	-13	13	1684	108	-13	13	1684	108	-13	13	1684	108	-13	13	1684	108	-13	13	1684	108	-13	13	1684	108	-13	13	1684	108	-13	13	1684	108	-13	13	1684	108	-13	13	1684	108	-13	13	1684	108	-13	13	1684	108	-13	13	1684	108	-13	13	1684	108	-13	13	1684	108	-13	13	1684	108	-13	13	1684	108	-13	13	1684	108	-13	13	1684	108	-13	13	1684	108	-13	13	1684	108	-13	13	1684	108	-13	13	1684	108	-13	13	1684	108	-13	13	1684	108	-13	13	1684	108	-13	13	1684
109	-113	14	1698	109	-113	14	1698	109	-113	14	1698	109	-113	14	1698	109	-113	14	1698	109	-113	14	1698	109	-113	14	1698	109	-113	14	1698	109	-113	14	1698	109	-113	14	1698	109	-113	14	1698	109	-113	14	1698	109	-113	14	1698	109	-113	14	1698	109	-113	14	1698	109	-113	14	1698	109	-113	14	1698	109	-113	14	1698	109	-113	14	1698	109	-113	14	1698	109	-113	14	1698	109	-113	14	1698	109	-113	14	1698	109	-113	14	1698	109	-113	14	1698	109	-113	14	1698	109	-113	14	1698	109	-113	14	1698	109	-113	14	1698
110	-15	15	1713	110	-15	15	1713	110	-15	15	1713	110	-15	15	1713	110	-15	15	1713	110	-15	15	1713	110	-15	15	1713	110	-15	15	1713	110	-15	15	1713	110	-15	15	1713	110	-15	15	1713	110	-15	15	1713	110	-15	15	1713	110	-15	15	1713	110	-15	15	1713	110	-15	15	1713	110	-15	15	1713	110	-15	15	1713	110	-15	15	1713	110	-15	15	1713	110	-15	15	1713	110	-15	15	1713	110	-15	15	1713	110	-15	15	1713	110	-15	15	1713	110	-15	15	1713	110	-15	15	1713	110	-15	15	1713	110	-15	15	1713
111	-15	15	1728	111	-15	15	1728	111	-15	15	1728	111	-15	15	1728	111	-15	15	1728	111	-15	15	1728	111	-15	15	1728	111	-15	15	1728	111	-15	15	1728	111	-15	15	1728	111	-15	15	1728	111	-15	15	1728	111	-15	15	1728	111	-15	15	1728	111	-15	15	1728	111	-15	15	1728	111	-15	15	1728	111	-15	15	1728	111	-15	15	1728	111	-15	15	1728	111	-15	15	1728	111	-15	15	1728	111	-15	15	1728	111	-15	15	1728	111	-15	15	1728	111	-15	15	1728	111	-15	15	1728	111	-15	15	1728	111	-15	15	1728
112	-17	17	1745	112	-17	17	1745	112	-17	17	1745	112	-17	17	1745	112	-17	17	1745	112	-17	17	1745	112	-17	17	1745	112	-17	17	1745	112	-17	17	1745	112	-17	17	1745	112	-17	17	1745	112	-17	17	1745	112	-17	17	1745	112	-17	17	1745	112	-17	17	1745	112	-17	17	1745	112	-17	17	1745	112	-17	17	1745	112	-17	17	1745	112	-17	17	1745	112	-17	17	1745	112	-17	17	1745	112	-17	17	1745	112	-17	17	1745	112	-17	17	1745	112	-17	17	1745	112	-17	17	1745	112	-17	17	1745	112	-17	17	1745
113	-338	41	1786	113	-338	41	1786	113	-338	41	1786	113	-338	41	1786	113	-338	41	1786	113	-338	41	1786	113	-338	41	1786	113	-338	41	1786	113	-338	41	1786	113	-338	41	1786	113	-338	41	1786	113	-338	41	1786	113	-338	41	1786	113	-338	41	1786	113	-338	41	1786	113	-338	41	1786	113	-338	41	1786	113	-338	41	1786	113	-338	41	1786	113	-338	41	1786	113	-338	41	1786	113	-338	41	1786	113	-338	41	1786	113	-338	41	1786	113	-338	41	1786	113	-338	41	1786	113	-338	41	1786	113	-338	41	1786	113	-338	41	1786
114	-13	13	1799	114	-13	13	1799	114	-13	13	1799	114	-13	13	1799	114	-13	13	1799	114	-13	13	1799	114	-13	13	1799	114	-13	13	1799	114	-13	13	1799	114	-13	13	1799	114	-13	13	1799	114	-13	13	1799	114	-13	13	1799	114	-13	13	1799	114	-13	13	1799	114	-13	13	1799	114	-13	13	1799	114	-13	13	1799	114	-13	13	1799	114	-13	13	1799	114	-13	13	1799	114	-13	13	1799	114	-13	13	1799	114	-13	13	1799	114	-13	13	1799	114	-13	13	1799	114	-13	13	1799	114	-13	13	1799	114	-13	13	1799
115	-13	13	1812	115	-13	13	1812	115	-13	13	1812	115	-13	13	1812	115	-13	13	1812	115	-13	13	1812	115	-13	13	1812	115	-13	13	1812	115	-13	13	1812	115	-13	13	1812	115	-13	13	1812	115	-13	13	1812	115	-13	13	1812	115	-13	13	1812	115	-13	13	1812	115	-13	13	1812	115	-13	13	1812	115	-13	13	1812	115	-13	13	1812	115	-13	13	1812	115	-13	13	1812	115	-13	13	1812	115	-13	13	1812	115	-13	13	1812	115	-13	13	1812	115	-13	13	1812	115	-13	13	1812	115	-13	13	1812	115	-13	13	1812
116	-19	19	1831	116	-19	19	1831	116	-19	19	1831	116	-19	19	1831	116	-19	19	1831	116	-19	19	1831	116	-19	19	1831	116	-19	19	1831	116	-19	19	1831	116	-19	19	1831	116	-19	19	1831	116	-19	19	1831	116	-19	19	1831	116	-19	19	1831	116	-19	19	1831	116	-19	19	1831	116	-19	19	1831	116	-19	19	1831	116	-19	19	1831	116	-19	19	1831	116	-19	19	1831	116	-19	19	1831	116	-19	19	1831	116	-19	19	1831	116	-19	19	1831	116	-19	19	1831	116	-19	19	1831	116	-19	19	1831	116	-19	19	1831
117	-114	15	1846	117	-114	15	1846	117	-114	15	1846	117	-114	15	1846	117	-114	15	1846	117	-114	15	1846	117	-114	15	1846	117	-114	15	1846	117	-114	15	1846	117	-114	15	1846	117	-114	15	1846	117	-114	15	1846	117	-114	15	1846	117	-114	15	1846	117	-114	15	1846	117	-114	15	1846	117	-114	15	1846	117	-114	15	1846	117	-114	15	1846	117	-114	15	1846	117	-114	15	1846	117	-114	15	1846	117	-114	15	1846	117	-114	15	1846	117	-114	15	1846	117	-114	15	1846	117	-114	15	1846	117	-114	15	1846	117	-114	15	1846
118	-114	15	1861	118	-114	15	1861	118	-114	15	1861	118	-114	15	1861	118	-114	15	1861	118	-114	15	1861	118	-114	15	1861	118	-114	15	1861	118	-114	15	1861	118	-114	15	1861	118	-114	15	1861	118	-114	15	1861	118	-114	15	1861	118	-114	15	1861	118	-114	15	1861	118	-114	15	1861	118	-114	15	1861	118	-114	15	1861	118	-114	15	1861	118	-114	15	1861	118	-114	15	1861	118	-114	15	1861	118	-114	15	1861	118	-114	15	1861	118	-114	15	1861	118	-114	15	1861	118	-114	15	1861	118	-114	15	1861	118	-114	15	1861
119	-13	13	1874	119	-13	13	1874	119	-13	13	1874	119	-13	13	1874	119	-13	13	1874	119	-13	13	1874	119	-13	13	1874	119	-13	13	1874	119	-13	13	1874	119	-13	13	1874	119	-13	13	1874	119	-13	13	1874	119	-13	13	1874	119	-13	13	1874	119	-13	13	1874	119	-13	13	1874	119	-13	13	1874	119	-13	13	1874	119	-13	13	1874	119	-13	13	1874	119	-13	13	1874	119	-13	13	1874	119	-13	13	1874	119	-13	13	1874	119	-13	13	1874	119	-13	13	1874	119	-13	13	1874	119	-13	13	1874	119	-13	13	1874
120	-15	15	1889	120	-15	15	1889	120	-15	15	1889	120	-15	15	1889	120	-15	15	1889	120	-15	15	1889	120	-15	15	1889	120	-15	15	1889	120	-15	15	1889	120	-15	15	1889	120	-15	15	1889	120	-15	15	1889	120	-15	15	1889	120	-15	15	1889	120	-15	15	1889	120	-15	15	1889	120	-15	15	1889	120	-15	15	1889	120	-15	15	1889	120	-15	15	1889	120	-15	15	1889	120	-15	15	1889	120	-15	15	1889	120	-15	15	1889	120	-15	15	1889	120	-15	15	1889	120	-15	15	1889	120	-15	15	1889	120	-15	15	1889
121	-15	15	1904	121	-15	15	1904	121	-15	15	1904	121	-15	15	1904	121	-15	15	1904	121	-15	15	1904	121	-15	15	1904	121	-15	15	1904	121	-15	15	1904	121	-15	15	1904	121	-15	15	1904	121	-15	15	1904	121	-15	15	1904	121	-15	15	1904	121	-15	15	1904	121	-15	15	1904	121	-15	15	1904	121	-15	15	1904	121	-15	15	1904	121	-15	15	1904	121	-15	15	1904	121	-15	15	1904	121	-15	15	1904	121	-15	15	1904	121	-15	15	1904	121	-15	15	1904	121	-15	15	1904	121	-15	15	1904	121	-15	15	1904
122	-13	13	1917	122	-13	13	1917	122	-13	13	1917	122	-13	13	1917	122	-13	13	1917	122	-13	13	1917	122	-13	13	1917	122	-13	13	1917	122	-13	13	1917	122	-13	13	1917	122	-13	13	1917	122	-13	13	1917	122	-13	13	1917	122	-13	13	1917	122	-13	13	1917	122	-13	13	1917	122	-13	13	1917	122	-13	13	1917	122	-13	13	1917	122	-13	13	1917	122	-13	13	1917	122	-13	13	1917	122	-13	13	1917	122	-13	13	1917	122	-13	13	1917	122	-13	13	1917	122	-13	13	1917	122	-13	13	1917	122	-13	13	1917
123	-13	13	1930	123	-13	13	1930	123	-13	13	1930	123	-13	13	1930	123	-13	13	1930	123	-13	13	1930	123	-13	13	1930	123	-13	13	1930	123	-13	13	1930	123	-13	13	1930	123	-13	13	1930	123	-13	13	1930	123	-13	13	1930	123	-13	13	1930	123	-13	13	1930	123	-13	13	1930	123	-13	13	1930	123	-13	13	1930	123	-13	13	1930	123	-13	13	1930	123	-13	13	1930	123	-13	13	1930	123	-13	13	1930	123	-13	13	1930	123	-13	13	1930	123	-13	13	1930	123	-13	13	1930	123	-13	13	1930	123	-13	13	1930
124	-18	18	1948	124	-18	18	1948	124	-18	18	1948	124	-18	18	1948	124	-18	18	1948	124	-18	18	1948	124	-18	18	1948	124	-18	18	1948	124	-18	18	1948	124	-18	18	1948	124	-18	18	1948	124	-18	18	1948	124	-18	18	1948	124	-18	18	1948	124	-18	18	1948	124	-18	18	1948	124	-18	18	1948	124	-18	18	1948	124	-18	18	1948	124	-18	18	1948	124	-18	18	1948	124	-18	18	1948	124	-18	18	1948	124	-18	18	1948	124	-18	18	1948	124	-18	18	1948	124	-18	18	1948	124	-18	18	1948	124	-18	18	1948
125	-13	13	1961	125	-13	13	1961	125	-13	13	1961	125	-13	13	1961	125	-13	13	1961	125	-13	13	1961	125	-13	13	1961	125	-13	13	1961	125	-13	13	1961	125	-13	13	1961	125	-13	13	1961	125	-13	13	1961	125	-13	13	1961	125	-13	13	1961	125	-13	13	1961	125	-13	13	1961	125	-13	13	1961	125	-13	13	1961	125	-13	13	1961	125	-13	13	1961	125	-13	13	1961	125	-13	13	1961	125	-13	13	1961	125	-13	13	1961	125	-13	13	1961	125	-13	13	1961	125	-13	13	1961	125	-13	13	1961	125	-13	13	1961
126	-116	17	1978	126	-116	17	1978	126	-116	17	1978	126	-116	17	1978	126	-116	17	1978	126	-116	17	1978	126	-116	17	1978	126	-116	17	1978	126	-116	17	1978	126	-116	17	1978	126	-116	17	1978	126	-116	17	1978	126	-116	17	1978	126	-116	17	1978	126	-116	17	1978	126	-116	17	1978	126	-116	17	1978	126	-116	17	1978	126	-116	17	1978	126	-116	17	1978	126	-116	17	1978	126	-116	17	1978	126	-116	17	1978	126	-116	17	1978	126	-116	17	1978	126	-116	17	1978	126	-116	17	1978	126	-116	17	1978	126	-116	17	1978
127	-119	20	1998	127	-119	20	1998	127	-119	20	1998	127	-119	20	1998	127	-119	20	1998	127	-119	20	1998	127	-119	20	1998	127	-119	20	1998	127	-119	20	1998	127	-119	20	1998	127	-119	20	1998	127	-119	20	1998	127	-119	20	1998	127	-119	20	1998	127	-119	20	1998	127	-119	20	1998	127	-119	20	1998	127	-119	20	1998	127	-119	20	1998	127	-119	20	1998	127	-119	20	1998	127	-119	20	1998	127	-119	20	1998	127	-119	20	1998	127	-119	20	1998	127	-119	20	1998	127	-119	20	1998	127	-119	20	1998	127	-119	20	1998
128	-15	15	2013	128	-15	15	2013	128	-15	15	2013	128	-15	15	2013	128	-15	15	2013	128	-15	15	2013	128	-15	15	2013	128	-15	15	2013	128	-15	15	2013	128	-15	15	2013	128	-15	15	2013	128	-15	15	2013	128	-15	15	2013	128	-15	15	2013	128	-15	15	2013	128	-15	15	2013	128	-15	15	2013	128	-15	15	2013	128	-15	15	2013	128	-15	15	2013	128	-15	15	2013	128	-15	15	2013	128	-15	15	2013	128	-15	15	2013	128	-15	15	2013	128	-15	15	2013	128	-15	15	2013	128	-15	15	2013	128	-15	15	2013
129	-15	15	2028	129	-15	15	2028	129	-15	15	2028	129	-15	15	2028	129	-15	15	2028	129	-15	15	2028	129	-15	15	2028	129	-15	15	2028	129	-15	15	2028	129	-15	15	2028	129	-15	15	2028	129	-15	15	2028	129	-15	15	2028	129	-15	15	2028	129	-15	15	2028	129	-15	15	2028	129	-15	15	2028	129	-15	15	2028	129	-15	15	2028	129	-15	15	2028	129	-15	15	2028	129	-15	15	2028	129	-15	15	2028	129	-15	15	2028	129	-15	15	2028	129	-15	15	2028	129	-15	15	2028	129	-15	15	2028	129	-15	15	2028
130	-13	13	2041	130	-13	13	2041	130	-13	13	2041	130	-13	13	2041	130	-13	13	2041	130	-13	13	2041	130	-13	13	2041	130	-13	13	2041	130	-13	13	2041	130	-13	13	2041	130	-13	13	2041	130	-13	13	2041	130	-13	13	2041	130	-13	13	2041	130	-13	13	2041	130	-13	13	2041	130	-13	13	2041	130	-13	13	2041	130	-13	13	2041	130	-13	13	2041	130	-13	13	2041	130	-13	13	2041	130	-13	13	2041	130	-13	13	2041	130	-13	13	2041	130	-13	13	2041	130	-13	13	2041	130	-13	13	2041	130	-13	13	2041
131	-13	13	2054	131	-13	13	2054	131	-13	13	2054	131	-13	13	2054	131	-13	13	2054	131	-13	13	2054	131	-13	13	2054	131	-13	13	2054	131	-13	13	2054	131	-13	13	2054	131	-13	13	2054	131	-13	13	2054	131	-13	13	2054	131	-13	13	2054	131	-13	13	2054	131	-13	13	2054	131	-13	13	2054	131	-13	13	2054	131	-13	13	2054	131	-13	13	2054	131	-13	13	2054	131	-13	13	2054	131	-13	13	2054	131	-13	13	2054	131	-13	13	2054	131	-13	13	2054	131	-13	13	2054	131	-13	13	2054	131	-13	13	2054
132	-13	13	2067	132	-13	13	2067	132	-13	13	2067	132	-13	13	2067	132	-13	13	2067	132	-13	13	2067	132	-13	13	2067	132	-13	13	2067	132	-13	13	2067	132	-13	13	2067	132	-13	13	2067	132	-13	13	2067	132	-13	13	2067	132	-13	13	2067	132	-13	13	2067	132	-13	13	2067	132	-13	13	2067	132	-13	13	2067	132	-13	13	2067	132	-13	13	2067	132	-13	13	2067	132	-13	13	2067	132	-13	13	2067	132	-13	13	2067	132	-13	13	2067	132	-13	13	2067	132	-13	13	2067	132	-13	13	2067	132	-13	13	2067
133	-126	27	2094	133	-126	27	2094	133	-126	27	2094	133	-126	27	2094	133	-126	27	2094	133	-126	27	2094	133	-126	27	2094	133	-126	27	2094	133	-126	27	2094	133	-126	27	2094	133	-126	27	2094	133	-126	27	2094	133	-126	27	2094	133	-126	27	2094	133	-126	27	2094	133	-126	27	2094	133	-126	27	2094	133	-126	27	2094	133	-126	27	2094	133	-126	27	2094	133	-126	27	2094	133	-126	27	2094	133	-126	27	2094	133	-126	27	2094	133	-126	27	2094	133	-126	27	2094	133	-126	27	2094	133	-126	27	2094	133	-126	27	2094
134	-13	13	2107	134	-13	13	2107	134	-13	13	2107	134	-13	13	2107	134	-13	13	2107	134	-13	13	2107	134	-13	13	2107	134	-13	13	2107	134	-13	13	2107	134	-13	13	2107	134	-13	13	2107	134	-13	13	2107	134	-13	13	2107	134	-13	13	2107	134	-13	13	2107	134	-13	13	2107	134	-13	13	2107	134	-13	13	2107	134	-13	13	2107	134	-13	13	2107	134	-13	13	2107	134	-13	13	2107	134	-13	13	2107	134	-13	13	2107	134	-13	13	2107	134	-13	13	2107	134	-13	13	2107	134	-13	13	2107	134	-13	13	2107
135	-13	13	2120	135	-13	13	2120	135	-13	13	2120	135	-13	13	2120	135	-13	13	2120	135	-13	13	2120	135	-13	13	2120	135	-13	13	2120	135	-13	13	2120	135	-13	13	2120	135	-13	13	2120	135	-13	13	2120	135	-13	13	2120	135	-13	13	2120	135	-13	13	2120	135	-13	13	2120	135	-13	13	2120	135	-13	13	2120	135	-13	13	2120	135	-13	13	2120	135	-13	13	2120	135	-13	13	2120	135	-13	13	2120	135	-13	13	2120	135	-13	13	2120	135	-13	13	2120	135	-13	13	2120	135	-13	13	2120	135	-13	13	2120
136	-15	15	2135	136	-15	15	2135	136	-15	15	2135	136	-15	15	2135	136	-15	15	2135	136	-15	15	2135	136	-15	15	2135	136	-15	15	2135	136	-15	15	2135	136	-15	15	2135	136	-15	15	2135	136	-15	15	2135	136	-15	15	2135	136	-15	15	2135	136	-15	15	2135	136	-15	15	2135	136	-15	15	2135	136	-15	15	2135	136	-15	15	2135	136	-15	15	2135	136	-15	15	2135	136	-15	15	2135	136	-15	15	2135	136	-15	15	2135	136	-15	15	2135	136	-15	15	2135	136	-15	15	2135	136	-15	15	2135	136	-15	15	2135
137	-13	13	2148	137	-13	13	2148	137	-13	13	2148	137	-13	13	2148	137	-13	13	2148	137	-13	13	2148	137	-13	13	2148	137	-13	13	2148	137	-13	13	2148	137	-13	13	2148	137	-13	13	2148	137	-13	13	2148	137	-13	13	2148	137	-13	13	2148	137	-13	13	2148	137	-13	13	2148	137	-13	13	2148	137	-13	13	2148	137	-13	13	2148	137	-13	13	2148	137	-13	13	2148	137	-13	13	2148	137	-13	13	2148	137	-13	13	2148	137	-13	13	2148	137	-13	13	2148	137	-13	13	2148	137	-13	13	2148	137	-13	13	2148
138	-15	15	2163	138	-15	15	2163	138	-15	15	2163	138	-15	15	2163	138	-15	15	2163	138	-15	15	2163	138	-15	15	2163	138	-15	15	2163	138	-15	15	2163	138	-15	15	2163	138	-15	15	2163	138	-15	15	2163	138	-15	15	2163	138	-15	15	2163	138	-15	15	2163	138	-15	15	2163	138	-15	15	2163	138	-15	15	2163	138	-15	15	2163	138	-15	15	2163	138	-15	15	2163	138	-15	15	2163	138	-15	15	2163	138	-15	15	2163	138	-15	15	2163	138	-15	15	2163	138	-15	15	2163	138	-15	15	2163	138	-15	15	2163
139	-17	17	2180	139	-17	17	2180	139	-17	17	2180	139	-17	17	2180	139	-17	17	2180	139	-17	17	2180	139	-17	17	2180	139	-17	17	2180	139	-17	17	2180	139	-17	17	2180	139	-17	17	2180	139	-17	17	2180	139	-17	17	2180	139	-17	17	2180	139	-17	17	2180	139	-17	17	2180	139	-17	17	2180	139	-17	17	2180	139	-17	17	2180	139	-17	17	2180	139	-17	17	2180	139	-17	17	2180	139	-17	17	2180	139	-17	17	2180	139	-17	17	2180	139	-17	17	2180	139	-17	17	2180	139	-17	17	2180	139	-17	17	2180
140	-15	15	2195	140	-15	15	2195	140	-15	15	2195	140	-15	15	2195	140	-15	15	2195	140	-15	15	2195	140	-15	15	2195	140	-15	15	2195	140	-15	15	2195	140	-15	15	2195	140	-15	15	2195	140	-15	15	2195	140	-15	15	2195	140	-15	15	2195	140	-15	15	2195	140	-15	15	2195	140	-15	15	2195	140	-15	15	2195	140	-15	15	2195	140	-15	15	2195	140	-15	15	2195	140	-15	15	2195	140	-15	15	2195	140	-15	15	2195	140	-15	15	2195	140	-15	15	2195	140	-15	15	2195	140	-15	15	2195	140	-15	15	2195
141	-15	15	2210	141	-15	15	2210	141	-15	15	2210	141	-15	15	2210	141	-15	15	2210	141	-15	15	2210	141	-15	15	2210	141	-15	15	2210	141	-15	15	2210	141	-15	15	2210	141	-15	15	2210	141	-15	15	2210	141	-15	15	2210	141	-15	15	2210	141	-15	15	2210	141	-15	15	2210	141	-15	15	2210	141	-15	15	2210	141	-15	15	2210	141	-15	15	2210	141	-15	15	2210	141	-15	15	2210	141	-15	15	2210	141	-15	15	2210	141	-15	15	2210	141	-15	15	2210	141	-15	15	2210	141	-15	15	2210	141	-15	15	2210
142	-113	14	2224	142	-113	14	2224	142	-113	14	2224	142	-113	14	2224	142	-113	14	2224	142	-113	14	2224	142	-113	14	2224	142	-113	14	2224	142	-113	14	2224	142	-113	14	2224	142	-113	14	2224	142	-113	14	2224	142	-113	14	2224	142	-113	14	2224	142	-113	14	2224	142	-113	14	2224	142	-113	14	2224	142	-113	14	2224	142	-113	14	2224	142	-113	14	2224	142	-113	14	2224	142	-113	14	2224	142	-113	14	2224	142	-113	14	2224	142	-113	14	2224	142	-113	14	2224	142	-113	14	2224	142	-113	14	2224	142	-113	14	2224
143	-15	15	2239	143	-15	15	2239	143	-15	15	2239	143	-15	15	2239	143	-15	15	2239	143	-15	15	2239	143	-15	15	2239	143	-15	15	2239	143	-15	15	2239	143	-15	15	2239	143	-15	15	2239	143	-15	15	2239	143	-15	15	2239	143	-15	15	2239	143	-15	15	2239	143	-15	15	2239	143	-15	15	2239	143	-15	15	2239	143	-15	15	2239	143	-15	15	2239	143	-15	15	2239	143	-15	15	2239	143	-15	15	2239	143	-15	15	2239	143	-15	15	2239	143	-15	15	2239	143	-15	15	2239	143	-15	15	2239	143	-15	15	2239
144	-119	20	2259	144	-119	20	2259	144	-119	20	2259	144	-119	20	2259	144	-119	20	2259	144	-119	20	2259	144	-119	20	2259	144	-119	20	2259	144	-119	20	2259	144	-119	20	2259	144	-119	20	2259	144	-119	20	2259	144	-119	20	2259	144	-119	20	2259	144	-119	20	2259	144	-119	20	2259	144	-119	20	2259	144	-119	20	2259	144	-119	20	2259	144	-119	20	2259	144	-119	20	2259	144	-119	20	2259	144	-119	20	2259	144	-119	20	2259	144	-119	20	2259	144	-119	20	2259	144	-119	20	2259	144	-119	20	2259	144	-119	20	2259
145	-13	13	2272	145	-13	13	2272	145	-13	13	2272	145	-13	13	2272	145	-13	13	2272	145	-13	13	2272	145	-13	13	2272	145	-13	13	2272	145	-13	13	2272	145	-13	13	2272	145	-13	13	2272	145	-13	13	2272	145	-13	13	2272	145	-13	13	2272	145	-13	13	2272	145	-13	13	2272	145	-13	13	2272	145	-13	13	2272	145	-13	13	2272	145	-13	13	2272	145	-13	13	2272	145	-13	13	2272	145	-13	13	2272	145	-13	13	2272	145	-13	13	2272	145	-13	13	2272	145	-13	13	2272	145	-13	13	2272	145	-13	13	2272
146	-15	15	2287	146	-15	15	2287	146	-15	15	2287	146	-15	15	2287	146	-15	15	2287	146	-15	15	2287	146	-15	15	2287	146	-15	15	2287	146	-15	15	2287	146	-15	15	2287	146	-15	15	2287	146	-15	15	2287	146	-15	15	2287	146	-15	15	2287	146	-15	15	2287	146	-15	15	2287	146	-15	15	2287	146	-15	15	2287	146	-15	15	2287	146	-15	15	2287	146	-15	15	2287	146	-15	15	2287	146	-15	15	2287	146	-15	15	2287	146	-15	15	2287	146	-15	15	2287	146	-15	15	2287	146	-15	15	2287	146	-15	15	2287
147	-235	37	2324	147	-235	37	2324	147	-235	37	2324	147	-235	37	2324	147	-235	37	2324	147	-235	37	2324	147	-235	37	2324	147	-235	37	2324	147	-235	37	2324	147	-235	37	2324	147	-235	37	2324	147	-235	37	2324	147	-235	37	2324	147	-235	37	2324	147	-235	37	2324	147	-235	37	2324	147	-235	37	2324	147	-235	37	2324	147	-235	37	2324	147	-235	37	2324	147	-235	37	2324	147	-235	37	2324	147	-235	37	2324	147	-235	37	2324	147	-235	37	2324	147	-235	37	2324	147	-235	37	2324	147	-235	37	2324	147	-235	37	2324
148	-18	18	2342	148	-18	18	2342	148	-18	18	2342	148	-18	18	2342	148	-18	18	2342	148	-18	18	2342	148	-18	18	2342	148	-18	18	2342	148	-18	18	2342	148	-18	18	2342	148	-18	18	2342	148	-18	18	2342	148	-18	18	2342	148	-18	18	2342	148	-18	18	2342	148	-18	18	2342	148	-18	18	2342	148	-18	18	2342	148	-18	18	2342	148	-18	18	2342	148	-18	18	2342	148	-18	18	2342	148	-18	18	2342	148	-18	18	2342	148	-18	18	2342	148	-18	18	2342	148	-18	18	2342	148	-18	18	2342	148	-18	18	2342
149	-122	23	2365	149	-122	23	2365	149	-122	23	2365	149	-122	23	2365	149	-122	23	2365	149	-122	23	2365	149	-122	23	2365	149	-122	23	2365	149	-122	23	2365	149	-122	23	2365	149	-122	23	2365	149	-122	23	2365	149	-122	23	2365	149	-122	23	2365	149	-122	23	2365	149	-122	23	2365	149	-122	23	2365	149	-122	23	2365	149	-122	23	2365	149	-122	23	2365	149	-122	23	2365	149	-122	23	2365	149	-122	23	2365	149	-122	23	2365	149	-122	23	2365	149	-122	23	2365	149	-122	23	2365	149	-122	23	2365	149	-122	23	2365
150	-16	16	2381	150	-16	16	2381	150	-16	16	2381	150	-16	16	2381	150	-16	16	2381	150	-16	16	2381	150	-16	16	2381	150	-16	16	2381	150	-16	16	2381	150	-16	16	2381	150	-16	16	2381	150	-16	16	2381	150	-16	16	2381	150	-16	16	2381	150	-16	16	2381	150	-16	16	2381	150	-16	16	2381	150	-16	16	2381	150	-16	16	2381	150	-16	16	2381	150	-16	16	2381	150	-16	16	2381	150	-16	16	2381	150	-16	16	2381	150	-16	16	2381	150	-16	16	2381	150	-16	16	2381	150	-16	16	2381	150	-16	16	2381
151	-13	13	2394	151	-13	13	2394	151	-13	13	2394	151	-13	13	2394	151	-13	13	2394	151	-13	13	2394	151	-13	13	2394	151	-13	13	2394	151	-13	13	2394	151	-13	13	2394	151	-13	13	2394	151	-13	13	2394	151	-13	13	2394	151	-13	13	2394	151	-13	13	2394	151	-13	13	2394	151	-13	13	2394	151	-13	13	2394	151	-13	13	2394	151	-13	13	2394	151	-13	13	2394	151	-13	13	2394	151	-13	13	2394	151	-13	13	2394	151	-13	13	2394	151	-13	13	2394	151	-13	13	2394	151	-13	13	2394	151	-13	13	2394
152	-13	13	2407	152	-13	13	2407	152	-13	13	2407	152	-13	13	2407	152	-13	13	2407	152	-13	13	2407	152	-13	13	2407	152	-13	13	2407	152	-13	13	2407	152	-13	13	2407	152	-13	13	2407	152	-13	13	2407	152	-13	13	2407	152	-13	13	2407	152	-13	13	2407	152	-13	13	2407	152	-13	13	2407	152	-13	13	2407	152	-13	13	2407	152	-13	13	2407	152	-13	13	2407	152	-13	13	2407	152	-13	13	2407	152	-13	13	2407	152	-13	13	2407	152	-13	13	2407	152	-13	13	2407	152	-13	13	2407	152	-13	13	2407
153	-13	13	2420	153	-13	13	2420	153	-13	13	2420	153	-13	13	2420	153	-13	13	2420	153	-13	13	2420	153	-13	13	2420	153	-13	13	2420	153	-13	13	2420	153	-13	13	2420	153	-13	13	2420	153	-13	13	2420	153	-13	13	2420	153	-13	13	2420	153	-13	13	2420	153	-13	13	2420	153	-13	13	2420	153	-13	13	2420	153	-13	13	2420	153	-13	13	2420	153	-13	13	2420	153	-13	13	2420	153	-13	13	2420	153	-13	13	2420	153	-13	13	2420	153	-13	13	2420	153	-13	13	2420	153	-13	13	2420	153	-13	13	2420
154	-13	13	2433	154	-13	13	2433	154	-13	13	2433	154	-13	13	2433	154	-13	13	2433	154	-13	13	2433	154	-13	13	2433	154	-13	13	2433	154	-13	13	2433	154	-13	13	2433	154	-13	13	2433	154	-13	13	2433	154	-13	13	2433	154	-13	13	2433	154	-13	13	2433	154	-13	13	2433	154	-13	13	2433	154	-13	13	2433	154	-13	13	2433	154	-13	13	2433	154	-13	13	2433	154	-13	13	2433	154	-13	13	2433	154	-13	13	2433	154	-13	13	2433	154	-13	13	2433	154	-13	13	2433	154	-13	13	2433	154	-13	13	2433
155	-13	13	2446	155	-13	13	2446	155	-13	13	2446	155	-13	13	2446	155	-13	13	2446	155	-13	13	2446	155	-13	13	2446	155	-13	13	2446	155	-13	13	2446	155	-13	13	2446	155	-13	13	2446	155	-13	13	2446	155	-13	13	2446	155	-13	13	2446	155	-13	13	2446	155	-13	13	2446	155	-13	13	2446	155	-13	13	2446	155	-13	13	2446	155	-13	13	2446	155	-13	13	2446	155	-13	13	2446	155	-13	13	2446	155	-13	13	2446	155	-13	13	2446	155	-13	13	2446	155	-13	13	2446	155	-13	13	2446	155	-13	13	2446
156	-13	13	2459	156	-13	13	2459	156	-13	13	2459	156	-13	13	2459	156	-13	13	2459	156	-13	13	2459	156	-13	13	2459	156	-13	13	2459	156	-13	13	2459	156	-13	13	2459	156	-13	13	2459	156	-13	13	2459	156	-13	13	2459	156	-13	13	2459	156	-13	13	2459	156	-13	13	2459	156	-13	13	2459	156	-13	13	2459	156	-13	13	2459	156	-13	13	2459	156	-13	13	2459	156	-13	13	2459	156	-13	13	2459	156	-13	13	2459	156	-13	13	2459	156	-13	13	2459	156	-13	13	2459	156	-13	13	2459	156	-13	13	2459
157	-15	15	2474	157	-15	15	2474	157	-15	15	2474	157	-15	15	2474	157	-15	15	2474	157	-15	15	2474	157	-15	15	2474	157	-15	15	2474	157	-15	15	2474	157	-15	15	2474	157	-15	15	2474	157	-15	15	2474	157	-15	15	2474	157	-15	15	2474	157	-15	15	2474	157	-15	15	2474	157	-15	15	2474	157	-15	15	2474	157	-15	15	2474	157	-15	15	2474	157	-15	15	2474	157	-15	15	2474	157	-15	15	2474	157	-15	15	2474	157	-15	15	2474	157	-15	15	2474	157	-15	15	2474	157	-15	15	2474	157	-15	15	2474
158	-126	27	2501	158	-126	27	2501	158	-126	27	2501	158	-126	27	2501	158	-126	27	2501	158	-126	27	2501	158	-126	27	2501	158	-126	27	2501	158	-126	27	2501	158	-126	27	2501	158	-126	27	2501	158	-126	27	2501	158	-126	27	2501	158	-126	27	2501	158	-126	27	2501	158	-126	27	2501	158	-126	27	2501	158	-126	27	2501	158	-126	27	2501	158	-126	27	2501	158	-126	27	2501	158	-126	27	2501	158	-126	27	2501	158	-126	27	2501	158	-126	27	2501	158	-126	27	2501	158	-126	27	2501	158	-126	27	2501	158	-126	27	2501
159	-13	13	2514	159	-13	13	2514	159	-13	13	2514	159	-13	13	2514	159	-13	13	2514	159	-13	13	2514	159	-13	13	2514	159	-13	13	2514	159	-13	13	2514	159	-13	13	2514	159	-13	13	2514	159	-13	13	2514	159	-13	13	2514	159	-13	13	2514	159	-13	13	2514	159	-13	13	2514	159	-13	13	2514	159	-13	13	2514	159	-13	13	2514	159	-13	13	2514	159	-13	13	2514	159	-13	13	2514	159	-13	13	2514	159	-13	13	2514	159	-13	13	2514	159	-13	13	2514	159	-13	13	2514	159	-13	13	2514	159	-13	13	2514
160	-15	15	2529	160	-15	15	2529	160	-15	15	2529	160	-15	15	2529	160	-15	15	2529	160	-15	15	2529	160	-15	15	2529	160	-15	15	2529	160	-15	15	2529	160	-15	15	2529	160	-15	15	2529	160	-15	15	2529	160	-15	15	2529	160	-15	15	2529	160	-15	15	2529	160	-15	15	2529	160	-15	15	2529	160	-15	15	2529	160	-15	15	2529	160	-15	15	2529	160	-15	15	2529	160	-15	15	2529	160	-15	15	2529	160	-15	15	2529	160	-15	15	2529	160	-15	15	2529	160	-15	15	2529	160	-15	15	2529	160	-15	15	2529
161	-15	15	2544	161	-15	15	2544	161	-15	15	2544	161	-15	15	2544	161	-15	15	2544	161	-15	15	2544	161	-15	15	2544	161	-15	15	2544	161	-15	15	2544	161	-15	15	2544	161	-15	15	2544	161	-15	15	2544	161	-15	15	2544	161	-15	15	2544	161	-15	15	2544	161	-15	15	2544	161	-15	15	2544	161	-15	15	2544	161	-15	15	2544	161	-15	15	2544	161	-15	15	2544	161	-15	15	2544	161	-15	15	2544	161	-15	15	2544	161	-15	15	2544	161	-15	15	2544	161	-15	15	2544	161	-15	15	2544	161	-15	15	2544
162	-13	13	2557	162	-13	13	2557	162	-13	13	2557	162	-13	13	2557	162	-13	13	2557	162	-13	13	2557	162	-13	13	2557	162	-13	13	2557	162	-13	13	2557	162	-13	13	2557	162	-13	13	2557	162	-13	13	2557	162	-13	13	2557	162	-13	13	2557	162	-13	13	2557	162	-13	13	2557	162	-13	13	2557	162	-13	13	2557	162	-13	13	2557	162	-13	13	2557	162	-13	13	2557	162	-13	13	2557	162	-13	13	2557	162	-13	13	2557	162	-13	13	2557	162	-13	13	2557	162	-13	13	2557	162	-13	13	2557	162	-13	13	2557
163	-15	15	2572	163	-15	15	2572	163	-15	15	2572	163	-15	15	2572	163	-15	15	2572	163	-15	15	2572	163	-15	15	2572	163	-15	15	2572	163	-15	15	2572	163	-15	15	2572	163	-15	15	2572	163	-15	15	2572	163	-15	15	2572	163	-15	15	2572	163	-15	15	2572	163	-15	15	2572	163	-15	15	2572	163	-15	15	2572	163	-15	15	2572	163	-15	15	2572	163	-15	15	2572	163	-15	15	2572	163	-15	15	2572	163	-15	15	2572	163	-15	15	2572	163	-15	15	2572	163	-15	15	2572	163	-15	15	2572	163	-15	15	2572
164	-16	16	2588	164	-16	16	2588	164	-16	16	2588	164	-16	16	2588	164	-16	16	2588	164	-16	16	2588	164	-16	16	2588	164	-16	16	2588	164	-16	16	2588	164	-16	16	2588	164	-16	16	2588	164	-16	16	2588	164	-16	16	2588	164	-16	16	2588	164	-16	16	2588	164	-16	16	2588	164	-16	16	2588	164	-16	16	2588	164	-16	16	2588	164	-16	16	2588	164	-16	16	2588	164	-16	16	2588	164	-16	16	2588	164	-16	16	2588	164	-16	16	2588	164	-16	16	2588	164	-16	16	2588	164	-16	16	2588	164	-16	16	2588
165	-15	15	2603	165	-15	15	2603	165	-15	15	2603	165	-15	15	2603	165	-15	15	2603	165	-15	15	2603	165	-15	15	2603	165	-15	15	2603	165	-15	15	2603	165	-15	15	2603	165	-15	15	2603	165	-15	15	2603	165	-15	15	2603	165	-15	15	2603	165	-15	15	2603	165	-15	15	2603	165	-15	15	2603	165	-15	15	2603	165	-15	15	2603	165	-15	15	2603	165	-15	15	2603	165	-15	15	2603	165	-15	15	2603	165	-15	15	2603	165	-15	15	2603	165	-15	15	2603	165	-15	15	2603	165	-15	15	2603	165	-15	15	2603
166	-13	13	2616	166	-13	13	2616	166	-13	13	2616	166	-13	13	2616	166	-13	13	2616	166	-13	13	2616	166	-13	13	2616	166	-13	13	2616	166	-13	13	2616	166	-13	13	2616	166	-13	13	2616	166	-13	13	2616	166	-13	13	2616	166	-13	13	2616	166	-13	13	2616	166	-13	13	2616	166	-13	13	2616	166	-13	13	2616	166	-13	13	2616	166	-13	13	2616	166	-13	13	2616	166	-13	13	2616	166	-13	13	2616	166	-13	13	2616	166	-13	13	2616	166	-13	13	2616	166	-13	13	2616	166	-13	13	2616	166	-13	13	2616
167	-14	14	2630	167	-14	14	2630	167	-14	14	2630	167	-14	14	2630	167	-14	14	2630	167	-14	14	2630	167	-14	14	2630	167	-14	14	2630	167	-14	14	2630	167	-14	14	2630	167	-14	14	2630	167	-14	14	2630	167	-14	14	2630	167	-14	14	2630	167	-14	14	2630	167	-14	14	2630	167	-14	14	2630	167	-14	14	2630	167	-14	14	2630	167	-14	14	2630	167	-14	14	2630	167	-14	14	2630	167	-14	14	2630	167	-14	14	2630	167	-14	14	2630	167	-14	14	2630	167	-14	14	2630	167	-14	14	2630	167	-14	14	2630
168	-13	13	2643	168	-13	13	2643	168	-13	13	2643	168	-13	13	2643	168	-13	13	2643	168	-13	13	2643	168	-13	13	2643	168	-13	13	2643	168	-13	13	2643	168	-13	13	2643	168	-13	13	2643	168	-13	13	2643	168	-13	13	2643	168	-13	13	2643	168	-13	13	2643	168	-13	13	2643	168	-13	13	2643	168	-13	13	2643	168	-13	13	2643	168	-13	13	2643	168	-13	13	2643	168	-13	13	2643	168	-13	13	2643	168	-13	13	2643	168	-13	13	2643	168	-13	13	2643	168	-13	13	2643	168	-13	13	2643	168	-13	13	2643
169	-16	16	2659	169	-16	16	2659	169	-16	16	2659	169	-16	16	2659	169	-16	16	2659	169	-16	16	2659	169	-16	16	2659	169	-16	16	2659	169	-16	16	2659	169	-16	16	2659	169	-16	16	2659	169	-16	16	2659	169	-16	16	2659	169	-16	16	2659	169	-16	16	2659	169	-16	16	2659	169	-16	16	2659	169	-16	16	2659	169	-16	16	2659	169	-16	16	2659	169	-16	16	2659	169	-16	16	2659	169	-16	16	2659	169	-16	16	2659	169	-16	16	2659	169	-16	16	2659	169	-16	16	2659	169	-16	16	2659	169	-16	16	2659
170	-15	15	2674	170	-15	15	2674	170	-15	15	2674	170	-15	15	2674	170	-15	15	2674	170	-15	15	2674	170	-15	15	2674	170	-15	15	2674	170	-15	15	2674	170	-15	15	2674	170	-15	15	2674	170	-15	15	2674	170	-15	15	2674	170	-15	15	2674	170	-15	15	2674	170	-15	15	2674	170	-15	15	2674	170	-15	15	2674	170	-15	15	2674	170	-15	15	2674	170	-15	15	2674	170	-15	15	2674	170	-15	15	2674	170	-15	15	2674	170	-15	15	2674	170	-15	15	2674	170	-15	15	2674	170	-15	15	2674	170	-15	15	2674
171	-13	13	2687	171	-13	13	2687	171	-13	13	2687	171	-13	13	2687	171	-13	13	2687	171	-13	13	2687	171	-13	13	2687	171	-13	13	2687	171	-13	13	2687	171	-13	13	2687	171	-13	13	2687	171	-13	13	2687	171	-13	13	2687	171	-13	13	2687	171	-13	13	2687	171	-13	13	2687	171	-13	13	2687	171	-13	13	2687	171	-13	13	2687	171	-13	13	2687	171	-13	13	2687	171	-13	13	2687	171	-13	13	2687	171	-13	13	2687	171	-13	13	2687	171	-13	13	2687	171	-13	13	2687	171	-13	13	2687	171	-13	13	2687
172	-14	14	2701	172	-14	14	2701	172	-14	14	2701	172	-14	14	2701	172	-14	14	2701	172	-14	14	2701	172	-14	14	2701	172	-14	14	2701	172	-14	14	2701	172	-14	14	2701	172	-14	14	2701	172	-14	14	2701	172	-14	14	2701	172	-14	14	2701	172	-14	14	2701	172	-14	14	2701	172	-14	14	2701	172	-14	14	2701	172	-14	14	2701	172	-14	14	2701	172	-14	14	2701	172	-14	14	2701	172	-14	14	2701	172	-14	14	2701	172	-14	14	2701	172	-14	14	2701	172	-14	14	2701	172	-14	14	2701	172	-14	14	2701
173	-15	15	2716	173	-15	15	2716	173	-15	15	2716	173	-15	15	2716	173	-15	15	2716	173	-15	15	2716	173	-15	15	2716	173	-15	15	2716	173	-15	15	2716	173	-15	15	2716	173	-15	15	2716	173	-15	15	2716	173	-15	15	2716	173	-15	15	2716	173	-15	15	2716	173	-15	15	2716	173	-15	15	2716	173	-15	15	2716	173	-15	15	2716	173	-15	15	2716	173	-15	15	2716	173	-15	15	2716	173	-15	15	2716	173	-15	15	2716	173	-15	15	2716	173	-15	15	2716	173	-15	15	2716	173	-15	15	2716	173	-15	15	2716
174	-13	13	2729	174	-13	13	2729	174	-13	13	2729	174	-13	13	2729	174	-13	13	2729	174	-13	13	2729	174	-13	13	2729	174	-13	13	2729	174	-13	13	2729	174	-13	13	2729	174	-13	13	2729	174	-13	13	2729	174	-13	13	2729	174	-13	13	2729	174	-13	13	2729	174	-13	13	2729	174	-13	13	2729	174	-13	13	2729	174	-13	13	2729	174	-13	13	2729	174	-13	13	2729	174	-13	13	2729	174	-13	13	2729	174	-13	13	2729	174	-13	13	2729	174	-13	13	2729	174	-13	13	2729	174	-13	13	2729	174	-13	13	2729
175	-123	24	2753	175	-123	24	2753	175	-123	24	2753	175	-123	24	2753	175	-123	24	2753	175	-123	24	2753	175	-123	24	2753	175	-123	24	2753	175	-123	24	2753	175	-123	24	2753	175	-123	24	2753	175	-123	24	2753	175	-123	24	2753	175	-123	24	2753	175	-123	24	2753	175	-123	24	2753	175	-123	24	2753	175	-123	24	2753	175	-123	24	2753	175	-123	24	2753	175	-123	24	2753	175	-123	24	2753	175	-123	24	2753	175	-123	24	2753	175	-123	24	2753	175	-123	24	2753	175	-123	24	2753	175	-123	24	2753	175	-123	24	2753
176	-14	14	2767	176	-14	14	2767	176	-14	14	2767	176	-14	14	2767	176	-14	14	2767	176	-14	14	2767	176	-14	14	2767	176	-14	14	2767	176	-14	14	2767	176	-14	14	2767	176	-14	14	2767	176	-14	14	2767	176	-14	14	2767	176	-14	14	2767	176	-14	14	2767	176	-14	14	2767	176	-14	14	2767	176	-14	14	2767	176	-14	14	2767	176	-14	14	2767	176	-14	14	2767	176	-14	14	2767	176	-14	14	2767	176	-14	14	2767	176	-14	14	2767	176	-14	14	2767	176	-14	14	2767	176	-14	14	2767	176	-14	14	2767
177	-117	18	2785	177	-117	18	2785	177	-117	18	2785	177	-117	18	2785	177	-117	18	2785	177	-117	18	2785	177	-117	18	2785	177	-117	18	2785	177	-117	18	2785	177	-117	18	2785	177	-117	18	2785	177	-117	18	2785	177	-117	18	2785	177	-117	18	2785	177	-117	18	2785	177	-117	18	2785	177	-117	18	2785	177	-117	18	2785	177	-117	18	2785	177	-117	18	2785	177	-117	18	2785	177	-117	18	2785	177	-117	18	2785	177	-117	18	2785	177	-117	18	2785	177	-117	18	2785	177	-117	18	2785	177	-117	18	2785	177	-117	18	2785
178	-235	37	2822	178	-235	37	2822	178	-235	37	2822	178	-235	37	2822	178	-235	37	2822	178	-235	37	2822	178	-235	37	2822	178	-235	37	2822	178	-235	37	2822	178	-235	37	2822	178	-235	37	2822	178	-235	37	2822	178	-235	37	2822	178	-235	37	2822	178	-235	37	2822	178	-235	37	2822	178	-235	37	2822	178	-235	37	2822	178	-235	37	2822	178	-235	37	2822	178	-235	37	2822	178	-235	37	2822	178	-235	37	2822	178	-235	37	2822	178	-235	37	2822	178	-235	37	2822	178	-235	37	2822	178	-235	37	2822	178	-235	37	2822
179	-18	18	2840	179	-18	18	2840	179	-18	18	2840	179	-18	18	2840	179	-18	18	2840	179	-18	18	2840	179	-18	18	2840	179	-18	18	2840	179	-18	18	2840	179	-18	18	2840	179	-18	18	2840	179	-18	18	2840	179	-18	18	2840	179	-18	18	2840	179	-18	18	2840	179	-18	18	2840	179	-18	18	2840	179	-18	18	2840	179	-18	18	2840	179	-18	18	2840	179	-18	18	2840	179	-18	18	2840	179	-18	18	2840	179	-18	18	2840	179	-18	18	2840	179	-18	18	2840	179	-18	18	2840	179	-18	18	2840	179	-18	18	2840
180	-13	13	2853	180	-13	13	2853	180	-13	13	2853	180	-13	13	2853	180	-13	13	2853	180	-13	13	2853	180	-13	13	2853	180	-13	13	2853	180	-13	13	2853	180	-13	13	2853	180	-13	13	2853	180	-13	13	2853	180	-13	13	2853	180	-13	13	2853	180	-13	13	2853	180	-13	13	2853	180	-13	13	2853	180	-13	13	2853	180	-13	13	2853	180	-13	13	2853	180	-13	13	2853	180	-13	13	2853	180	-13	13	2853	180	-13	13	2853	180	-13	13	2853	180	-13	13	2853	180	-13	13	2853	180	-13	13	2853	180	-13	13	2853
181	-13	13	2866	181	-13	13	2866	181	-13	13	2866	181	-13	13	2866	181	-13	13	2866	181	-13	13	2866	181	-13	13	2866	181	-13	13	2866	181	-13	13	2866	181	-13	13	2866	181	-13	13	2866	181	-13	13	2866	181	-13	13	2866	181	-13	13	2866	181	-13	13	2866	181	-13	13	2866	181	-13	13	2866	181	-13	13	2866	181	-13	13	2866	181	-13	13	2866	181	-13	13	2866	181	-13	13	2866	181	-13	13	2866	181	-13	13	2866	181	-13	13	2866	181	-13	13	2866	181	-13	13	2866	181	-13	13	2866	181	-13	13	2866
182	-19	19	2885	182	-19	19	2885	182	-19	19	2885	182	-19	19	2885	182	-19	19	2885	182	-19	19	2885	182	-19	19	2885	182	-19	19	2885	182	-19	19	2885	182	-19	19	2885	182	-19	19	2885	182	-19	19	2885	182	-19	19	2885	182	-19	19	2885	182	-19	19	2885	182	-19	19	2885	182	-19	19	2885	182	-19	19	2885	182	-19	19	2885	182	-19	19	2885	182	-19	19	2885	182	-19	19	2885	182	-19	19	2885	182	-19	19	2885	182	-19	19	2885	182	-19	19	2885	182	-19	19	2885	182	-19	19	2885	182	-19	19	2885
183	-15	15	2900	183	-15	15	2900	183	-15	15	2900	183	-15	15	2900	183	-15	15	2900	183	-15	15	2900	183	-15	15	2900	183	-15	15	2900	183	-15	15	2900	183	-15	15	2900	183	-15	15	2900	183	-15	15	2900	183	-15	15	2900	183	-15	15	2900	183	-15	15	2900	183	-15	15	2900	183	-15	15	2900	183	-15	15	2900	183	-15	15	2900	183	-15	15	2900	183	-15	15	2900	183	-15	15	2900	183	-15	15	2900	183	-15	15	2900	183	-15	15	2900	183	-15	15	2900	183	-15	15	2900	183	-15	15	2900	183	-15	15	2900
184	-13	13	2913	184	-13	13	2913	184	-13	13	2913	184	-13	13	2913	184	-13	13	2913	184	-13	13	2913	184	-13	13	2913	184	-13	13	2913	184	-13	13	2913	184	-13	13	2913	184	-13	13	2913	184	-13	13	2913	184	-13	13	2913	184	-13	13	2913	184	-13	13	2913	184	-13	13	2913	184	-13	13	2913	184	-13	13	2913	184	-13	13	2913	184	-13	13	2913	184	-13	13	2913	184	-13	13	2913	184	-13	13	2913	184	-13	13	2913	184	-13	13	2913	184	-13	13	2913	184	-13	13	2913	184	-13	13	2913	184	-13	13	2913
185	-15	15	2928	185	-15	15	2928	185	-15	15	2928	185	-15	15	2928	185	-15	15	2928	185	-15	15	2928	185	-15	15	2928	185	-15	15	2928	185	-15	15	2928	185	-15	15	2928	185	-15	15	2928	185	-15	15	2928	185	-15	15	2928	185	-15	15	2928	185	-15	15	2928	185	-15	15	2928	185	-15	15	2928	185	-15	15	2928	185	-15	15	2928	185	-15	15	2928	185	-15	15	2928	185	-15	15	2928	185	-15	15	2928	185	-15	15	2928	185	-15	15	2928	185	-15	15	2928	185	-15	15	2928	185	-15	15	2928	185	-15	15	2928
186	-17	17	2945	186	-17	17	2945	186	-17	17	2945	186	-17	17	2945	186	-17	17	2945	186	-17	17	2945	186	-17	17	2945	186	-17	17	2945	186	-17	17	2945	186	-17	17	2945	186	-17	17	2945	186	-17	17	2945	186	-17	17	2945	186	-17	17	2945	186	-17	17	2945	186	-17	17	2945	186	-17	17	2945	186	-17	17	2945	186	-17	17	2945	186	-17	17	2945	186	-17	17	2945	186	-17	17	2945	186	-17	17	2945	186	-17	17	2945	186	-17	17	2945	186	-17	17	2945	186	-17	17	2945	186	-17	17	2945	186	-17	17	2945
187	-121	22	2967	187	-121	22	2967	187	-121	22	2967	187	-121	22	2967	187	-121	22	2967	187	-121	22	2967	187	-121	22	2967	187	-121	22	2967	187	-121	22	2967	187	-121	22	2967	187	-121	22	2967	187	-121	22	2967	187	-121	22	2967	187	-121	22	2967	187	-121	22	2967	187	-121	22	2967	187	-121	22	2967	187	-121	22	2967	187	-121	22	2967	187	-121	22	2967	187	-121	22	2967	187	-121	22	2967	187	-121	22	2967	187	-121	22	2967	187	-121	22	2967	187	-121	22	2967	187	-121	22	2967	187	-121	22	2967	187	-121	22	2967
188	-16	16	2983	188	-16	16	2983	188	-16	16	2983	188	-16	16	2983	188	-16	16	2983	188	-16	16	2983	188	-16	16	2983	188	-16	16	2983	188	-16	16	2983	188	-16	16	2983	188	-16	16	2983	188	-16	16	2983	188	-16	16	2983	188	-16	16	2983	188	-16	16	2983	188	-16	16	2983	188	-16	16	2983	188	-16	16	2983	188	-16	16	2983	188	-16	16	2983	188	-16	16	2983	188	-16	16	2983	188	-16	16	2983	188	-16	16	2983	188	-16	16	2983	188	-16	16	2983	188	-16	16	2983	188	-16	16	2983	188	-16	16	2983
189	-13	13	2996	189	-13	13	2996	189	-13	13	2996	189	-13	13	2996	189	-13	13	2996	189	-13	13	2996	189	-13	13	2996	189	-13	13	2996	189	-13	13	2996	189	-13	13	2996	189	-13	13	2996	189	-13	13	2996	189	-13	13	2996	189	-13	13	2996	189	-13	13	2996	189	-13	13	2996	189	-13	13	2996	189	-13	13	2996	189	-13	13	2996	189	-13	13	2996	189	-13	13	2996	189	-13	13	2996	189	-13	13	2996	189	-13	13	2996	189	-13	13	2996	189	-13	13	2996	189	-13	13	2996	189	-13	13	2996	189	-13	13	2996
190	-15	15	3011	190	-15	15	3011	190	-15	15	3011	190	-15	15	3011	190	-15	15	3011	190	-15	15	3011	190	-15	15	3011	190	-15	15	3011	190	-15	15	3011	190	-15	15	3011	190	-15	15	3011	190	-15	15	3011	190	-15	15	3011	190	-15	15	3011	190	-15	15	3011	190	-15	15	3011	190	-15	15	3011	190	-15	15	3011	190	-15	15	3011	190	-15	15	3011	190	-15	15	3011	190	-15	15	3011	190	-15	15	3011	190	-15	15	3011	190	-15	15	3011	190	-15	15	3011	190	-15	15	3011	190	-15	15	3011	190	-15	15	3011
191	-123	24	3035	191	-123	24	3035	191	-123	24	3035	191	-123	24	3035	191	-123	24	3035	191	-123	24	3035	191	-123	24	3035	191	-123	24	3035	191	-123	24	3035	191	-123	24	3035	191	-123	24	3035	191	-123	24	3035	191	-123	24	3035	191	-123	24	3035	191	-123	24	3035	191	-123	24	3035	191	-123	24	3035	191	-123	24	3035	191	-123	24	3035	191	-123	24	3035	191	-123	24	3035	191	-123	24	3035	191	-123	24	3035	191	-123	24	3035	191	-123	24	3035	191	-123	24	3035	191	-123	24	3035	191	-123	24	3035	191	-123	24	3035
192	-13	13	3048	192	-13	13	3048	192	-13	13	3048	192	-13	13	3048	192	-13	13	3048	192	-13	13	3048	192	-13	13	3048	192	-13	13	3048	192	-13	13	3048	192	-13	13	3048	192	-13	13	3048	192	-13	13	3048	192	-13	13	3048	192	-13	13	3048	192	-13	13	3048	192	-13	13	3048	192	-13	13	3048	192	-13	13	3048	192	-13	13	3048	192	-13	13	3048	192	-13	13	3048	192	-13	13	3048	192	-13	13	3048	192	-13	13	3048	192	-13	13	3048	192	-13	13	3048	192	-13	13	3048	192	-13	13	3048	192	-13	13	3048
193	-17	17	3065	193	-17	17	3065	193	-17	17	3065	193	-17	17	3065	193	-17	17	3065	193	-17	17	3065	193	-17	17	3065	193	-17	17	3065	193	-17	17	3065	193	-17	17	3065	193	-17	17	3065	193	-17	17	3065	193	-17	17	3065	193	-17	17	3065	193	-17	17	3065	193	-17	17	3065	193	-17	17	3065	193	-17	17	3065	193	-17	17	3065	193	-17	17	3065	193	-17	17	3065	193	-17	17	3065	193	-17	17	3065	193	-17	17	3065	193	-17	17	3065	193	-17	17	3065	193	-17	17	3065	193	-17	17	3065	193	-17	17	3065
194	-17	17	3082	194	-17	17	3082	194	-17	17	3082	194	-17	17	3082	194	-17	17	3082	194	-17	17	3082	194	-17	17	3082	194	-17	17	3082	194	-17	17	3082	194	-17	17	3082	194	-17	17	3082	194	-17	17	3082	194	-17	17	3082	194	-17	17	3082	194	-17	17	3082	194	-17	17	3082	194	-17	17	3082	194	-17	17	3082	194	-17	17	3082	194	-17	17	3082	194	-17	17	3082	194	-17	17	3082	194	-17	17	3082	194	-17	17	3082	194	-17	17	3082	194	-17	17	3082	194	-17	17	3082	194	-17	17	3082	194	-17	17	3082
195	-120	21	3103	195	-120	21	3103	195	-120	21	3103	195	-120	21	3103	195	-120	21	3103	195	-120	21	3103	195	-120	21	3103	195	-120	21	3103	195	-120	21	3103	195	-120	21	3103	195	-120	21	3103	195	-120	21	3103	195	-120	21	3103	195	-120	21	3103	195	-120	21	3103	195	-120	21	3103	195	-120	21	3103	195	-120	21	3103	195	-120	21	3103	195	-120	21	3103	195	-120	21	3103	195	-120	21	3103	195	-120	21	3103	195	-120	21	3103	195	-120	21	3103	195	-120	21	3103	195	-120	21	3103	195	-120	21	3103	195	-120	21	3103
196	-120	21	3124	196	-120	21	3124	196	-120	21	3124	196	-120	21	3124	196	-120	21	3124	196	-120	21	3124	196	-120	21	3124	196	-120	21	3124	196	-120	21	3124	196	-120	21	3124	196	-120	21	3124	196	-120	21	3124	196	-120	21	3124	196	-120	21	3124	196	-120	21	3124	196	-120	21	3124	196	-120	21	3124	196	-120	21	3124	196	-120	21	3124	196	-120	21	3124	196	-120	21	3124	196	-120	21	3124	196	-120	21	3124	196	-120	21	3124	196	-120	21	3124	196	-120	21	3124	196	-120	21	3124	196	-120	21	3124	196	-120	21	3124
197	-13	13	3137	197	-13	13	3137	197	-13	13	3137	197	-13	13	3137	197	-13	13	3137	197	-13	13	3137	197	-13	13	3137	197	-13	13	3137	197	-13	13	3137	197	-13	13	3137	197	-13	13	3137	197	-13	13	3137	197	-13	13	3137	197	-13	13	3137	197	-13	13	3137	197	-13	13	3137	197	-13	13	3137	197	-13	13	3137	197	-13	13	3137	197	-13	13	3137	197	-13	13	3137	197	-13	13	3137	197	-13	13	3137	197	-13	13	3137	197	-13	13	3137	197	-13	13	3137	197	-13	13	3137	197	-13	13	3137	197	-13	13	3137
198	-13	13	3150	198	-13	13	3150	198	-13	13	3150	198	-13	13	3150	198	-13	13	3150	198	-13	13	3150	198	-13	13	3150	198	-13	13	3150	198	-13	13	3150	198	-13	13	3150	198	-13	13	3150	198	-13	13	3150	198	-13	13	3150	198	-13	13	3150	198	-13	13	3150	198	-13	13	3150	198	-13	13	3150	198	-13	13	3150	198	-13	13	3150	198	-13	13	3150	198	-13	13	3150	198	-13	13	3150	198	-13	13	3150	198	-13	13	3150	198	-13	13	3150	198	-13	13	3150	198	-13	13	3150	198	-13	13	3150	198	-13	13	3150
199	-15	15	3165	199	-15	15	3165	199	-15	15	3165	199	-15	15	3165	199	-15	15	3165	199	-15	15	3165	199	-15	15	3165	199	-15	15	3165	199	-15	15	3165	199	-15	15	3165	199	-15	15	3165	199	-15	15	3165	199	-15	15	3165	199	-15	15	3165	199	-15	15	3165	199	-15	15	3165	199	-15	15	3165	199	-15	15	3165	199	-15	15	3165	199	-15	15	3165	199	-15	15	3165	199	-15	15	3165	199	-15	15	3165	199	-15	15	3165	199	-15	15	3165	199	-15	15	3165	199	-15	15	3165	199	-15	15	3165	199	-15	15	3165
