Episode	Accumulated Reward	Length	Steps	Episode	Accumulated Reward	Length	Steps	Episode	Accumulated Reward	Length	Steps	Episode	Accumulated Reward	Length	Steps
0	-2035	748	748	0	-2035	748	748	0	-2035	748	748	0	-2035	748	748
1	-565	268	1016	1	-565	268	1016	1	-565	268	1016	1	-565	268	1016
2	-938	344	1360	2	-938	344	1360	2	-938	344	1360	2	-938	344	1360
3	-109	109	1469	3	-109	109	1469	3	-109	109	1469	3	-109	109	1469
4	-268	268	1737	4	-268	268	1737	4	-268	268	1737	4	-268	268	1737
5	-222	123	1860	5	-222	123	1860	5	-222	123	1860	5	-222	123	1860
6	-457	160	2020	6	-457	160	2020	6	-457	160	2020	6	-457	160	2020
7	-278	179	2199	7	-278	179	2199	7	-278	179	2199	7	-278	179	2199
8	-291	192	2391	8	-291	192	2391	8	-291	192	2391	8	-291	192	2391
9	-159	159	2550	9	-159	159	2550	9	-159	159	2550	9	-159	159	2550
10	-192	93	2643	10	-192	93	2643	10	-192	93	2643	10	-192	93	2643
11	-109	109	2752	11	-109	109	2752	11	-109	109	2752	11	-109	109	2752
12	-144	144	2896	12	-144	144	2896	12	-144	144	2896	12	-144	144	2896
13	-401	203	3099	13	-401	203	3099	13	-401	203	3099	13	-401	203	3099
14	-47	47	3146	14	-47	47	3146	14	-47	47	3146	14	-47	47	3146
15	-255	156	3302	15	-255	156	3302	15	-255	156	3302	15	-255	156	3302
16	-388	190	3492	16	-388	190	3492	16	-388	190	3492	16	-388	190	3492
17	-231	132	3624	17	-231	132	3624	17	-231	132	3624	17	-231	132	3624
18	-59	59	3683	18	-59	59	3683	18	-59	59	3683	18	-59	59	3683
19	-130	130	3813	19	-130	130	3813	19	-130	130	3813	19	-130	130	3813
20	-444	147	3960	20	-444	147	3960	20	-444	147	3960	20	-444	147	3960
21	-69	69	4029	21	-69	69	4029	21	-69	69	4029	21	-69	69	4029
22	-59	59	4088	22	-59	59	4088	22	-59	59	4088	22	-59	59	4088
23	-87	87	4175	23	-87	87	4175	23	-87	87	4175	23	-87	87	4175
24	-74	74	4249	24	-74	74	4249	24	-74	74	4249	24	-74	74	4249
25	-156	57	4306	25	-156	57	4306	25	-156	57	4306	25	-156	57	4306
26	-96	96	4402	26	-96	96	4402	26	-96	96	4402	26	-96	96	4402
27	-52	52	4454	27	-52	52	4454	27	-52	52	4454	27	-52	52	4454
28	-52	52	4506	28	-52	52	4506	28	-52	52	4506	28	-52	52	4506
29	-358	160	4666	29	-358	160	4666	29	-358	160	4666	29	-358	160	4666
30	-71	71	4737	30	-71	71	4737	30	-71	71	4737	30	-71	71	4737
31	-428	131	4868	31	-428	131	4868	31	-428	131	4868	31	-428	131	4868
32	-311	113	4981	32	-311	113	4981	32	-311	113	4981	32	-311	113	4981
33	-184	85	5066	33	-184	85	5066	33	-184	85	5066	33	-184	85	5066
34	-62	62	5128	34	-62	62	5128	34	-62	62	5128	34	-62	62	5128
35	-267	69	5197	35	-267	69	5197	35	-267	69	5197	35	-267	69	5197
36	-64	64	5261	36	-64	64	5261	36	-64	64	5261	36	-64	64	5261
37	-55	55	5316	37	-55	55	5316	37	-55	55	5316	37	-55	55	5316
38	-81	81	5397	38	-81	81	5397	38	-81	81	5397	38	-81	81	5397
39	-54	54	5451	39	-54	54	5451	39	-54	54	5451	39	-54	54	5451
40	-40	40	5491	40	-40	40	5491	40	-40	40	5491	40	-40	40	5491
41	-59	59	5550	41	-59	59	5550	41	-59	59	5550	41	-59	59	5550
42	-214	115	5665	42	-214	115	5665	42	-214	115	5665	42	-214	115	5665
43	-170	71	5736	43	-170	71	5736	43	-170	71	5736	43	-170	71	5736
44	-50	50	5786	44	-50	50	5786	44	-50	50	5786	44	-50	50	5786
45	-63	63	5849	45	-63	63	5849	45	-63	63	5849	45	-63	63	5849
46	-639	144	5993	46	-639	144	5993	46	-639	144	5993	46	-639	144	5993
47	-123	24	6017	47	-123	24	6017	47	-123	24	6017	47	-123	24	6017
48	-44	44	6061	48	-44	44	6061	48	-44	44	6061	48	-44	44	6061
49	-181	82	6143	49	-181	82	6143	49	-181	82	6143	49	-181	82	6143
50	-47	47	6190	50	-47	47	6190	50	-47	47	6190	50	-47	47	6190
51	-45	45	6235	51	-45	45	6235	51	-45	45	6235	51	-45	45	6235
52	-189	90	6325	52	-189	90	6325	52	-189	90	6325	52	-189	90	6325
53	-151	52	6377	53	-151	52	6377	53	-151	52	6377	53	-151	52	6377
54	-362	65	6442	54	-362	65	6442	54	-362	65	6442	54	-362	65	6442
55	-192	93	6535	55	-192	93	6535	55	-192	93	6535	55	-192	93	6535
56	-139	40	6575	56	-139	40	6575	56	-139	40	6575	56	-139	40	6575
57	-50	50	6625	57	-50	50	6625	57	-50	50	6625	57	-50	50	6625
58	-50	50	6675	58	-50	50	6675	58	-50	50	6675	58	-50	50	6675
59	-36	36	6711	59	-36	36	6711	59	-36	36	6711	59	-36	36	6711
60	-168	69	6780	60	-168	69	6780	60	-168	69	6780	60	-168	69	6780
61	-60	60	6840	61	-60	60	6840	61	-60	60	6840	61	-60	60	6840
62	-142	43	6883	62	-142	43	6883	62	-142	43	6883	62	-142	43	6883
63	-176	77	6960	63	-176	77	6960	63	-176	77	6960	63	-176	77	6960
64	-53	53	7013	64	-53	53	7013	64	-53	53	7013	64	-53	53	7013
65	-34	34	7047	65	-34	34	7047	65	-34	34	7047	65	-34	34	7047
66	-32	32	7079	66	-32	32	7079	66	-32	32	7079	66	-32	32	7079
67	-131	32	7111	67	-131	32	7111	67	-131	32	7111	67	-131	32	7111
68	-149	50	7161	68	-149	50	7161	68	-149	50	7161	68	-149	50	7161
69	-50	50	7211	69	-50	50	7211	69	-50	50	7211	69	-50	50	7211
70	-47	47	7258	70	-47	47	7258	70	-47	47	7258	70	-47	47	7258
71	-29	29	7287	71	-29	29	7287	71	-29	29	7287	71	-29	29	7287
72	-165	66	7353	72	-165	66	7353	72	-165	66	7353	72	-165	66	7353
73	-17	17	7370	73	-17	17	7370	73	-17	17	7370	73	-17	17	7370
74	-54	54	7424	74	-54	54	7424	74	-54	54	7424	74	-54	54	7424
75	-52	52	7476	75	-52	52	7476	75	-52	52	7476	75	-52	52	7476
76	-153	54	7530	76	-153	54	7530	76	-153	54	7530	76	-153	54	7530
77	-24	24	7554	77	-24	24	7554	77	-24	24	7554	77	-24	24	7554
78	-35	35	7589	78	-35	35	7589	78	-35	35	7589	78	-35	35	7589
79	-40	40	7629	79	-40	40	7629	79	-40	40	7629	79	-40	40	7629
80	-44	44	7673	80	-44	44	7673	80	-44	44	7673	80	-44	44	7673
81	-58	58	7731	81	-58	58	7731	81	-58	58	7731	81	-58	58	7731
82	-162	63	7794	82	-162	63	7794	82	-162	63	7794	82	-162	63	7794
83	-26	26	7820	83	-26	26	7820	83	-26	26	7820	83	-26	26	7820
84	-58	58	7878	84	-58	58	7878	84	-58	58	7878	84	-58	58	7878
85	-33	33	7911	85	-33	33	7911	85	-33	33	7911	85	-33	33	7911
86	-17	17	7928	86	-17	17	7928	86	-17	17	7928	86	-17	17	7928
87	-19	19	7947	87	-19	19	7947	87	-19	19	7947	87	-19	19	7947
88	-142	43	7990	88	-142	43	7990	88	-142	43	7990	88	-142	43	7990
89	-38	38	8028	89	-38	38	8028	89	-38	38	8028	89	-38	38	8028
90	-35	35	8063	90	-35	35	8063	90	-35	35	8063	90	-35	35	8063
91	-25	25	8088	91	-25	25	8088	91	-25	25	8088	91	-25	25	8088
92	-39	39	8127	92	-39	39	8127	92	-39	39	8127	92	-39	39	8127
93	-179	80	8207	93	-179	80	8207	93	-179	80	8207	93	-179	80	8207
94	-28	28	8235	94	-28	28	8235	94	-28	28	8235	94	-28	28	8235
95	-23	23	8258	95	-23	23	8258	95	-23	23	8258	95	-23	23	8258
96	-40	40	8298	96	-40	40	8298	96	-40	40	8298	96	-40	40	8298
97	-32	32	8330	97	-32	32	8330	97	-32	32	8330	97	-32	32	8330
98	-26	26	8356	98	-26	26	8356	98	-26	26	8356	98	-26	26	8356
99	-28	28	8384	99	-28	28	8384	99	-28	28	8384	99	-28	28	8384
100	-41	41	8425	100	-41	41	8425	100	-41	41	8425	100	-41	41	8425
101	-18	18	8443	101	-18	18	8443	101	-18	18	8443	101	-18	18	8443
102	-30	30	8473	102	-30	30	8473	102	-30	30	8473	102	-30	30	8473
103	-70	70	8543	103	-70	70	8543	103	-70	70	8543	103	-70	70	8543
104	-22	22	8565	104	-22	22	8565	104	-22	22	8565	104	-22	22	8565
105	-34	34	8599	105	-34	34	8599	105	-34	34	8599	105	-34	34	8599
106	-28	28	8627	106	-28	28	8627	106	-28	28	8627	106	-28	28	8627
107	-21	21	8648	107	-21	21	8648	107	-21	21	8648	107	-21	21	8648
108	-158	59	8707	108	-158	59	8707	108	-158	59	8707	108	-158	59	8707
109	-135	36	8743	109	-135	36	8743	109	-135	36	8743	109	-135	36	8743
110	-35	35	8778	110	-35	35	8778	110	-35	35	8778	110	-35	35	8778
111	-239	41	8819	111	-239	41	8819	111	-239	41	8819	111	-239	41	8819
112	-30	30	8849	112	-30	30	8849	112	-30	30	8849	112	-30	30	8849
113	-128	29	8878	113	-128	29	8878	113	-128	29	8878	113	-128	29	8878
114	-30	30	8908	114	-30	30	8908	114	-30	30	8908	114	-30	30	8908
115	-285	87	8995	115	-285	87	8995	115	-285	87	8995	115	-285	87	8995
116	-20	20	9015	116	-20	20	9015	116	-20	20	9015	116	-20	20	9015
117	-20	20	9035	117	-20	20	9035	117	-20	20	9035	117	-20	20	9035
118	-30	30	9065	118	-30	30	9065	118	-30	30	9065	118	-30	30	9065
119	-29	29	9094	119	-29	29	9094	119	-29	29	9094	119	-29	29	9094
120	-169	70	9164	120	-169	70	9164	120	-169	70	9164	120	-169	70	9164
121	-27	27	9191	121	-27	27	9191	121	-27	27	9191	121	-27	27	9191
122	-27	27	9218	122	-27	27	9218	122	-27	27	9218	122	-27	27	9218
123	-24	24	9242	123	-24	24	9242	123	-24	24	9242	123	-24	24	9242
124	-33	33	9275	124	-33	33	9275	124	-33	33	9275	124	-33	33	9275
125	-25	25	9300	125	-25	25	9300	125	-25	25	9300	125	-25	25	9300
126	-45	45	9345	126	-45	45	9345	126	-45	45	9345	126	-45	45	9345
127	-23	23	9368	127	-23	23	9368	127	-23	23	9368	127	-23	23	9368
128	-15	15	9383	128	-15	15	9383	128	-15	15	9383	128	-15	15	9383
129	-20	20	9403	129	-20	20	9403	129	-20	20	9403	129	-20	20	9403
130	-28	28	9431	130	-28	28	9431	130	-28	28	9431	130	-28	28	9431
131	-396	99	9530	131	-396	99	9530	131	-396	99	9530	131	-396	99	9530
132	-32	32	9562	132	-32	32	9562	132	-32	32	9562	132	-32	32	9562
133	-35	35	9597	133	-35	35	9597	133	-35	35	9597	133	-35	35	9597
134	-16	16	9613	134	-16	16	9613	134	-16	16	9613	134	-16	16	9613
135	-30	30	9643	135	-30	30	9643	135	-30	30	9643	135	-30	30	9643
136	-21	21	9664	136	-21	21	9664	136	-21	21	9664	136	-21	21	9664
137	-29	29	9693	137	-29	29	9693	137	-29	29	9693	137	-29	29	9693
138	-15	15	9708	138	-15	15	9708	138	-15	15	9708	138	-15	15	9708
139	-149	50	9758	139	-149	50	9758	139	-149	50	9758	139	-149	50	9758
140	-152	53	9811	140	-152	53	9811	140	-152	53	9811	140	-152	53	9811
141	-23	23	9834	141	-23	23	9834	141	-23	23	9834	141	-23	23	9834
142	-22	22	9856	142	-22	22	9856	142	-22	22	9856	142	-22	22	9856
143	-40	40	9896	143	-40	40	9896	143	-40	40	9896	143	-40	40	9896
144	-37	37	9933	144	-37	37	9933	144	-37	37	9933	144	-37	37	9933
145	-141	42	9975	145	-141	42	9975	145	-141	42	9975	145	-141	42	9975
146	-22	22	9997	146	-22	22	9997	146	-22	22	9997	146	-22	22	9997
147	-13	13	10010	147	-13	13	10010	147	-13	13	10010	147	-13	13	10010
148	-249	51	10061	148	-249	51	10061	148	-249	51	10061	148	-249	51	10061
149	-29	29	10090	149	-29	29	10090	149	-29	29	10090	149	-29	29	10090
150	-19	19	10109	150	-19	19	10109	150	-19	19	10109	150	-19	19	10109
151	-40	40	10149	151	-40	40	10149	151	-40	40	10149	151	-40	40	10149
152	-133	34	10183	152	-133	34	10183	152	-133	34	10183	152	-133	34	10183
153	-28	28	10211	153	-28	28	10211	153	-28	28	10211	153	-28	28	10211
154	-27	27	10238	154	-27	27	10238	154	-27	27	10238	154	-27	27	10238
155	-13	13	10251	155	-13	13	10251	155	-13	13	10251	155	-13	13	10251
156	-25	25	10276	156	-25	25	10276	156	-25	25	10276	156	-25	25	10276
157	-21	21	10297	157	-21	21	10297	157	-21	21	10297	157	-21	21	10297
158	-34	34	10331	158	-34	34	10331	158	-34	34	10331	158	-34	34	10331
159	-35	35	10366	159	-35	35	10366	159	-35	35	10366	159	-35	35	10366
160	-17	17	10383	160	-17	17	10383	160	-17	17	10383	160	-17	17	10383
161	-153	54	10437	161	-153	54	10437	161	-153	54	10437	161	-153	54	10437
162	-17	17	10454	162	-17	17	10454	162	-17	17	10454	162	-17	17	10454
163	-17	17	10471	163	-17	17	10471	163	-17	17	10471	163	-17	17	10471
164	-16	16	10487	164	-16	16	10487	164	-16	16	10487	164	-16	16	10487
165	-39	39	10526	165	-39	39	10526	165	-39	39	10526	165	-39	39	10526
166	-26	26	10552	166	-26	26	10552	166	-26	26	10552	166	-26	26	10552
167	-21	21	10573	167	-21	21	10573	167	-21	21	10573	167	-21	21	10573
168	-113	14	10587	168	-113	14	10587	168	-113	14	10587	168	-113	14	10587
169	-36	36	10623	169	-36	36	10623	169	-36	36	10623	169	-36	36	10623
170	-244	46	10669	170	-244	46	10669	170	-244	46	10669	170	-244	46	10669
171	-19	19	10688	171	-19	19	10688	171	-19	19	10688	171	-19	19	10688
172	-17	17	10705	172	-17	17	10705	172	-17	17	10705	172	-17	17	10705
173	-18	18	10723	173	-18	18	10723	173	-18	18	10723	173	-18	18	10723
174	-28	28	10751	174	-28	28	10751	174	-28	28	10751	174	-28	28	10751
175	-115	16	10767	175	-115	16	10767	175	-115	16	10767	175	-115	16	10767
176	-27	27	10794	176	-27	27	10794	176	-27	27	10794	176	-27	27	10794
177	-25	25	10819	177	-25	25	10819	177	-25	25	10819	177	-25	25	10819
178	-24	24	10843	178	-24	24	10843	178	-24	24	10843	178	-24	24	10843
179	-33	33	10876	179	-33	33	10876	179	-33	33	10876	179	-33	33	10876
180	-21	21	10897	180	-21	21	10897	180	-21	21	10897	180	-21	21	10897
181	-123	24	10921	181	-123	24	10921	181	-123	24	10921	181	-123	24	10921
182	-17	17	10938	182	-17	17	10938	182	-17	17	10938	182	-17	17	10938
183	-23	23	10961	183	-23	23	10961	183	-23	23	10961	183	-23	23	10961
184	-26	26	10987	184	-26	26	10987	184	-26	26	10987	184	-26	26	10987
185	-18	18	11005	185	-18	18	11005	185	-18	18	11005	185	-18	18	11005
186	-127	28	11033	186	-127	28	11033	186	-127	28	11033	186	-127	28	11033
187	-126	27	11060	187	-126	27	11060	187	-126	27	11060	187	-126	27	11060
188	-16	16	11076	188	-16	16	11076	188	-16	16	11076	188	-16	16	11076
189	-28	28	11104	189	-28	28	11104	189	-28	28	11104	189	-28	28	11104
190	-22	22	11126	190	-22	22	11126	190	-22	22	11126	190	-22	22	11126
191	-17	17	11143	191	-17	17	11143	191	-17	17	11143	191	-17	17	11143
192	-13	13	11156	192	-13	13	11156	192	-13	13	11156	192	-13	13	11156
193	-19	19	11175	193	-19	19	11175	193	-19	19	11175	193	-19	19	11175
194	-26	26	11201	194	-26	26	11201	194	-26	26	11201	194	-26	26	11201
195	-18	18	11219	195	-18	18	11219	195	-18	18	11219	195	-18	18	11219
196	-25	25	11244	196	-25	25	11244	196	-25	25	11244	196	-25	25	11244
197	-135	36	11280	197	-135	36	11280	197	-135	36	11280	197	-135	36	11280
198	-23	23	11303	198	-23	23	11303	198	-23	23	11303	198	-23	23	11303
199	-33	33	11336	199	-33	33	11336	199	-33	33	11336	199	-33	33	11336
