Episode	Accumulated Reward	Length	Steps	Episode	Accumulated Reward	Length	Steps	Episode	Accumulated Reward	Length	Steps	Episode	Accumulated Reward	Length	Steps	Episode	Accumulated Reward	Length	Steps	Episode	Accumulated Reward	Length	Steps	Episode	Accumulated Reward	Length	Steps	Episode	Accumulated Reward	Length	Steps
0	-19	19	19	0	-19	19	19	0	-19	19	19	0	-19	19	19	0	-19	19	19	0	-19	19	19	0	-19	19	19	0	-19	19	19
1	-215	17	36	1	-215	17	36	1	-215	17	36	1	-215	17	36	1	-215	17	36	1	-215	17	36	1	-215	17	36	1	-215	17	36
2	-15	15	51	2	-15	15	51	2	-15	15	51	2	-15	15	51	2	-15	15	51	2	-15	15	51	2	-15	15	51	2	-15	15	51
3	-21	21	72	3	-21	21	72	3	-21	21	72	3	-21	21	72	3	-21	21	72	3	-21	21	72	3	-21	21	72	3	-21	21	72
4	-17	17	89	4	-17	17	89	4	-17	17	89	4	-17	17	89	4	-17	17	89	4	-17	17	89	4	-17	17	89	4	-17	17	89
5	-115	16	105	5	-115	16	105	5	-115	16	105	5	-115	16	105	5	-115	16	105	5	-115	16	105	5	-115	16	105	5	-115	16	105
6	-21	21	126	6	-21	21	126	6	-21	21	126	6	-21	21	126	6	-21	21	126	6	-21	21	126	6	-21	21	126	6	-21	21	126
7	-22	22	148	7	-22	22	148	7	-22	22	148	7	-22	22	148	7	-22	22	148	7	-22	22	148	7	-22	22	148	7	-22	22	148
8	-15	15	163	8	-15	15	163	8	-15	15	163	8	-15	15	163	8	-15	15	163	8	-15	15	163	8	-15	15	163	8	-15	15	163
9	-15	15	178	9	-15	15	178	9	-15	15	178	9	-15	15	178	9	-15	15	178	9	-15	15	178	9	-15	15	178	9	-15	15	178
10	-17	17	195	10	-17	17	195	10	-17	17	195	10	-17	17	195	10	-17	17	195	10	-17	17	195	10	-17	17	195	10	-17	17	195
11	-15	15	210	11	-15	15	210	11	-15	15	210	11	-15	15	210	11	-15	15	210	11	-15	15	210	11	-15	15	210	11	-15	15	210
12	-15	15	225	12	-15	15	225	12	-15	15	225	12	-15	15	225	12	-15	15	225	12	-15	15	225	12	-15	15	225	12	-15	15	225
13	-15	15	240	13	-15	15	240	13	-15	15	240	13	-15	15	240	13	-15	15	240	13	-15	15	240	13	-15	15	240	13	-15	15	240
14	-17	17	257	14	-17	17	257	14	-17	17	257	14	-17	17	257	14	-17	17	257	14	-17	17	257	14	-17	17	257	14	-17	17	257
15	-19	19	276	15	-19	19	276	15	-19	19	276	15	-19	19	276	15	-19	19	276	15	-19	19	276	15	-19	19	276	15	-19	19	276
16	-21	21	297	16	-21	21	297	16	-21	21	297	16	-21	21	297	16	-21	21	297	16	-21	21	297	16	-21	21	297	16	-21	21	297
17	-15	15	312	17	-15	15	312	17	-15	15	312	17	-15	15	312	17	-15	15	312	17	-15	15	312	17	-15	15	312	17	-15	15	312
18	-15	15	327	18	-15	15	327	18	-15	15	327	18	-15	15	327	18	-15	15	327	18	-15	15	327	18	-15	15	327	18	-15	15	327
19	-15	15	342	19	-15	15	342	19	-15	15	342	19	-15	15	342	19	-15	15	342	19	-15	15	342	19	-15	15	342	19	-15	15	342
20	-17	17	359	20	-17	17	359	20	-17	17	359	20	-17	17	359	20	-17	17	359	20	-17	17	359	20	-17	17	359	20	-17	17	359
21	-15	15	374	21	-15	15	374	21	-15	15	374	21	-15	15	374	21	-15	15	374	21	-15	15	374	21	-15	15	374	21	-15	15	374
22	-15	15	389	22	-15	15	389	22	-15	15	389	22	-15	15	389	22	-15	15	389	22	-15	15	389	22	-15	15	389	22	-15	15	389
23	-15	15	404	23	-15	15	404	23	-15	15	404	23	-15	15	404	23	-15	15	404	23	-15	15	404	23	-15	15	404	23	-15	15	404
24	-23	23	427	24	-23	23	427	24	-23	23	427	24	-23	23	427	24	-23	23	427	24	-23	23	427	24	-23	23	427	24	-23	23	427
25	-17	17	444	25	-17	17	444	25	-17	17	444	25	-17	17	444	25	-17	17	444	25	-17	17	444	25	-17	17	444	25	-17	17	444
26	-15	15	459	26	-15	15	459	26	-15	15	459	26	-15	15	459	26	-15	15	459	26	-15	15	459	26	-15	15	459	26	-15	15	459
27	-16	16	475	27	-16	16	475	27	-16	16	475	27	-16	16	475	27	-16	16	475	27	-16	16	475	27	-16	16	475	27	-16	16	475
28	-17	17	492	28	-17	17	492	28	-17	17	492	28	-17	17	492	28	-17	17	492	28	-17	17	492	28	-17	17	492	28	-17	17	492
29	-15	15	507	29	-15	15	507	29	-15	15	507	29	-15	15	507	29	-15	15	507	29	-15	15	507	29	-15	15	507	29	-15	15	507
30	-17	17	524	30	-17	17	524	30	-17	17	524	30	-17	17	524	30	-17	17	524	30	-17	17	524	30	-17	17	524	30	-17	17	524
31	-17	17	541	31	-17	17	541	31	-17	17	541	31	-17	17	541	31	-17	17	541	31	-17	17	541	31	-17	17	541	31	-17	17	541
32	-17	17	558	32	-17	17	558	32	-17	17	558	32	-17	17	558	32	-17	17	558	32	-17	17	558	32	-17	17	558	32	-17	17	558
33	-15	15	573	33	-15	15	573	33	-15	15	573	33	-15	15	573	33	-15	15	573	33	-15	15	573	33	-15	15	573	33	-15	15	573
34	-19	19	592	34	-19	19	592	34	-19	19	592	34	-19	19	592	34	-19	19	592	34	-19	19	592	34	-19	19	592	34	-19	19	592
35	-15	15	607	35	-15	15	607	35	-15	15	607	35	-15	15	607	35	-15	15	607	35	-15	15	607	35	-15	15	607	35	-15	15	607
36	-17	17	624	36	-17	17	624	36	-17	17	624	36	-17	17	624	36	-17	17	624	36	-17	17	624	36	-17	17	624	36	-17	17	624
37	-15	15	639	37	-15	15	639	37	-15	15	639	37	-15	15	639	37	-15	15	639	37	-15	15	639	37	-15	15	639	37	-15	15	639
38	-15	15	654	38	-15	15	654	38	-15	15	654	38	-15	15	654	38	-15	15	654	38	-15	15	654	38	-15	15	654	38	-15	15	654
39	-15	15	669	39	-15	15	669	39	-15	15	669	39	-15	15	669	39	-15	15	669	39	-15	15	669	39	-15	15	669	39	-15	15	669
40	-17	17	686	40	-17	17	686	40	-17	17	686	40	-17	17	686	40	-17	17	686	40	-17	17	686	40	-17	17	686	40	-17	17	686
41	-16	16	702	41	-16	16	702	41	-16	16	702	41	-16	16	702	41	-16	16	702	41	-16	16	702	41	-16	16	702	41	-16	16	702
42	-17	17	719	42	-17	17	719	42	-17	17	719	42	-17	17	719	42	-17	17	719	42	-17	17	719	42	-17	17	719	42	-17	17	719
43	-22	22	741	43	-22	22	741	43	-22	22	741	43	-22	22	741	43	-22	22	741	43	-22	22	741	43	-22	22	741	43	-22	22	741
44	-15	15	756	44	-15	15	756	44	-15	15	756	44	-15	15	756	44	-15	15	756	44	-15	15	756	44	-15	15	756	44	-15	15	756
45	-15	15	771	45	-15	15	771	45	-15	15	771	45	-15	15	771	45	-15	15	771	45	-15	15	771	45	-15	15	771	45	-15	15	771
46	-16	16	787	46	-16	16	787	46	-16	16	787	46	-16	16	787	46	-16	16	787	46	-16	16	787	46	-16	16	787	46	-16	16	787
47	-17	17	804	47	-17	17	804	47	-17	17	804	47	-17	17	804	47	-17	17	804	47	-17	17	804	47	-17	17	804	47	-17	17	804
48	-17	17	821	48	-17	17	821	48	-17	17	821	48	-17	17	821	48	-17	17	821	48	-17	17	821	48	-17	17	821	48	-17	17	821
49	-17	17	838	49	-17	17	838	49	-17	17	838	49	-17	17	838	49	-17	17	838	49	-17	17	838	49	-17	17	838	49	-17	17	838
50	-19	19	857	50	-19	19	857	50	-19	19	857	50	-19	19	857	50	-19	19	857	50	-19	19	857	50	-19	19	857	50	-19	19	857
51	-15	15	872	51	-15	15	872	51	-15	15	872	51	-15	15	872	51	-15	15	872	51	-15	15	872	51	-15	15	872	51	-15	15	872
52	-17	17	889	52	-17	17	889	52	-17	17	889	52	-17	17	889	52	-17	17	889	52	-17	17	889	52	-17	17	889	52	-17	17	889
53	-19	19	908	53	-19	19	908	53	-19	19	908	53	-19	19	908	53	-19	19	908	53	-19	19	908	53	-19	19	908	53	-19	19	908
54	-15	15	923	54	-15	15	923	54	-15	15	923	54	-15	15	923	54	-15	15	923	54	-15	15	923	54	-15	15	923	54	-15	15	923
55	-17	17	940	55	-17	17	940	55	-17	17	940	55	-17	17	940	55	-17	17	940	55	-17	17	940	55	-17	17	940	55	-17	17	940
56	-15	15	955	56	-15	15	955	56	-15	15	955	56	-15	15	955	56	-15	15	955	56	-15	15	955	56	-15	15	955	56	-15	15	955
57	-15	15	970	57	-15	15	970	57	-15	15	970	57	-15	15	970	57	-15	15	970	57	-15	15	970	57	-15	15	970	57	-15	15	970
58	-16	16	986	58	-16	16	986	58	-16	16	986	58	-16	16	986	58	-16	16	986	58	-16	16	986	58	-16	16	986	58	-16	16	986
59	-15	15	1001	59	-15	15	1001	59	-15	15	1001	59	-15	15	1001	59	-15	15	1001	59	-15	15	1001	59	-15	15	1001	59	-15	15	1001
60	-17	17	1018	60	-17	17	1018	60	-17	17	1018	60	-17	17	1018	60	-17	17	1018	60	-17	17	1018	60	-17	17	1018	60	-17	17	1018
61	-15	15	1033	61	-15	15	1033	61	-15	15	1033	61	-15	15	1033	61	-15	15	1033	61	-15	15	1033	61	-15	15	1033	61	-15	15	1033
62	-135	36	1069	62	-135	36	1069	62	-135	36	1069	62	-135	36	1069	62	-135	36	1069	62	-135	36	1069	62	-135	36	1069	62	-135	36	1069
63	-118	19	1088	63	-118	19	1088	63	-118	19	1088	63	-118	19	1088	63	-118	19	1088	63	-118	19	1088	63	-118	19	1088	63	-118	19	1088
64	-20	20	1108	64	-20	20	1108	64	-20	20	1108	64	-20	20	1108	64	-20	20	1108	64	-20	20	1108	64	-20	20	1108	64	-20	20	1108
65	-19	19	1127	65	-19	19	1127	65	-19	19	1127	65	-19	19	1127	65	-19	19	1127	65	-19	19	1127	65	-19	19	1127	65	-19	19	1127
66	-15	15	1142	66	-15	15	1142	66	-15	15	1142	66	-15	15	1142	66	-15	15	1142	66	-15	15	1142	66	-15	15	1142	66	-15	15	1142
67	-18	18	1160	67	-18	18	1160	67	-18	18	1160	67	-18	18	1160	67	-18	18	1160	67	-18	18	1160	67	-18	18	1160	67	-18	18	1160
68	-17	17	1177	68	-17	17	1177	68	-17	17	1177	68	-17	17	1177	68	-17	17	1177	68	-17	17	1177	68	-17	17	1177	68	-17	17	1177
69	-17	17	1194	69	-17	17	1194	69	-17	17	1194	69	-17	17	1194	69	-17	17	1194	69	-17	17	1194	69	-17	17	1194	69	-17	17	1194
70	-21	21	1215	70	-21	21	1215	70	-21	21	1215	70	-21	21	1215	70	-21	21	1215	70	-21	21	1215	70	-21	21	1215	70	-21	21	1215
71	-17	17	1232	71	-17	17	1232	71	-17	17	1232	71	-17	17	1232	71	-17	17	1232	71	-17	17	1232	71	-17	17	1232	71	-17	17	1232
72	-16	16	1248	72	-16	16	1248	72	-16	16	1248	72	-16	16	1248	72	-16	16	1248	72	-16	16	1248	72	-16	16	1248	72	-16	16	1248
73	-15	15	1263	73	-15	15	1263	73	-15	15	1263	73	-15	15	1263	73	-15	15	1263	73	-15	15	1263	73	-15	15	1263	73	-15	15	1263
74	-16	16	1279	74	-16	16	1279	74	-16	16	1279	74	-16	16	1279	74	-16	16	1279	74	-16	16	1279	74	-16	16	1279	74	-16	16	1279
75	-20	20	1299	75	-20	20	1299	75	-20	20	1299	75	-20	20	1299	75	-20	20	1299	75	-20	20	1299	75	-20	20	1299	75	-20	20	1299
76	-17	17	1316	76	-17	17	1316	76	-17	17	1316	76	-17	17	1316	76	-17	17	1316	76	-17	17	1316	76	-17	17	1316	76	-17	17	1316
77	-17	17	1333	77	-17	17	1333	77	-17	17	1333	77	-17	17	1333	77	-17	17	1333	77	-17	17	1333	77	-17	17	1333	77	-17	17	1333
78	-20	20	1353	78	-20	20	1353	78	-20	20	1353	78	-20	20	1353	78	-20	20	1353	78	-20	20	1353	78	-20	20	1353	78	-20	20	1353
79	-19	19	1372	79	-19	19	1372	79	-19	19	1372	79	-19	19	1372	79	-19	19	1372	79	-19	19	1372	79	-19	19	1372	79	-19	19	1372
80	-15	15	1387	80	-15	15	1387	80	-15	15	1387	80	-15	15	1387	80	-15	15	1387	80	-15	15	1387	80	-15	15	1387	80	-15	15	1387
81	-21	21	1408	81	-21	21	1408	81	-21	21	1408	81	-21	21	1408	81	-21	21	1408	81	-21	21	1408	81	-21	21	1408	81	-21	21	1408
82	-17	17	1425	82	-17	17	1425	82	-17	17	1425	82	-17	17	1425	82	-17	17	1425	82	-17	17	1425	82	-17	17	1425	82	-17	17	1425
83	-15	15	1440	83	-15	15	1440	83	-15	15	1440	83	-15	15	1440	83	-15	15	1440	83	-15	15	1440	83	-15	15	1440	83	-15	15	1440
84	-17	17	1457	84	-17	17	1457	84	-17	17	1457	84	-17	17	1457	84	-17	17	1457	84	-17	17	1457	84	-17	17	1457	84	-17	17	1457
85	-115	16	1473	85	-115	16	1473	85	-115	16	1473	85	-115	16	1473	85	-115	16	1473	85	-115	16	1473	85	-115	16	1473	85	-115	16	1473
86	-16	16	1489	86	-16	16	1489	86	-16	16	1489	86	-16	16	1489	86	-16	16	1489	86	-16	16	1489	86	-16	16	1489	86	-16	16	1489
87	-20	20	1509	87	-20	20	1509	87	-20	20	1509	87	-20	20	1509	87	-20	20	1509	87	-20	20	1509	87	-20	20	1509	87	-20	20	1509
88	-17	17	1526	88	-17	17	1526	88	-17	17	1526	88	-17	17	1526	88	-17	17	1526	88	-17	17	1526	88	-17	17	1526	88	-17	17	1526
89	-17	17	1543	89	-17	17	1543	89	-17	17	1543	89	-17	17	1543	89	-17	17	1543	89	-17	17	1543	89	-17	17	1543	89	-17	17	1543
90	-17	17	1560	90	-17	17	1560	90	-17	17	1560	90	-17	17	1560	90	-17	17	1560	90	-17	17	1560	90	-17	17	1560	90	-17	17	1560
91	-18	18	1578	91	-18	18	1578	91	-18	18	1578	91	-18	18	1578	91	-18	18	1578	91	-18	18	1578	91	-18	18	1578	91	-18	18	1578
92	-21	21	1599	92	-21	21	1599	92	-21	21	1599	92	-21	21	1599	92	-21	21	1599	92	-21	21	1599	92	-21	21	1599	92	-21	21	1599
93	-16	16	1615	93	-16	16	1615	93	-16	16	1615	93	-16	16	1615	93	-16	16	1615	93	-16	16	1615	93	-16	16	1615	93	-16	16	1615
94	-15	15	1630	94	-15	15	1630	94	-15	15	1630	94	-15	15	1630	94	-15	15	1630	94	-15	15	1630	94	-15	15	1630	94	-15	15	1630
95	-15	15	1645	95	-15	15	1645	95	-15	15	1645	95	-15	15	1645	95	-15	15	1645	95	-15	15	1645	95	-15	15	1645	95	-15	15	1645
96	-15	15	1660	96	-15	15	1660	96	-15	15	1660	96	-15	15	1660	96	-15	15	1660	96	-15	15	1660	96	-15	15	1660	96	-15	15	1660
97	-17	17	1677	97	-17	17	1677	97	-17	17	1677	97	-17	17	1677	97	-17	17	1677	97	-17	17	1677	97	-17	17	1677	97	-17	17	1677
98	-18	18	1695	98	-18	18	1695	98	-18	18	1695	98	-18	18	1695	98	-18	18	1695	98	-18	18	1695	98	-18	18	1695	98	-18	18	1695
99	-116	17	1712	99	-116	17	1712	99	-116	17	1712	99	-116	17	1712	99	-116	17	1712	99	-116	17	1712	99	-116	17	1712	99	-116	17	1712
100	-20	20	1732	100	-20	20	1732	100	-20	20	1732	100	-20	20	1732	100	-20	20	1732	100	-20	20	1732	100	-20	20	1732	100	-20	20	1732
101	-15	15	1747	101	-15	15	1747	101	-15	15	1747	101	-15	15	1747	101	-15	15	1747	101	-15	15	1747	101	-15	15	1747	101	-15	15	1747
102	-18	18	1765	102	-18	18	1765	102	-18	18	1765	102	-18	18	1765	102	-18	18	1765	102	-18	18	1765	102	-18	18	1765	102	-18	18	1765
103	-17	17	1782	103	-17	17	1782	103	-17	17	1782	103	-17	17	1782	103	-17	17	1782	103	-17	17	1782	103	-17	17	1782	103	-17	17	1782
104	-124	25	1807	104	-124	25	1807	104	-124	25	1807	104	-124	25	1807	104	-124	25	1807	104	-124	25	1807	104	-124	25	1807	104	-124	25	1807
105	-17	17	1824	105	-17	17	1824	105	-17	17	1824	105	-17	17	1824	105	-17	17	1824	105	-17	17	1824	105	-17	17	1824	105	-17	17	1824
106	-17	17	1841	106	-17	17	1841	106	-17	17	1841	106	-17	17	1841	106	-17	17	1841	106	-17	17	1841	106	-17	17	1841	106	-17	17	1841
107	-15	15	1856	107	-15	15	1856	107	-15	15	1856	107	-15	15	1856	107	-15	15	1856	107	-15	15	1856	107	-15	15	1856	107	-15	15	1856
108	-16	16	1872	108	-16	16	1872	108	-16	16	1872	108	-16	16	1872	108	-16	16	1872	108	-16	16	1872	108	-16	16	1872	108	-16	16	1872
109	-19	19	1891	109	-19	19	1891	109	-19	19	1891	109	-19	19	1891	109	-19	19	1891	109	-19	19	1891	109	-19	19	1891	109	-19	19	1891
110	-18	18	1909	110	-18	18	1909	110	-18	18	1909	110	-18	18	1909	110	-18	18	1909	110	-18	18	1909	110	-18	18	1909	110	-18	18	1909
111	-18	18	1927	111	-18	18	1927	111	-18	18	1927	111	-18	18	1927	111	-18	18	1927	111	-18	18	1927	111	-18	18	1927	111	-18	18	1927
112	-20	20	1947	112	-20	20	1947	112	-20	20	1947	112	-20	20	1947	112	-20	20	1947	112	-20	20	1947	112	-20	20	1947	112	-20	20	1947
113	-17	17	1964	113	-17	17	1964	113	-17	17	1964	113	-17	17	1964	113	-17	17	1964	113	-17	17	1964	113	-17	17	1964	113	-17	17	1964
114	-19	19	1983	114	-19	19	1983	114	-19	19	1983	114	-19	19	1983	114	-19	19	1983	114	-19	19	1983	114	-19	19	1983	114	-19	19	1983
115	-19	19	2002	115	-19	19	2002	115	-19	19	2002	115	-19	19	2002	115	-19	19	2002	115	-19	19	2002	115	-19	19	2002	115	-19	19	2002
116	-21	21	2023	116	-21	21	2023	116	-21	21	2023	116	-21	21	2023	116	-21	21	2023	116	-21	21	2023	116	-21	21	2023	116	-21	21	2023
117	-15	15	2038	117	-15	15	2038	117	-15	15	2038	117	-15	15	2038	117	-15	15	2038	117	-15	15	2038	117	-15	15	2038	117	-15	15	2038
118	-17	17	2055	118	-17	17	2055	118	-17	17	2055	118	-17	17	2055	118	-17	17	2055	118	-17	17	2055	118	-17	17	2055	118	-17	17	2055
119	-17	17	2072	119	-17	17	2072	119	-17	17	2072	119	-17	17	2072	119	-17	17	2072	119	-17	17	2072	119	-17	17	2072	119	-17	17	2072
120	-15	15	2087	120	-15	15	2087	120	-15	15	2087	120	-15	15	2087	120	-15	15	2087	120	-15	15	2087	120	-15	15	2087	120	-15	15	2087
121	-17	17	2104	121	-17	17	2104	121	-17	17	2104	121	-17	17	2104	121	-17	17	2104	121	-17	17	2104	121	-17	17	2104	121	-17	17	2104
122	-21	21	2125	122	-21	21	2125	122	-21	21	2125	122	-21	21	2125	122	-21	21	2125	122	-21	21	2125	122	-21	21	2125	122	-21	21	2125
123	-19	19	2144	123	-19	19	2144	123	-19	19	2144	123	-19	19	2144	123	-19	19	2144	123	-19	19	2144	123	-19	19	2144	123	-19	19	2144
124	-21	21	2165	124	-21	21	2165	124	-21	21	2165	124	-21	21	2165	124	-21	21	2165	124	-21	21	2165	124	-21	21	2165	124	-21	21	2165
125	-17	17	2182	125	-17	17	2182	125	-17	17	2182	125	-17	17	2182	125	-17	17	2182	125	-17	17	2182	125	-17	17	2182	125	-17	17	2182
126	-19	19	2201	126	-19	19	2201	126	-19	19	2201	126	-19	19	2201	126	-19	19	2201	126	-19	19	2201	126	-19	19	2201	126	-19	19	2201
127	-21	21	2222	127	-21	21	2222	127	-21	21	2222	127	-21	21	2222	127	-21	21	2222	127	-21	21	2222	127	-21	21	2222	127	-21	21	2222
128	-15	15	2237	128	-15	15	2237	128	-15	15	2237	128	-15	15	2237	128	-15	15	2237	128	-15	15	2237	128	-15	15	2237	128	-15	15	2237
129	-17	17	2254	129	-17	17	2254	129	-17	17	2254	129	-17	17	2254	129	-17	17	2254	129	-17	17	2254	129	-17	17	2254	129	-17	17	2254
130	-17	17	2271	130	-17	17	2271	130	-17	17	2271	130	-17	17	2271	130	-17	17	2271	130	-17	17	2271	130	-17	17	2271	130	-17	17	2271
131	-15	15	2286	131	-15	15	2286	131	-15	15	2286	131	-15	15	2286	131	-15	15	2286	131	-15	15	2286	131	-15	15	2286	131	-15	15	2286
132	-17	17	2303	132	-17	17	2303	132	-17	17	2303	132	-17	17	2303	132	-17	17	2303	132	-17	17	2303	132	-17	17	2303	132	-17	17	2303
133	-15	15	2318	133	-15	15	2318	133	-15	15	2318	133	-15	15	2318	133	-15	15	2318	133	-15	15	2318	133	-15	15	2318	133	-15	15	2318
134	-17	17	2335	134	-17	17	2335	134	-17	17	2335	134	-17	17	2335	134	-17	17	2335	134	-17	17	2335	134	-17	17	2335	134	-17	17	2335
135	-15	15	2350	135	-15	15	2350	135	-15	15	2350	135	-15	15	2350	135	-15	15	2350	135	-15	15	2350	135	-15	15	2350	135	-15	15	2350
136	-15	15	2365	136	-15	15	2365	136	-15	15	2365	136	-15	15	2365	136	-15	15	2365	136	-15	15	2365	136	-15	15	2365	136	-15	15	2365
137	-17	17	2382	137	-17	17	2382	137	-17	17	2382	137	-17	17	2382	137	-17	17	2382	137	-17	17	2382	137	-17	17	2382	137	-17	17	2382
138	-15	15	2397	138	-15	15	2397	138	-15	15	2397	138	-15	15	2397	138	-15	15	2397	138	-15	15	2397	138	-15	15	2397	138	-15	15	2397
139	-17	17	2414	139	-17	17	2414	139	-17	17	2414	139	-17	17	2414	139	-17	17	2414	139	-17	17	2414	139	-17	17	2414	139	-17	17	2414
140	-15	15	2429	140	-15	15	2429	140	-15	15	2429	140	-15	15	2429	140	-15	15	2429	140	-15	15	2429	140	-15	15	2429	140	-15	15	2429
141	-17	17	2446	141	-17	17	2446	141	-17	17	2446	141	-17	17	2446	141	-17	17	2446	141	-17	17	2446	141	-17	17	2446	141	-17	17	2446
142	-15	15	2461	142	-15	15	2461	142	-15	15	2461	142	-15	15	2461	142	-15	15	2461	142	-15	15	2461	142	-15	15	2461	142	-15	15	2461
143	-15	15	2476	143	-15	15	2476	143	-15	15	2476	143	-15	15	2476	143	-15	15	2476	143	-15	15	2476	143	-15	15	2476	143	-15	15	2476
144	-23	23	2499	144	-23	23	2499	144	-23	23	2499	144	-23	23	2499	144	-23	23	2499	144	-23	23	2499	144	-23	23	2499	144	-23	23	2499
145	-17	17	2516	145	-17	17	2516	145	-17	17	2516	145	-17	17	2516	145	-17	17	2516	145	-17	17	2516	145	-17	17	2516	145	-17	17	2516
146	-21	21	2537	146	-21	21	2537	146	-21	21	2537	146	-21	21	2537	146	-21	21	2537	146	-21	21	2537	146	-21	21	2537	146	-21	21	2537
147	-19	19	2556	147	-19	19	2556	147	-19	19	2556	147	-19	19	2556	147	-19	19	2556	147	-19	19	2556	147	-19	19	2556	147	-19	19	2556
148	-15	15	2571	148	-15	15	2571	148	-15	15	2571	148	-15	15	2571	148	-15	15	2571	148	-15	15	2571	148	-15	15	2571	148	-15	15	2571
149	-15	15	2586	149	-15	15	2586	149	-15	15	2586	149	-15	15	2586	149	-15	15	2586	149	-15	15	2586	149	-15	15	2586	149	-15	15	2586
150	-17	17	2603	150	-17	17	2603	150	-17	17	2603	150	-17	17	2603	150	-17	17	2603	150	-17	17	2603	150	-17	17	2603	150	-17	17	2603
151	-15	15	2618	151	-15	15	2618	151	-15	15	2618	151	-15	15	2618	151	-15	15	2618	151	-15	15	2618	151	-15	15	2618	151	-15	15	2618
152	-15	15	2633	152	-15	15	2633	152	-15	15	2633	152	-15	15	2633	152	-15	15	2633	152	-15	15	2633	152	-15	15	2633	152	-15	15	2633
153	-17	17	2650	153	-17	17	2650	153	-17	17	2650	153	-17	17	2650	153	-17	17	2650	153	-17	17	2650	153	-17	17	2650	153	-17	17	2650
154	-15	15	2665	154	-15	15	2665	154	-15	15	2665	154	-15	15	2665	154	-15	15	2665	154	-15	15	2665	154	-15	15	2665	154	-15	15	2665
155	-15	15	2680	155	-15	15	2680	155	-15	15	2680	155	-15	15	2680	155	-15	15	2680	155	-15	15	2680	155	-15	15	2680	155	-15	15	2680
156	-17	17	2697	156	-17	17	2697	156	-17	17	2697	156	-17	17	2697	156	-17	17	2697	156	-17	17	2697	156	-17	17	2697	156	-17	17	2697
157	-15	15	2712	157	-15	15	2712	157	-15	15	2712	157	-15	15	2712	157	-15	15	2712	157	-15	15	2712	157	-15	15	2712	157	-15	15	2712
158	-15	15	2727	158	-15	15	2727	158	-15	15	2727	158	-15	15	2727	158	-15	15	2727	158	-15	15	2727	158	-15	15	2727	158	-15	15	2727
159	-15	15	2742	159	-15	15	2742	159	-15	15	2742	159	-15	15	2742	159	-15	15	2742	159	-15	15	2742	159	-15	15	2742	159	-15	15	2742
160	-19	19	2761	160	-19	19	2761	160	-19	19	2761	160	-19	19	2761	160	-19	19	2761	160	-19	19	2761	160	-19	19	2761	160	-19	19	2761
161	-20	20	2781	161	-20	20	2781	161	-20	20	2781	161	-20	20	2781	161	-20	20	2781	161	-20	20	2781	161	-20	20	2781	161	-20	20	2781
162	-15	15	2796	162	-15	15	2796	162	-15	15	2796	162	-15	15	2796	162	-15	15	2796	162	-15	15	2796	162	-15	15	2796	162	-15	15	2796
163	-15	15	2811	163	-15	15	2811	163	-15	15	2811	163	-15	15	2811	163	-15	15	2811	163	-15	15	2811	163	-15	15	2811	163	-15	15	2811
164	-15	15	2826	164	-15	15	2826	164	-15	15	2826	164	-15	15	2826	164	-15	15	2826	164	-15	15	2826	164	-15	15	2826	164	-15	15	2826
165	-15	15	2841	165	-15	15	2841	165	-15	15	2841	165	-15	15	2841	165	-15	15	2841	165	-15	15	2841	165	-15	15	2841	165	-15	15	2841
166	-15	15	2856	166	-15	15	2856	166	-15	15	2856	166	-15	15	2856	166	-15	15	2856	166	-15	15	2856	166	-15	15	2856	166	-15	15	2856
167	-15	15	2871	167	-15	15	2871	167	-15	15	2871	167	-15	15	2871	167	-15	15	2871	167	-15	15	2871	167	-15	15	2871	167	-15	15	2871
168	-15	15	2886	168	-15	15	2886	168	-15	15	2886	168	-15	15	2886	168	-15	15	2886	168	-15	15	2886	168	-15	15	2886	168	-15	15	2886
169	-17	17	2903	169	-17	17	2903	169	-17	17	2903	169	-17	17	2903	169	-17	17	2903	169	-17	17	2903	169	-17	17	2903	169	-17	17	2903
170	-21	21	2924	170	-21	21	2924	170	-21	21	2924	170	-21	21	2924	170	-21	21	2924	170	-21	21	2924	170	-21	21	2924	170	-21	21	2924
171	-18	18	2942	171	-18	18	2942	171	-18	18	2942	171	-18	18	2942	171	-18	18	2942	171	-18	18	2942	171	-18	18	2942	171	-18	18	2942
172	-15	15	2957	172	-15	15	2957	172	-15	15	2957	172	-15	15	2957	172	-15	15	2957	172	-15	15	2957	172	-15	15	2957	172	-15	15	2957
173	-15	15	2972	173	-15	15	2972	173	-15	15	2972	173	-15	15	2972	173	-15	15	2972	173	-15	15	2972	173	-15	15	2972	173	-15	15	2972
174	-120	21	2993	174	-120	21	2993	174	-120	21	2993	174	-120	21	2993	174	-120	21	2993	174	-120	21	2993	174	-120	21	2993	174	-120	21	2993
175	-19	19	3012	175	-19	19	3012	175	-19	19	3012	175	-19	19	3012	175	-19	19	3012	175	-19	19	3012	175	-19	19	3012	175	-19	19	3012
176	-15	15	3027	176	-15	15	3027	176	-15	15	3027	176	-15	15	3027	176	-15	15	3027	176	-15	15	3027	176	-15	15	3027	176	-15	15	3027
177	-15	15	3042	177	-15	15	3042	177	-15	15	3042	177	-15	15	3042	177	-15	15	3042	177	-15	15	3042	177	-15	15	3042	177	-15	15	3042
178	-18	18	3060	178	-18	18	3060	178	-18	18	3060	178	-18	18	3060	178	-18	18	3060	178	-18	18	3060	178	-18	18	3060	178	-18	18	3060
179	-15	15	3075	179	-15	15	3075	179	-15	15	3075	179	-15	15	3075	179	-15	15	3075	179	-15	15	3075	179	-15	15	3075	179	-15	15	3075
180	-17	17	3092	180	-17	17	3092	180	-17	17	3092	180	-17	17	3092	180	-17	17	3092	180	-17	17	3092	180	-17	17	3092	180	-17	17	3092
181	-17	17	3109	181	-17	17	3109	181	-17	17	3109	181	-17	17	3109	181	-17	17	3109	181	-17	17	3109	181	-17	17	3109	181	-17	17	3109
182	-17	17	3126	182	-17	17	3126	182	-17	17	3126	182	-17	17	3126	182	-17	17	3126	182	-17	17	3126	182	-17	17	3126	182	-17	17	3126
183	-115	16	3142	183	-115	16	3142	183	-115	16	3142	183	-115	16	3142	183	-115	16	3142	183	-115	16	3142	183	-115	16	3142	183	-115	16	3142
184	-18	18	3160	184	-18	18	3160	184	-18	18	3160	184	-18	18	3160	184	-18	18	3160	184	-18	18	3160	184	-18	18	3160	184	-18	18	3160
185	-20	20	3180	185	-20	20	3180	185	-20	20	3180	185	-20	20	3180	185	-20	20	3180	185	-20	20	3180	185	-20	20	3180	185	-20	20	3180
186	-20	20	3200	186	-20	20	3200	186	-20	20	3200	186	-20	20	3200	186	-20	20	3200	186	-20	20	3200	186	-20	20	3200	186	-20	20	3200
187	-19	19	3219	187	-19	19	3219	187	-19	19	3219	187	-19	19	3219	187	-19	19	3219	187	-19	19	3219	187	-19	19	3219	187	-19	19	3219
188	-17	17	3236	188	-17	17	3236	188	-17	17	3236	188	-17	17	3236	188	-17	17	3236	188	-17	17	3236	188	-17	17	3236	188	-17	17	3236
189	-17	17	3253	189	-17	17	3253	189	-17	17	3253	189	-17	17	3253	189	-17	17	3253	189	-17	17	3253	189	-17	17	3253	189	-17	17	3253
190	-19	19	3272	190	-19	19	3272	190	-19	19	3272	190	-19	19	3272	190	-19	19	3272	190	-19	19	3272	190	-19	19	3272	190	-19	19	3272
191	-15	15	3287	191	-15	15	3287	191	-15	15	3287	191	-15	15	3287	191	-15	15	3287	191	-15	15	3287	191	-15	15	3287	191	-15	15	3287
192	-123	24	3311	192	-123	24	3311	192	-123	24	3311	192	-123	24	3311	192	-123	24	3311	192	-123	24	3311	192	-123	24	3311	192	-123	24	3311
193	-17	17	3328	193	-17	17	3328	193	-17	17	3328	193	-17	17	3328	193	-17	17	3328	193	-17	17	3328	193	-17	17	3328	193	-17	17	3328
194	-23	23	3351	194	-23	23	3351	194	-23	23	3351	194	-23	23	3351	194	-23	23	3351	194	-23	23	3351	194	-23	23	3351	194	-23	23	3351
195	-15	15	3366	195	-15	15	3366	195	-15	15	3366	195	-15	15	3366	195	-15	15	3366	195	-15	15	3366	195	-15	15	3366	195	-15	15	3366
196	-17	17	3383	196	-17	17	3383	196	-17	17	3383	196	-17	17	3383	196	-17	17	3383	196	-17	17	3383	196	-17	17	3383	196	-17	17	3383
197	-16	16	3399	197	-16	16	3399	197	-16	16	3399	197	-16	16	3399	197	-16	16	3399	197	-16	16	3399	197	-16	16	3399	197	-16	16	3399
198	-19	19	3418	198	-19	19	3418	198	-19	19	3418	198	-19	19	3418	198	-19	19	3418	198	-19	19	3418	198	-19	19	3418	198	-19	19	3418
199	-20	20	3438	199	-20	20	3438	199	-20	20	3438	199	-20	20	3438	199	-20	20	3438	199	-20	20	3438	199	-20	20	3438	199	-20	20	3438
