Episode	Accumulated Reward	Length	Steps	Episode	Accumulated Reward	Length	Steps	Episode	Accumulated Reward	Length	Steps
0	-500.0	500	500	0	-500.0	500	500	0	-500.0	500	500
1	-500.0	500	1000	1	-500.0	500	1000	1	-500.0	500	1000
2	-500.0	500	1500	2	-500.0	500	1500	2	-500.0	500	1500
3	-500.0	500	2000	3	-500.0	500	2000	3	-500.0	500	2000
4	-500.0	500	2500	4	-500.0	500	2500	4	-500.0	500	2500
5	-494.0	494	2994	5	-494.0	494	2994	5	-494.0	494	2994
6	-307.0	307	3301	6	-307.0	307	3301	6	-307.0	307	3301
7	-273.0	273	3574	7	-273.0	273	3574	7	-273.0	273	3574
8	-293.0	293	3867	8	-293.0	293	3867	8	-293.0	293	3867
9	-233.0	233	4100	9	-233.0	233	4100	9	-233.0	233	4100
10	-277.0	277	4377	10	-277.0	277	4377	10	-277.0	277	4377
11	-161.0	161	4538	11	-161.0	161	4538	11	-161.0	161	4538
12	-238.0	238	4776	12	-238.0	238	4776	12	-238.0	238	4776
13	-161.0	161	4937	13	-161.0	161	4937	13	-161.0	161	4937
14	-210.0	210	5147	14	-210.0	210	5147	14	-210.0	210	5147
15	-184.0	184	5331	15	-184.0	184	5331	15	-184.0	184	5331
16	-246.0	246	5577	16	-246.0	246	5577	16	-246.0	246	5577
17	-157.0	157	5734	17	-157.0	157	5734	17	-157.0	157	5734
18	-196.0	196	5930	18	-196.0	196	5930	18	-196.0	196	5930
19	-150.0	150	6080	19	-150.0	150	6080	19	-150.0	150	6080
20	-152.0	152	6232	20	-152.0	152	6232	20	-152.0	152	6232
21	-149.0	149	6381	21	-149.0	149	6381	21	-149.0	149	6381
22	-206.0	206	6587	22	-206.0	206	6587	22	-206.0	206	6587
23	-254.0	254	6841	23	-254.0	254	6841	23	-254.0	254	6841
24	-251.0	251	7092	24	-251.0	251	7092	24	-251.0	251	7092
25	-217.0	217	7309	25	-217.0	217	7309	25	-217.0	217	7309
26	-145.0	145	7454	26	-145.0	145	7454	26	-145.0	145	7454
27	-132.0	132	7586	27	-132.0	132	7586	27	-132.0	132	7586
28	-149.0	149	7735	28	-149.0	149	7735	28	-149.0	149	7735
29	-143.0	143	7878	29	-143.0	143	7878	29	-143.0	143	7878
30	-113.0	113	7991	30	-113.0	113	7991	30	-113.0	113	7991
31	-214.0	214	8205	31	-214.0	214	8205	31	-214.0	214	8205
32	-154.0	154	8359	32	-154.0	154	8359	32	-154.0	154	8359
33	-186.0	186	8545	33	-186.0	186	8545	33	-186.0	186	8545
34	-200.0	200	8745	34	-200.0	200	8745	34	-200.0	200	8745
35	-185.0	185	8930	35	-185.0	185	8930	35	-185.0	185	8930
36	-151.0	151	9081	36	-151.0	151	9081	36	-151.0	151	9081
37	-154.0	154	9235	37	-154.0	154	9235	37	-154.0	154	9235
38	-178.0	178	9413	38	-178.0	178	9413	38	-178.0	178	9413
39	-152.0	152	9565	39	-152.0	152	9565	39	-152.0	152	9565
40	-159.0	159	9724	40	-159.0	159	9724	40	-159.0	159	9724
41	-144.0	144	9868	41	-144.0	144	9868	41	-144.0	144	9868
42	-142.0	142	10010	42	-142.0	142	10010	42	-142.0	142	10010
43	-139.0	139	10149	43	-139.0	139	10149	43	-139.0	139	10149
44	-151.0	151	10300	44	-151.0	151	10300	44	-151.0	151	10300
45	-145.0	145	10445	45	-145.0	145	10445	45	-145.0	145	10445
46	-151.0	151	10596	46	-151.0	151	10596	46	-151.0	151	10596
47	-141.0	141	10737	47	-141.0	141	10737	47	-141.0	141	10737
48	-173.0	173	10910	48	-173.0	173	10910	48	-173.0	173	10910
49	-150.0	150	11060	49	-150.0	150	11060	49	-150.0	150	11060
50	-141.0	141	11201	50	-141.0	141	11201	50	-141.0	141	11201
51	-184.0	184	11385	51	-184.0	184	11385	51	-184.0	184	11385
52	-115.0	115	11500	52	-115.0	115	11500	52	-115.0	115	11500
53	-148.0	148	11648	53	-148.0	148	11648	53	-148.0	148	11648
54	-163.0	163	11811	54	-163.0	163	11811	54	-163.0	163	11811
55	-186.0	186	11997	55	-186.0	186	11997	55	-186.0	186	11997
56	-145.0	145	12142	56	-145.0	145	12142	56	-145.0	145	12142
57	-158.0	158	12300	57	-158.0	158	12300	57	-158.0	158	12300
58	-136.0	136	12436	58	-136.0	136	12436	58	-136.0	136	12436
59	-160.0	160	12596	59	-160.0	160	12596	59	-160.0	160	12596
60	-145.0	145	12741	60	-145.0	145	12741	60	-145.0	145	12741
61	-142.0	142	12883	61	-142.0	142	12883	61	-142.0	142	12883
62	-142.0	142	13025	62	-142.0	142	13025	62	-142.0	142	13025
63	-139.0	139	13164	63	-139.0	139	13164	63	-139.0	139	13164
64	-139.0	139	13303	64	-139.0	139	13303	64	-139.0	139	13303
65	-142.0	142	13445	65	-142.0	142	13445	65	-142.0	142	13445
66	-120.0	120	13565	66	-120.0	120	13565	66	-120.0	120	13565
67	-139.0	139	13704	67	-139.0	139	13704	67	-139.0	139	13704
68	-155.0	155	13859	68	-155.0	155	13859	68	-155.0	155	13859
69	-152.0	152	14011	69	-152.0	152	14011	69	-152.0	152	14011
70	-148.0	148	14159	70	-148.0	148	14159	70	-148.0	148	14159
71	-153.0	153	14312	71	-153.0	153	14312	71	-153.0	153	14312
72	-155.0	155	14467	72	-155.0	155	14467	72	-155.0	155	14467
73	-146.0	146	14613	73	-146.0	146	14613	73	-146.0	146	14613
74	-143.0	143	14756	74	-143.0	143	14756	74	-143.0	143	14756
75	-136.0	136	14892	75	-136.0	136	14892	75	-136.0	136	14892
76	-131.0	131	15023	76	-131.0	131	15023	76	-131.0	131	15023
77	-176.0	176	15199	77	-176.0	176	15199	77	-176.0	176	15199
78	-174.0	174	15373	78	-174.0	174	15373	78	-174.0	174	15373
79	-137.0	137	15510	79	-137.0	137	15510	79	-137.0	137	15510
80	-146.0	146	15656	80	-146.0	146	15656	80	-146.0	146	15656
81	-153.0	153	15809	81	-153.0	153	15809	81	-153.0	153	15809
82	-150.0	150	15959	82	-150.0	150	15959	82	-150.0	150	15959
83	-157.0	157	16116	83	-157.0	157	16116	83	-157.0	157	16116
84	-139.0	139	16255	84	-139.0	139	16255	84	-139.0	139	16255
85	-148.0	148	16403	85	-148.0	148	16403	85	-148.0	148	16403
86	-190.0	190	16593	86	-190.0	190	16593	86	-190.0	190	16593
87	-148.0	148	16741	87	-148.0	148	16741	87	-148.0	148	16741
88	-147.0	147	16888	88	-147.0	147	16888	88	-147.0	147	16888
89	-148.0	148	17036	89	-148.0	148	17036	89	-148.0	148	17036
90	-139.0	139	17175	90	-139.0	139	17175	90	-139.0	139	17175
91	-137.0	137	17312	91	-137.0	137	17312	91	-137.0	137	17312
92	-185.0	185	17497	92	-185.0	185	17497	92	-185.0	185	17497
93	-156.0	156	17653	93	-156.0	156	17653	93	-156.0	156	17653
94	-185.0	185	17838	94	-185.0	185	17838	94	-185.0	185	17838
95	-156.0	156	17994	95	-156.0	156	17994	95	-156.0	156	17994
96	-144.0	144	18138	96	-144.0	144	18138	96	-144.0	144	18138
97	-138.0	138	18276	97	-138.0	138	18276	97	-138.0	138	18276
98	-180.0	180	18456	98	-180.0	180	18456	98	-180.0	180	18456
99	-134.0	134	18590	99	-134.0	134	18590	99	-134.0	134	18590
100	-132.0	132	18722	100	-132.0	132	18722	100	-132.0	132	18722
101	-138.0	138	18860	101	-138.0	138	18860	101	-138.0	138	18860
102	-141.0	141	19001	102	-141.0	141	19001	102	-141.0	141	19001
103	-176.0	176	19177	103	-176.0	176	19177	103	-176.0	176	19177
104	-137.0	137	19314	104	-137.0	137	19314	104	-137.0	137	19314
105	-133.0	133	19447	105	-133.0	133	19447	105	-133.0	133	19447
106	-136.0	136	19583	106	-136.0	136	19583	106	-136.0	136	19583
107	-170.0	170	19753	107	-170.0	170	19753	107	-170.0	170	19753
108	-135.0	135	19888	108	-135.0	135	19888	108	-135.0	135	19888
109	-137.0	137	20025	109	-137.0	137	20025	109	-137.0	137	20025
110	-141.0	141	20166	110	-141.0	141	20166	110	-141.0	141	20166
111	-130.0	130	20296	111	-130.0	130	20296	111	-130.0	130	20296
112	-140.0	140	20436	112	-140.0	140	20436	112	-140.0	140	20436
113	-130.0	130	20566	113	-130.0	130	20566	113	-130.0	130	20566
114	-124.0	124	20690	114	-124.0	124	20690	114	-124.0	124	20690
115	-108.0	108	20798	115	-108.0	108	20798	115	-108.0	108	20798
116	-140.0	140	20938	116	-140.0	140	20938	116	-140.0	140	20938
117	-142.0	142	21080	117	-142.0	142	21080	117	-142.0	142	21080
118	-134.0	134	21214	118	-134.0	134	21214	118	-134.0	134	21214
119	-141.0	141	21355	119	-141.0	141	21355	119	-141.0	141	21355
120	-166.0	166	21521	120	-166.0	166	21521	120	-166.0	166	21521
121	-132.0	132	21653	121	-132.0	132	21653	121	-132.0	132	21653
122	-109.0	109	21762	122	-109.0	109	21762	122	-109.0	109	21762
123	-115.0	115	21877	123	-115.0	115	21877	123	-115.0	115	21877
124	-105.0	105	21982	124	-105.0	105	21982	124	-105.0	105	21982
125	-106.0	106	22088	125	-106.0	106	22088	125	-106.0	106	22088
126	-135.0	135	22223	126	-135.0	135	22223	126	-135.0	135	22223
127	-108.0	108	22331	127	-108.0	108	22331	127	-108.0	108	22331
128	-109.0	109	22440	128	-109.0	109	22440	128	-109.0	109	22440
129	-113.0	113	22553	129	-113.0	113	22553	129	-113.0	113	22553
130	-109.0	109	22662	130	-109.0	109	22662	130	-109.0	109	22662
131	-108.0	108	22770	131	-108.0	108	22770	131	-108.0	108	22770
132	-96.0	96	22866	132	-96.0	96	22866	132	-96.0	96	22866
133	-107.0	107	22973	133	-107.0	107	22973	133	-107.0	107	22973
134	-112.0	112	23085	134	-112.0	112	23085	134	-112.0	112	23085
135	-84.0	84	23169	135	-84.0	84	23169	135	-84.0	84	23169
136	-105.0	105	23274	136	-105.0	105	23274	136	-105.0	105	23274
137	-105.0	105	23379	137	-105.0	105	23379	137	-105.0	105	23379
138	-104.0	104	23483	138	-104.0	104	23483	138	-104.0	104	23483
139	-172.0	172	23655	139	-172.0	172	23655	139	-172.0	172	23655
140	-169.0	169	23824	140	-169.0	169	23824	140	-169.0	169	23824
141	-105.0	105	23929	141	-105.0	105	23929	141	-105.0	105	23929
142	-104.0	104	24033	142	-104.0	104	24033	142	-104.0	104	24033
143	-104.0	104	24137	143	-104.0	104	24137	143	-104.0	104	24137
144	-104.0	104	24241	144	-104.0	104	24241	144	-104.0	104	24241
145	-104.0	104	24345	145	-104.0	104	24345	145	-104.0	104	24345
146	-186.0	186	24531	146	-186.0	186	24531	146	-186.0	186	24531
147	-88.0	88	24619	147	-88.0	88	24619	147	-88.0	88	24619
148	-89.0	89	24708	148	-89.0	89	24708	148	-89.0	89	24708
149	-105.0	105	24813	149	-105.0	105	24813	149	-105.0	105	24813
150	-161.0	161	24974	150	-161.0	161	24974	150	-161.0	161	24974
151	-104.0	104	25078	151	-104.0	104	25078	151	-104.0	104	25078
152	-156.0	156	25234	152	-156.0	156	25234	152	-156.0	156	25234
153	-147.0	147	25381	153	-147.0	147	25381	153	-147.0	147	25381
154	-107.0	107	25488	154	-107.0	107	25488	154	-107.0	107	25488
155	-166.0	166	25654	155	-166.0	166	25654	155	-166.0	166	25654
156	-106.0	106	25760	156	-106.0	106	25760	156	-106.0	106	25760
157	-106.0	106	25866	157	-106.0	106	25866	157	-106.0	106	25866
158	-144.0	144	26010	158	-144.0	144	26010	158	-144.0	144	26010
159	-106.0	106	26116	159	-106.0	106	26116	159	-106.0	106	26116
160	-183.0	183	26299	160	-183.0	183	26299	160	-183.0	183	26299
161	-182.0	182	26481	161	-182.0	182	26481	161	-182.0	182	26481
162	-137.0	137	26618	162	-137.0	137	26618	162	-137.0	137	26618
163	-184.0	184	26802	163	-184.0	184	26802	163	-184.0	184	26802
164	-142.0	142	26944	164	-142.0	142	26944	164	-142.0	142	26944
165	-137.0	137	27081	165	-137.0	137	27081	165	-137.0	137	27081
166	-144.0	144	27225	166	-144.0	144	27225	166	-144.0	144	27225
167	-118.0	118	27343	167	-118.0	118	27343	167	-118.0	118	27343
168	-151.0	151	27494	168	-151.0	151	27494	168	-151.0	151	27494
169	-139.0	139	27633	169	-139.0	139	27633	169	-139.0	139	27633
170	-140.0	140	27773	170	-140.0	140	27773	170	-140.0	140	27773
171	-139.0	139	27912	171	-139.0	139	27912	171	-139.0	139	27912
172	-141.0	141	28053	172	-141.0	141	28053	172	-141.0	141	28053
173	-144.0	144	28197	173	-144.0	144	28197	173	-144.0	144	28197
174	-140.0	140	28337	174	-140.0	140	28337	174	-140.0	140	28337
175	-140.0	140	28477	175	-140.0	140	28477	175	-140.0	140	28477
176	-153.0	153	28630	176	-153.0	153	28630	176	-153.0	153	28630
177	-106.0	106	28736	177	-106.0	106	28736	177	-106.0	106	28736
178	-135.0	135	28871	178	-135.0	135	28871	178	-135.0	135	28871
179	-140.0	140	29011	179	-140.0	140	29011	179	-140.0	140	29011
180	-137.0	137	29148	180	-137.0	137	29148	180	-137.0	137	29148
181	-117.0	117	29265	181	-117.0	117	29265	181	-117.0	117	29265
182	-114.0	114	29379	182	-114.0	114	29379	182	-114.0	114	29379
183	-114.0	114	29493	183	-114.0	114	29493	183	-114.0	114	29493
184	-149.0	149	29642	184	-149.0	149	29642	184	-149.0	149	29642
185	-120.0	120	29762	185	-120.0	120	29762	185	-120.0	120	29762
186	-110.0	110	29872	186	-110.0	110	29872	186	-110.0	110	29872
187	-113.0	113	29985	187	-113.0	113	29985	187	-113.0	113	29985
188	-164.0	164	30149	188	-164.0	164	30149	188	-164.0	164	30149
189	-140.0	140	30289	189	-140.0	140	30289	189	-140.0	140	30289
190	-110.0	110	30399	190	-110.0	110	30399	190	-110.0	110	30399
191	-90.0	90	30489	191	-90.0	90	30489	191	-90.0	90	30489
192	-148.0	148	30637	192	-148.0	148	30637	192	-148.0	148	30637
193	-145.0	145	30782	193	-145.0	145	30782	193	-145.0	145	30782
194	-105.0	105	30887	194	-105.0	105	30887	194	-105.0	105	30887
195	-109.0	109	30996	195	-109.0	109	30996	195	-109.0	109	30996
196	-192.0	192	31188	196	-192.0	192	31188	196	-192.0	192	31188
197	-168.0	168	31356	197	-168.0	168	31356	197	-168.0	168	31356
198	-135.0	135	31491	198	-135.0	135	31491	198	-135.0	135	31491
199	-169.0	169	31660	199	-169.0	169	31660	199	-169.0	169	31660
200	-201.0	201	31861	200	-201.0	201	31861	200	-201.0	201	31861
201	-192.0	192	32053	201	-192.0	192	32053	201	-192.0	192	32053
202	-209.0	209	32262	202	-209.0	209	32262	202	-209.0	209	32262
203	-210.0	210	32472	203	-210.0	210	32472	203	-210.0	210	32472
204	-193.0	193	32665	204	-193.0	193	32665	204	-193.0	193	32665
205	-177.0	177	32842	205	-177.0	177	32842	205	-177.0	177	32842
206	-165.0	165	33007	206	-165.0	165	33007	206	-165.0	165	33007
207	-119.0	119	33126	207	-119.0	119	33126	207	-119.0	119	33126
208	-110.0	110	33236	208	-110.0	110	33236	208	-110.0	110	33236
209	-115.0	115	33351	209	-115.0	115	33351	209	-115.0	115	33351
210	-157.0	157	33508	210	-157.0	157	33508	210	-157.0	157	33508
211	-175.0	175	33683	211	-175.0	175	33683	211	-175.0	175	33683
212	-111.0	111	33794	212	-111.0	111	33794	212	-111.0	111	33794
213	-154.0	154	33948	213	-154.0	154	33948	213	-154.0	154	33948
214	-113.0	113	34061	214	-113.0	113	34061	214	-113.0	113	34061
215	-137.0	137	34198	215	-137.0	137	34198	215	-137.0	137	34198
216	-152.0	152	34350	216	-152.0	152	34350	216	-152.0	152	34350
217	-151.0	151	34501	217	-151.0	151	34501	217	-151.0	151	34501
218	-145.0	145	34646	218	-145.0	145	34646	218	-145.0	145	34646
219	-95.0	95	34741	219	-95.0	95	34741	219	-95.0	95	34741
220	-96.0	96	34837	220	-96.0	96	34837	220	-96.0	96	34837
221	-136.0	136	34973	221	-136.0	136	34973	221	-136.0	136	34973
222	-144.0	144	35117	222	-144.0	144	35117	222	-144.0	144	35117
223	-140.0	140	35257	223	-140.0	140	35257	223	-140.0	140	35257
224	-135.0	135	35392	224	-135.0	135	35392	224	-135.0	135	35392
225	-151.0	151	35543	225	-151.0	151	35543	225	-151.0	151	35543
226	-139.0	139	35682	226	-139.0	139	35682	226	-139.0	139	35682
227	-136.0	136	35818	227	-136.0	136	35818	227	-136.0	136	35818
228	-139.0	139	35957	228	-139.0	139	35957	228	-139.0	139	35957
229	-133.0	133	36090	229	-133.0	133	36090	229	-133.0	133	36090
230	-135.0	135	36225	230	-135.0	135	36225	230	-135.0	135	36225
231	-135.0	135	36360	231	-135.0	135	36360	231	-135.0	135	36360
232	-132.0	132	36492	232	-132.0	132	36492	232	-132.0	132	36492
233	-130.0	130	36622	233	-130.0	130	36622	233	-130.0	130	36622
234	-131.0	131	36753	234	-131.0	131	36753	234	-131.0	131	36753
235	-134.0	134	36887	235	-134.0	134	36887	235	-134.0	134	36887
236	-109.0	109	36996	236	-109.0	109	36996	236	-109.0	109	36996
237	-106.0	106	37102	237	-106.0	106	37102	237	-106.0	106	37102
238	-107.0	107	37209	238	-107.0	107	37209	238	-107.0	107	37209
239	-104.0	104	37313	239	-104.0	104	37313	239	-104.0	104	37313
240	-103.0	103	37416	240	-103.0	103	37416	240	-103.0	103	37416
241	-108.0	108	37524	241	-108.0	108	37524	241	-108.0	108	37524
242	-103.0	103	37627	242	-103.0	103	37627	242	-103.0	103	37627
243	-103.0	103	37730	243	-103.0	103	37730	243	-103.0	103	37730
244	-106.0	106	37836	244	-106.0	106	37836	244	-106.0	106	37836
245	-104.0	104	37940	245	-104.0	104	37940	245	-104.0	104	37940
246	-105.0	105	38045	246	-105.0	105	38045	246	-105.0	105	38045
247	-95.0	95	38140	247	-95.0	95	38140	247	-95.0	95	38140
248	-104.0	104	38244	248	-104.0	104	38244	248	-104.0	104	38244
249	-105.0	105	38349	249	-105.0	105	38349	249	-105.0	105	38349
250	-154.0	154	38503	250	-154.0	154	38503	250	-154.0	154	38503
251	-107.0	107	38610	251	-107.0	107	38610	251	-107.0	107	38610
252	-104.0	104	38714	252	-104.0	104	38714	252	-104.0	104	38714
253	-147.0	147	38861	253	-147.0	147	38861	253	-147.0	147	38861
254	-105.0	105	38966	254	-105.0	105	38966	254	-105.0	105	38966
255	-142.0	142	39108	255	-142.0	142	39108	255	-142.0	142	39108
256	-105.0	105	39213	256	-105.0	105	39213	256	-105.0	105	39213
257	-137.0	137	39350	257	-137.0	137	39350	257	-137.0	137	39350
258	-136.0	136	39486	258	-136.0	136	39486	258	-136.0	136	39486
259	-106.0	106	39592	259	-106.0	106	39592	259	-106.0	106	39592
260	-106.0	106	39698	260	-106.0	106	39698	260	-106.0	106	39698
261	-106.0	106	39804	261	-106.0	106	39804	261	-106.0	106	39804
262	-104.0	104	39908	262	-104.0	104	39908	262	-104.0	104	39908
263	-104.0	104	40012	263	-104.0	104	40012	263	-104.0	104	40012
264	-105.0	105	40117	264	-105.0	105	40117	264	-105.0	105	40117
265	-136.0	136	40253	265	-136.0	136	40253	265	-136.0	136	40253
266	-105.0	105	40358	266	-105.0	105	40358	266	-105.0	105	40358
267	-141.0	141	40499	267	-141.0	141	40499	267	-141.0	141	40499
268	-106.0	106	40605	268	-106.0	106	40605	268	-106.0	106	40605
269	-106.0	106	40711	269	-106.0	106	40711	269	-106.0	106	40711
270	-105.0	105	40816	270	-105.0	105	40816	270	-105.0	105	40816
271	-105.0	105	40921	271	-105.0	105	40921	271	-105.0	105	40921
272	-141.0	141	41062	272	-141.0	141	41062	272	-141.0	141	41062
273	-139.0	139	41201	273	-139.0	139	41201	273	-139.0	139	41201
274	-137.0	137	41338	274	-137.0	137	41338	274	-137.0	137	41338
275	-137.0	137	41475	275	-137.0	137	41475	275	-137.0	137	41475
276	-135.0	135	41610	276	-135.0	135	41610	276	-135.0	135	41610
277	-137.0	137	41747	277	-137.0	137	41747	277	-137.0	137	41747
278	-137.0	137	41884	278	-137.0	137	41884	278	-137.0	137	41884
279	-136.0	136	42020	279	-136.0	136	42020	279	-136.0	136	42020
280	-139.0	139	42159	280	-139.0	139	42159	280	-139.0	139	42159
281	-104.0	104	42263	281	-104.0	104	42263	281	-104.0	104	42263
282	-92.0	92	42355	282	-92.0	92	42355	282	-92.0	92	42355
283	-92.0	92	42447	283	-92.0	92	42447	283	-92.0	92	42447
284	-105.0	105	42552	284	-105.0	105	42552	284	-105.0	105	42552
285	-104.0	104	42656	285	-104.0	104	42656	285	-104.0	104	42656
286	-104.0	104	42760	286	-104.0	104	42760	286	-104.0	104	42760
287	-144.0	144	42904	287	-144.0	144	42904	287	-144.0	144	42904
288	-135.0	135	43039	288	-135.0	135	43039	288	-135.0	135	43039
289	-107.0	107	43146	289	-107.0	107	43146	289	-107.0	107	43146
290	-140.0	140	43286	290	-140.0	140	43286	290	-140.0	140	43286
291	-138.0	138	43424	291	-138.0	138	43424	291	-138.0	138	43424
292	-105.0	105	43529	292	-105.0	105	43529	292	-105.0	105	43529
293	-84.0	84	43613	293	-84.0	84	43613	293	-84.0	84	43613
294	-166.0	166	43779	294	-166.0	166	43779	294	-166.0	166	43779
295	-103.0	103	43882	295	-103.0	103	43882	295	-103.0	103	43882
296	-107.0	107	43989	296	-107.0	107	43989	296	-107.0	107	43989
297	-157.0	157	44146	297	-157.0	157	44146	297	-157.0	157	44146
298	-103.0	103	44249	298	-103.0	103	44249	298	-103.0	103	44249
299	-105.0	105	44354	299	-105.0	105	44354	299	-105.0	105	44354
