Episode	Accumulated Reward	Length	Steps	Episode	Accumulated Reward	Length	Steps	Episode	Accumulated Reward	Length	Steps	Episode	Accumulated Reward	Length	Steps	Episode	Accumulated Reward	Length	Steps	Episode	Accumulated Reward	Length	Steps	Episode	Accumulated Reward	Length	Steps	Episode	Accumulated Reward	Length	Steps	Episode	Accumulated Reward	Length	Steps
0	-500.0	500	500	0	-500.0	500	500	0	-500.0	500	500	0	-500.0	500	500	0	-500.0	500	500	0	-500.0	500	500	0	-500.0	500	500	0	-500.0	500	500	0	-500.0	500	500
1	-500.0	500	1000	1	-500.0	500	1000	1	-500.0	500	1000	1	-500.0	500	1000	1	-500.0	500	1000	1	-500.0	500	1000	1	-500.0	500	1000	1	-500.0	500	1000	1	-500.0	500	1000
2	-500.0	500	1500	2	-500.0	500	1500	2	-500.0	500	1500	2	-500.0	500	1500	2	-500.0	500	1500	2	-500.0	500	1500	2	-500.0	500	1500	2	-500.0	500	1500	2	-500.0	500	1500
3	-500.0	500	2000	3	-500.0	500	2000	3	-500.0	500	2000	3	-500.0	500	2000	3	-500.0	500	2000	3	-500.0	500	2000	3	-500.0	500	2000	3	-500.0	500	2000	3	-500.0	500	2000
4	-252.0	252	2252	4	-252.0	252	2252	4	-252.0	252	2252	4	-252.0	252	2252	4	-252.0	252	2252	4	-252.0	252	2252	4	-252.0	252	2252	4	-252.0	252	2252	4	-252.0	252	2252
5	-297.0	297	2549	5	-297.0	297	2549	5	-297.0	297	2549	5	-297.0	297	2549	5	-297.0	297	2549	5	-297.0	297	2549	5	-297.0	297	2549	5	-297.0	297	2549	5	-297.0	297	2549
6	-242.0	242	2791	6	-242.0	242	2791	6	-242.0	242	2791	6	-242.0	242	2791	6	-242.0	242	2791	6	-242.0	242	2791	6	-242.0	242	2791	6	-242.0	242	2791	6	-242.0	242	2791
7	-279.0	279	3070	7	-279.0	279	3070	7	-279.0	279	3070	7	-279.0	279	3070	7	-279.0	279	3070	7	-279.0	279	3070	7	-279.0	279	3070	7	-279.0	279	3070	7	-279.0	279	3070
8	-198.0	198	3268	8	-198.0	198	3268	8	-198.0	198	3268	8	-198.0	198	3268	8	-198.0	198	3268	8	-198.0	198	3268	8	-198.0	198	3268	8	-198.0	198	3268	8	-198.0	198	3268
9	-238.0	238	3506	9	-238.0	238	3506	9	-238.0	238	3506	9	-238.0	238	3506	9	-238.0	238	3506	9	-238.0	238	3506	9	-238.0	238	3506	9	-238.0	238	3506	9	-238.0	238	3506
10	-322.0	322	3828	10	-322.0	322	3828	10	-322.0	322	3828	10	-322.0	322	3828	10	-322.0	322	3828	10	-322.0	322	3828	10	-322.0	322	3828	10	-322.0	322	3828	10	-322.0	322	3828
11	-347.0	347	4175	11	-347.0	347	4175	11	-347.0	347	4175	11	-347.0	347	4175	11	-347.0	347	4175	11	-347.0	347	4175	11	-347.0	347	4175	11	-347.0	347	4175	11	-347.0	347	4175
12	-156.0	156	4331	12	-156.0	156	4331	12	-156.0	156	4331	12	-156.0	156	4331	12	-156.0	156	4331	12	-156.0	156	4331	12	-156.0	156	4331	12	-156.0	156	4331	12	-156.0	156	4331
13	-203.0	203	4534	13	-203.0	203	4534	13	-203.0	203	4534	13	-203.0	203	4534	13	-203.0	203	4534	13	-203.0	203	4534	13	-203.0	203	4534	13	-203.0	203	4534	13	-203.0	203	4534
14	-250.0	250	4784	14	-250.0	250	4784	14	-250.0	250	4784	14	-250.0	250	4784	14	-250.0	250	4784	14	-250.0	250	4784	14	-250.0	250	4784	14	-250.0	250	4784	14	-250.0	250	4784
15	-233.0	233	5017	15	-233.0	233	5017	15	-233.0	233	5017	15	-233.0	233	5017	15	-233.0	233	5017	15	-233.0	233	5017	15	-233.0	233	5017	15	-233.0	233	5017	15	-233.0	233	5017
16	-221.0	221	5238	16	-221.0	221	5238	16	-221.0	221	5238	16	-221.0	221	5238	16	-221.0	221	5238	16	-221.0	221	5238	16	-221.0	221	5238	16	-221.0	221	5238	16	-221.0	221	5238
17	-220.0	220	5458	17	-220.0	220	5458	17	-220.0	220	5458	17	-220.0	220	5458	17	-220.0	220	5458	17	-220.0	220	5458	17	-220.0	220	5458	17	-220.0	220	5458	17	-220.0	220	5458
18	-232.0	232	5690	18	-232.0	232	5690	18	-232.0	232	5690	18	-232.0	232	5690	18	-232.0	232	5690	18	-232.0	232	5690	18	-232.0	232	5690	18	-232.0	232	5690	18	-232.0	232	5690
19	-121.0	121	5811	19	-121.0	121	5811	19	-121.0	121	5811	19	-121.0	121	5811	19	-121.0	121	5811	19	-121.0	121	5811	19	-121.0	121	5811	19	-121.0	121	5811	19	-121.0	121	5811
20	-162.0	162	5973	20	-162.0	162	5973	20	-162.0	162	5973	20	-162.0	162	5973	20	-162.0	162	5973	20	-162.0	162	5973	20	-162.0	162	5973	20	-162.0	162	5973	20	-162.0	162	5973
21	-152.0	152	6125	21	-152.0	152	6125	21	-152.0	152	6125	21	-152.0	152	6125	21	-152.0	152	6125	21	-152.0	152	6125	21	-152.0	152	6125	21	-152.0	152	6125	21	-152.0	152	6125
22	-153.0	153	6278	22	-153.0	153	6278	22	-153.0	153	6278	22	-153.0	153	6278	22	-153.0	153	6278	22	-153.0	153	6278	22	-153.0	153	6278	22	-153.0	153	6278	22	-153.0	153	6278
23	-204.0	204	6482	23	-204.0	204	6482	23	-204.0	204	6482	23	-204.0	204	6482	23	-204.0	204	6482	23	-204.0	204	6482	23	-204.0	204	6482	23	-204.0	204	6482	23	-204.0	204	6482
24	-147.0	147	6629	24	-147.0	147	6629	24	-147.0	147	6629	24	-147.0	147	6629	24	-147.0	147	6629	24	-147.0	147	6629	24	-147.0	147	6629	24	-147.0	147	6629	24	-147.0	147	6629
25	-183.0	183	6812	25	-183.0	183	6812	25	-183.0	183	6812	25	-183.0	183	6812	25	-183.0	183	6812	25	-183.0	183	6812	25	-183.0	183	6812	25	-183.0	183	6812	25	-183.0	183	6812
26	-225.0	225	7037	26	-225.0	225	7037	26	-225.0	225	7037	26	-225.0	225	7037	26	-225.0	225	7037	26	-225.0	225	7037	26	-225.0	225	7037	26	-225.0	225	7037	26	-225.0	225	7037
27	-192.0	192	7229	27	-192.0	192	7229	27	-192.0	192	7229	27	-192.0	192	7229	27	-192.0	192	7229	27	-192.0	192	7229	27	-192.0	192	7229	27	-192.0	192	7229	27	-192.0	192	7229
28	-193.0	193	7422	28	-193.0	193	7422	28	-193.0	193	7422	28	-193.0	193	7422	28	-193.0	193	7422	28	-193.0	193	7422	28	-193.0	193	7422	28	-193.0	193	7422	28	-193.0	193	7422
29	-167.0	167	7589	29	-167.0	167	7589	29	-167.0	167	7589	29	-167.0	167	7589	29	-167.0	167	7589	29	-167.0	167	7589	29	-167.0	167	7589	29	-167.0	167	7589	29	-167.0	167	7589
30	-133.0	133	7722	30	-133.0	133	7722	30	-133.0	133	7722	30	-133.0	133	7722	30	-133.0	133	7722	30	-133.0	133	7722	30	-133.0	133	7722	30	-133.0	133	7722	30	-133.0	133	7722
31	-113.0	113	7835	31	-113.0	113	7835	31	-113.0	113	7835	31	-113.0	113	7835	31	-113.0	113	7835	31	-113.0	113	7835	31	-113.0	113	7835	31	-113.0	113	7835	31	-113.0	113	7835
32	-152.0	152	7987	32	-152.0	152	7987	32	-152.0	152	7987	32	-152.0	152	7987	32	-152.0	152	7987	32	-152.0	152	7987	32	-152.0	152	7987	32	-152.0	152	7987	32	-152.0	152	7987
33	-145.0	145	8132	33	-145.0	145	8132	33	-145.0	145	8132	33	-145.0	145	8132	33	-145.0	145	8132	33	-145.0	145	8132	33	-145.0	145	8132	33	-145.0	145	8132	33	-145.0	145	8132
34	-145.0	145	8277	34	-145.0	145	8277	34	-145.0	145	8277	34	-145.0	145	8277	34	-145.0	145	8277	34	-145.0	145	8277	34	-145.0	145	8277	34	-145.0	145	8277	34	-145.0	145	8277
35	-135.0	135	8412	35	-135.0	135	8412	35	-135.0	135	8412	35	-135.0	135	8412	35	-135.0	135	8412	35	-135.0	135	8412	35	-135.0	135	8412	35	-135.0	135	8412	35	-135.0	135	8412
36	-133.0	133	8545	36	-133.0	133	8545	36	-133.0	133	8545	36	-133.0	133	8545	36	-133.0	133	8545	36	-133.0	133	8545	36	-133.0	133	8545	36	-133.0	133	8545	36	-133.0	133	8545
37	-144.0	144	8689	37	-144.0	144	8689	37	-144.0	144	8689	37	-144.0	144	8689	37	-144.0	144	8689	37	-144.0	144	8689	37	-144.0	144	8689	37	-144.0	144	8689	37	-144.0	144	8689
38	-150.0	150	8839	38	-150.0	150	8839	38	-150.0	150	8839	38	-150.0	150	8839	38	-150.0	150	8839	38	-150.0	150	8839	38	-150.0	150	8839	38	-150.0	150	8839	38	-150.0	150	8839
39	-142.0	142	8981	39	-142.0	142	8981	39	-142.0	142	8981	39	-142.0	142	8981	39	-142.0	142	8981	39	-142.0	142	8981	39	-142.0	142	8981	39	-142.0	142	8981	39	-142.0	142	8981
40	-151.0	151	9132	40	-151.0	151	9132	40	-151.0	151	9132	40	-151.0	151	9132	40	-151.0	151	9132	40	-151.0	151	9132	40	-151.0	151	9132	40	-151.0	151	9132	40	-151.0	151	9132
41	-154.0	154	9286	41	-154.0	154	9286	41	-154.0	154	9286	41	-154.0	154	9286	41	-154.0	154	9286	41	-154.0	154	9286	41	-154.0	154	9286	41	-154.0	154	9286	41	-154.0	154	9286
42	-147.0	147	9433	42	-147.0	147	9433	42	-147.0	147	9433	42	-147.0	147	9433	42	-147.0	147	9433	42	-147.0	147	9433	42	-147.0	147	9433	42	-147.0	147	9433	42	-147.0	147	9433
43	-149.0	149	9582	43	-149.0	149	9582	43	-149.0	149	9582	43	-149.0	149	9582	43	-149.0	149	9582	43	-149.0	149	9582	43	-149.0	149	9582	43	-149.0	149	9582	43	-149.0	149	9582
44	-143.0	143	9725	44	-143.0	143	9725	44	-143.0	143	9725	44	-143.0	143	9725	44	-143.0	143	9725	44	-143.0	143	9725	44	-143.0	143	9725	44	-143.0	143	9725	44	-143.0	143	9725
45	-142.0	142	9867	45	-142.0	142	9867	45	-142.0	142	9867	45	-142.0	142	9867	45	-142.0	142	9867	45	-142.0	142	9867	45	-142.0	142	9867	45	-142.0	142	9867	45	-142.0	142	9867
46	-152.0	152	10019	46	-152.0	152	10019	46	-152.0	152	10019	46	-152.0	152	10019	46	-152.0	152	10019	46	-152.0	152	10019	46	-152.0	152	10019	46	-152.0	152	10019	46	-152.0	152	10019
47	-113.0	113	10132	47	-113.0	113	10132	47	-113.0	113	10132	47	-113.0	113	10132	47	-113.0	113	10132	47	-113.0	113	10132	47	-113.0	113	10132	47	-113.0	113	10132	47	-113.0	113	10132
48	-152.0	152	10284	48	-152.0	152	10284	48	-152.0	152	10284	48	-152.0	152	10284	48	-152.0	152	10284	48	-152.0	152	10284	48	-152.0	152	10284	48	-152.0	152	10284	48	-152.0	152	10284
49	-151.0	151	10435	49	-151.0	151	10435	49	-151.0	151	10435	49	-151.0	151	10435	49	-151.0	151	10435	49	-151.0	151	10435	49	-151.0	151	10435	49	-151.0	151	10435	49	-151.0	151	10435
50	-167.0	167	10602	50	-167.0	167	10602	50	-167.0	167	10602	50	-167.0	167	10602	50	-167.0	167	10602	50	-167.0	167	10602	50	-167.0	167	10602	50	-167.0	167	10602	50	-167.0	167	10602
51	-112.0	112	10714	51	-112.0	112	10714	51	-112.0	112	10714	51	-112.0	112	10714	51	-112.0	112	10714	51	-112.0	112	10714	51	-112.0	112	10714	51	-112.0	112	10714	51	-112.0	112	10714
52	-179.0	179	10893	52	-179.0	179	10893	52	-179.0	179	10893	52	-179.0	179	10893	52	-179.0	179	10893	52	-179.0	179	10893	52	-179.0	179	10893	52	-179.0	179	10893	52	-179.0	179	10893
53	-183.0	183	11076	53	-183.0	183	11076	53	-183.0	183	11076	53	-183.0	183	11076	53	-183.0	183	11076	53	-183.0	183	11076	53	-183.0	183	11076	53	-183.0	183	11076	53	-183.0	183	11076
54	-178.0	178	11254	54	-178.0	178	11254	54	-178.0	178	11254	54	-178.0	178	11254	54	-178.0	178	11254	54	-178.0	178	11254	54	-178.0	178	11254	54	-178.0	178	11254	54	-178.0	178	11254
55	-117.0	117	11371	55	-117.0	117	11371	55	-117.0	117	11371	55	-117.0	117	11371	55	-117.0	117	11371	55	-117.0	117	11371	55	-117.0	117	11371	55	-117.0	117	11371	55	-117.0	117	11371
56	-152.0	152	11523	56	-152.0	152	11523	56	-152.0	152	11523	56	-152.0	152	11523	56	-152.0	152	11523	56	-152.0	152	11523	56	-152.0	152	11523	56	-152.0	152	11523	56	-152.0	152	11523
57	-148.0	148	11671	57	-148.0	148	11671	57	-148.0	148	11671	57	-148.0	148	11671	57	-148.0	148	11671	57	-148.0	148	11671	57	-148.0	148	11671	57	-148.0	148	11671	57	-148.0	148	11671
58	-139.0	139	11810	58	-139.0	139	11810	58	-139.0	139	11810	58	-139.0	139	11810	58	-139.0	139	11810	58	-139.0	139	11810	58	-139.0	139	11810	58	-139.0	139	11810	58	-139.0	139	11810
59	-135.0	135	11945	59	-135.0	135	11945	59	-135.0	135	11945	59	-135.0	135	11945	59	-135.0	135	11945	59	-135.0	135	11945	59	-135.0	135	11945	59	-135.0	135	11945	59	-135.0	135	11945
60	-134.0	134	12079	60	-134.0	134	12079	60	-134.0	134	12079	60	-134.0	134	12079	60	-134.0	134	12079	60	-134.0	134	12079	60	-134.0	134	12079	60	-134.0	134	12079	60	-134.0	134	12079
61	-141.0	141	12220	61	-141.0	141	12220	61	-141.0	141	12220	61	-141.0	141	12220	61	-141.0	141	12220	61	-141.0	141	12220	61	-141.0	141	12220	61	-141.0	141	12220	61	-141.0	141	12220
62	-168.0	168	12388	62	-168.0	168	12388	62	-168.0	168	12388	62	-168.0	168	12388	62	-168.0	168	12388	62	-168.0	168	12388	62	-168.0	168	12388	62	-168.0	168	12388	62	-168.0	168	12388
63	-142.0	142	12530	63	-142.0	142	12530	63	-142.0	142	12530	63	-142.0	142	12530	63	-142.0	142	12530	63	-142.0	142	12530	63	-142.0	142	12530	63	-142.0	142	12530	63	-142.0	142	12530
64	-203.0	203	12733	64	-203.0	203	12733	64	-203.0	203	12733	64	-203.0	203	12733	64	-203.0	203	12733	64	-203.0	203	12733	64	-203.0	203	12733	64	-203.0	203	12733	64	-203.0	203	12733
65	-138.0	138	12871	65	-138.0	138	12871	65	-138.0	138	12871	65	-138.0	138	12871	65	-138.0	138	12871	65	-138.0	138	12871	65	-138.0	138	12871	65	-138.0	138	12871	65	-138.0	138	12871
66	-139.0	139	13010	66	-139.0	139	13010	66	-139.0	139	13010	66	-139.0	139	13010	66	-139.0	139	13010	66	-139.0	139	13010	66	-139.0	139	13010	66	-139.0	139	13010	66	-139.0	139	13010
67	-136.0	136	13146	67	-136.0	136	13146	67	-136.0	136	13146	67	-136.0	136	13146	67	-136.0	136	13146	67	-136.0	136	13146	67	-136.0	136	13146	67	-136.0	136	13146	67	-136.0	136	13146
68	-182.0	182	13328	68	-182.0	182	13328	68	-182.0	182	13328	68	-182.0	182	13328	68	-182.0	182	13328	68	-182.0	182	13328	68	-182.0	182	13328	68	-182.0	182	13328	68	-182.0	182	13328
69	-141.0	141	13469	69	-141.0	141	13469	69	-141.0	141	13469	69	-141.0	141	13469	69	-141.0	141	13469	69	-141.0	141	13469	69	-141.0	141	13469	69	-141.0	141	13469	69	-141.0	141	13469
70	-142.0	142	13611	70	-142.0	142	13611	70	-142.0	142	13611	70	-142.0	142	13611	70	-142.0	142	13611	70	-142.0	142	13611	70	-142.0	142	13611	70	-142.0	142	13611	70	-142.0	142	13611
71	-123.0	123	13734	71	-123.0	123	13734	71	-123.0	123	13734	71	-123.0	123	13734	71	-123.0	123	13734	71	-123.0	123	13734	71	-123.0	123	13734	71	-123.0	123	13734	71	-123.0	123	13734
72	-147.0	147	13881	72	-147.0	147	13881	72	-147.0	147	13881	72	-147.0	147	13881	72	-147.0	147	13881	72	-147.0	147	13881	72	-147.0	147	13881	72	-147.0	147	13881	72	-147.0	147	13881
73	-111.0	111	13992	73	-111.0	111	13992	73	-111.0	111	13992	73	-111.0	111	13992	73	-111.0	111	13992	73	-111.0	111	13992	73	-111.0	111	13992	73	-111.0	111	13992	73	-111.0	111	13992
74	-108.0	108	14100	74	-108.0	108	14100	74	-108.0	108	14100	74	-108.0	108	14100	74	-108.0	108	14100	74	-108.0	108	14100	74	-108.0	108	14100	74	-108.0	108	14100	74	-108.0	108	14100
75	-115.0	115	14215	75	-115.0	115	14215	75	-115.0	115	14215	75	-115.0	115	14215	75	-115.0	115	14215	75	-115.0	115	14215	75	-115.0	115	14215	75	-115.0	115	14215	75	-115.0	115	14215
76	-128.0	128	14343	76	-128.0	128	14343	76	-128.0	128	14343	76	-128.0	128	14343	76	-128.0	128	14343	76	-128.0	128	14343	76	-128.0	128	14343	76	-128.0	128	14343	76	-128.0	128	14343
77	-156.0	156	14499	77	-156.0	156	14499	77	-156.0	156	14499	77	-156.0	156	14499	77	-156.0	156	14499	77	-156.0	156	14499	77	-156.0	156	14499	77	-156.0	156	14499	77	-156.0	156	14499
78	-121.0	121	14620	78	-121.0	121	14620	78	-121.0	121	14620	78	-121.0	121	14620	78	-121.0	121	14620	78	-121.0	121	14620	78	-121.0	121	14620	78	-121.0	121	14620	78	-121.0	121	14620
79	-149.0	149	14769	79	-149.0	149	14769	79	-149.0	149	14769	79	-149.0	149	14769	79	-149.0	149	14769	79	-149.0	149	14769	79	-149.0	149	14769	79	-149.0	149	14769	79	-149.0	149	14769
80	-149.0	149	14918	80	-149.0	149	14918	80	-149.0	149	14918	80	-149.0	149	14918	80	-149.0	149	14918	80	-149.0	149	14918	80	-149.0	149	14918	80	-149.0	149	14918	80	-149.0	149	14918
81	-110.0	110	15028	81	-110.0	110	15028	81	-110.0	110	15028	81	-110.0	110	15028	81	-110.0	110	15028	81	-110.0	110	15028	81	-110.0	110	15028	81	-110.0	110	15028	81	-110.0	110	15028
82	-146.0	146	15174	82	-146.0	146	15174	82	-146.0	146	15174	82	-146.0	146	15174	82	-146.0	146	15174	82	-146.0	146	15174	82	-146.0	146	15174	82	-146.0	146	15174	82	-146.0	146	15174
83	-136.0	136	15310	83	-136.0	136	15310	83	-136.0	136	15310	83	-136.0	136	15310	83	-136.0	136	15310	83	-136.0	136	15310	83	-136.0	136	15310	83	-136.0	136	15310	83	-136.0	136	15310
84	-116.0	116	15426	84	-116.0	116	15426	84	-116.0	116	15426	84	-116.0	116	15426	84	-116.0	116	15426	84	-116.0	116	15426	84	-116.0	116	15426	84	-116.0	116	15426	84	-116.0	116	15426
85	-130.0	130	15556	85	-130.0	130	15556	85	-130.0	130	15556	85	-130.0	130	15556	85	-130.0	130	15556	85	-130.0	130	15556	85	-130.0	130	15556	85	-130.0	130	15556	85	-130.0	130	15556
86	-137.0	137	15693	86	-137.0	137	15693	86	-137.0	137	15693	86	-137.0	137	15693	86	-137.0	137	15693	86	-137.0	137	15693	86	-137.0	137	15693	86	-137.0	137	15693	86	-137.0	137	15693
87	-120.0	120	15813	87	-120.0	120	15813	87	-120.0	120	15813	87	-120.0	120	15813	87	-120.0	120	15813	87	-120.0	120	15813	87	-120.0	120	15813	87	-120.0	120	15813	87	-120.0	120	15813
88	-144.0	144	15957	88	-144.0	144	15957	88	-144.0	144	15957	88	-144.0	144	15957	88	-144.0	144	15957	88	-144.0	144	15957	88	-144.0	144	15957	88	-144.0	144	15957	88	-144.0	144	15957
89	-111.0	111	16068	89	-111.0	111	16068	89	-111.0	111	16068	89	-111.0	111	16068	89	-111.0	111	16068	89	-111.0	111	16068	89	-111.0	111	16068	89	-111.0	111	16068	89	-111.0	111	16068
90	-153.0	153	16221	90	-153.0	153	16221	90	-153.0	153	16221	90	-153.0	153	16221	90	-153.0	153	16221	90	-153.0	153	16221	90	-153.0	153	16221	90	-153.0	153	16221	90	-153.0	153	16221
91	-106.0	106	16327	91	-106.0	106	16327	91	-106.0	106	16327	91	-106.0	106	16327	91	-106.0	106	16327	91	-106.0	106	16327	91	-106.0	106	16327	91	-106.0	106	16327	91	-106.0	106	16327
92	-105.0	105	16432	92	-105.0	105	16432	92	-105.0	105	16432	92	-105.0	105	16432	92	-105.0	105	16432	92	-105.0	105	16432	92	-105.0	105	16432	92	-105.0	105	16432	92	-105.0	105	16432
93	-141.0	141	16573	93	-141.0	141	16573	93	-141.0	141	16573	93	-141.0	141	16573	93	-141.0	141	16573	93	-141.0	141	16573	93	-141.0	141	16573	93	-141.0	141	16573	93	-141.0	141	16573
94	-107.0	107	16680	94	-107.0	107	16680	94	-107.0	107	16680	94	-107.0	107	16680	94	-107.0	107	16680	94	-107.0	107	16680	94	-107.0	107	16680	94	-107.0	107	16680	94	-107.0	107	16680
95	-136.0	136	16816	95	-136.0	136	16816	95	-136.0	136	16816	95	-136.0	136	16816	95	-136.0	136	16816	95	-136.0	136	16816	95	-136.0	136	16816	95	-136.0	136	16816	95	-136.0	136	16816
96	-140.0	140	16956	96	-140.0	140	16956	96	-140.0	140	16956	96	-140.0	140	16956	96	-140.0	140	16956	96	-140.0	140	16956	96	-140.0	140	16956	96	-140.0	140	16956	96	-140.0	140	16956
97	-150.0	150	17106	97	-150.0	150	17106	97	-150.0	150	17106	97	-150.0	150	17106	97	-150.0	150	17106	97	-150.0	150	17106	97	-150.0	150	17106	97	-150.0	150	17106	97	-150.0	150	17106
98	-105.0	105	17211	98	-105.0	105	17211	98	-105.0	105	17211	98	-105.0	105	17211	98	-105.0	105	17211	98	-105.0	105	17211	98	-105.0	105	17211	98	-105.0	105	17211	98	-105.0	105	17211
99	-106.0	106	17317	99	-106.0	106	17317	99	-106.0	106	17317	99	-106.0	106	17317	99	-106.0	106	17317	99	-106.0	106	17317	99	-106.0	106	17317	99	-106.0	106	17317	99	-106.0	106	17317
100	-109.0	109	17426	100	-109.0	109	17426	100	-109.0	109	17426	100	-109.0	109	17426	100	-109.0	109	17426	100	-109.0	109	17426	100	-109.0	109	17426	100	-109.0	109	17426	100	-109.0	109	17426
101	-108.0	108	17534	101	-108.0	108	17534	101	-108.0	108	17534	101	-108.0	108	17534	101	-108.0	108	17534	101	-108.0	108	17534	101	-108.0	108	17534	101	-108.0	108	17534	101	-108.0	108	17534
102	-152.0	152	17686	102	-152.0	152	17686	102	-152.0	152	17686	102	-152.0	152	17686	102	-152.0	152	17686	102	-152.0	152	17686	102	-152.0	152	17686	102	-152.0	152	17686	102	-152.0	152	17686
103	-134.0	134	17820	103	-134.0	134	17820	103	-134.0	134	17820	103	-134.0	134	17820	103	-134.0	134	17820	103	-134.0	134	17820	103	-134.0	134	17820	103	-134.0	134	17820	103	-134.0	134	17820
104	-140.0	140	17960	104	-140.0	140	17960	104	-140.0	140	17960	104	-140.0	140	17960	104	-140.0	140	17960	104	-140.0	140	17960	104	-140.0	140	17960	104	-140.0	140	17960	104	-140.0	140	17960
105	-136.0	136	18096	105	-136.0	136	18096	105	-136.0	136	18096	105	-136.0	136	18096	105	-136.0	136	18096	105	-136.0	136	18096	105	-136.0	136	18096	105	-136.0	136	18096	105	-136.0	136	18096
106	-109.0	109	18205	106	-109.0	109	18205	106	-109.0	109	18205	106	-109.0	109	18205	106	-109.0	109	18205	106	-109.0	109	18205	106	-109.0	109	18205	106	-109.0	109	18205	106	-109.0	109	18205
107	-140.0	140	18345	107	-140.0	140	18345	107	-140.0	140	18345	107	-140.0	140	18345	107	-140.0	140	18345	107	-140.0	140	18345	107	-140.0	140	18345	107	-140.0	140	18345	107	-140.0	140	18345
108	-141.0	141	18486	108	-141.0	141	18486	108	-141.0	141	18486	108	-141.0	141	18486	108	-141.0	141	18486	108	-141.0	141	18486	108	-141.0	141	18486	108	-141.0	141	18486	108	-141.0	141	18486
109	-152.0	152	18638	109	-152.0	152	18638	109	-152.0	152	18638	109	-152.0	152	18638	109	-152.0	152	18638	109	-152.0	152	18638	109	-152.0	152	18638	109	-152.0	152	18638	109	-152.0	152	18638
110	-143.0	143	18781	110	-143.0	143	18781	110	-143.0	143	18781	110	-143.0	143	18781	110	-143.0	143	18781	110	-143.0	143	18781	110	-143.0	143	18781	110	-143.0	143	18781	110	-143.0	143	18781
111	-143.0	143	18924	111	-143.0	143	18924	111	-143.0	143	18924	111	-143.0	143	18924	111	-143.0	143	18924	111	-143.0	143	18924	111	-143.0	143	18924	111	-143.0	143	18924	111	-143.0	143	18924
112	-140.0	140	19064	112	-140.0	140	19064	112	-140.0	140	19064	112	-140.0	140	19064	112	-140.0	140	19064	112	-140.0	140	19064	112	-140.0	140	19064	112	-140.0	140	19064	112	-140.0	140	19064
113	-137.0	137	19201	113	-137.0	137	19201	113	-137.0	137	19201	113	-137.0	137	19201	113	-137.0	137	19201	113	-137.0	137	19201	113	-137.0	137	19201	113	-137.0	137	19201	113	-137.0	137	19201
114	-197.0	197	19398	114	-197.0	197	19398	114	-197.0	197	19398	114	-197.0	197	19398	114	-197.0	197	19398	114	-197.0	197	19398	114	-197.0	197	19398	114	-197.0	197	19398	114	-197.0	197	19398
115	-143.0	143	19541	115	-143.0	143	19541	115	-143.0	143	19541	115	-143.0	143	19541	115	-143.0	143	19541	115	-143.0	143	19541	115	-143.0	143	19541	115	-143.0	143	19541	115	-143.0	143	19541
116	-145.0	145	19686	116	-145.0	145	19686	116	-145.0	145	19686	116	-145.0	145	19686	116	-145.0	145	19686	116	-145.0	145	19686	116	-145.0	145	19686	116	-145.0	145	19686	116	-145.0	145	19686
117	-112.0	112	19798	117	-112.0	112	19798	117	-112.0	112	19798	117	-112.0	112	19798	117	-112.0	112	19798	117	-112.0	112	19798	117	-112.0	112	19798	117	-112.0	112	19798	117	-112.0	112	19798
118	-111.0	111	19909	118	-111.0	111	19909	118	-111.0	111	19909	118	-111.0	111	19909	118	-111.0	111	19909	118	-111.0	111	19909	118	-111.0	111	19909	118	-111.0	111	19909	118	-111.0	111	19909
119	-114.0	114	20023	119	-114.0	114	20023	119	-114.0	114	20023	119	-114.0	114	20023	119	-114.0	114	20023	119	-114.0	114	20023	119	-114.0	114	20023	119	-114.0	114	20023	119	-114.0	114	20023
120	-143.0	143	20166	120	-143.0	143	20166	120	-143.0	143	20166	120	-143.0	143	20166	120	-143.0	143	20166	120	-143.0	143	20166	120	-143.0	143	20166	120	-143.0	143	20166	120	-143.0	143	20166
121	-113.0	113	20279	121	-113.0	113	20279	121	-113.0	113	20279	121	-113.0	113	20279	121	-113.0	113	20279	121	-113.0	113	20279	121	-113.0	113	20279	121	-113.0	113	20279	121	-113.0	113	20279
122	-111.0	111	20390	122	-111.0	111	20390	122	-111.0	111	20390	122	-111.0	111	20390	122	-111.0	111	20390	122	-111.0	111	20390	122	-111.0	111	20390	122	-111.0	111	20390	122	-111.0	111	20390
123	-116.0	116	20506	123	-116.0	116	20506	123	-116.0	116	20506	123	-116.0	116	20506	123	-116.0	116	20506	123	-116.0	116	20506	123	-116.0	116	20506	123	-116.0	116	20506	123	-116.0	116	20506
124	-117.0	117	20623	124	-117.0	117	20623	124	-117.0	117	20623	124	-117.0	117	20623	124	-117.0	117	20623	124	-117.0	117	20623	124	-117.0	117	20623	124	-117.0	117	20623	124	-117.0	117	20623
125	-210.0	210	20833	125	-210.0	210	20833	125	-210.0	210	20833	125	-210.0	210	20833	125	-210.0	210	20833	125	-210.0	210	20833	125	-210.0	210	20833	125	-210.0	210	20833	125	-210.0	210	20833
126	-191.0	191	21024	126	-191.0	191	21024	126	-191.0	191	21024	126	-191.0	191	21024	126	-191.0	191	21024	126	-191.0	191	21024	126	-191.0	191	21024	126	-191.0	191	21024	126	-191.0	191	21024
127	-188.0	188	21212	127	-188.0	188	21212	127	-188.0	188	21212	127	-188.0	188	21212	127	-188.0	188	21212	127	-188.0	188	21212	127	-188.0	188	21212	127	-188.0	188	21212	127	-188.0	188	21212
128	-191.0	191	21403	128	-191.0	191	21403	128	-191.0	191	21403	128	-191.0	191	21403	128	-191.0	191	21403	128	-191.0	191	21403	128	-191.0	191	21403	128	-191.0	191	21403	128	-191.0	191	21403
129	-257.0	257	21660	129	-257.0	257	21660	129	-257.0	257	21660	129	-257.0	257	21660	129	-257.0	257	21660	129	-257.0	257	21660	129	-257.0	257	21660	129	-257.0	257	21660	129	-257.0	257	21660
130	-137.0	137	21797	130	-137.0	137	21797	130	-137.0	137	21797	130	-137.0	137	21797	130	-137.0	137	21797	130	-137.0	137	21797	130	-137.0	137	21797	130	-137.0	137	21797	130	-137.0	137	21797
131	-139.0	139	21936	131	-139.0	139	21936	131	-139.0	139	21936	131	-139.0	139	21936	131	-139.0	139	21936	131	-139.0	139	21936	131	-139.0	139	21936	131	-139.0	139	21936	131	-139.0	139	21936
132	-171.0	171	22107	132	-171.0	171	22107	132	-171.0	171	22107	132	-171.0	171	22107	132	-171.0	171	22107	132	-171.0	171	22107	132	-171.0	171	22107	132	-171.0	171	22107	132	-171.0	171	22107
133	-143.0	143	22250	133	-143.0	143	22250	133	-143.0	143	22250	133	-143.0	143	22250	133	-143.0	143	22250	133	-143.0	143	22250	133	-143.0	143	22250	133	-143.0	143	22250	133	-143.0	143	22250
134	-136.0	136	22386	134	-136.0	136	22386	134	-136.0	136	22386	134	-136.0	136	22386	134	-136.0	136	22386	134	-136.0	136	22386	134	-136.0	136	22386	134	-136.0	136	22386	134	-136.0	136	22386
135	-145.0	145	22531	135	-145.0	145	22531	135	-145.0	145	22531	135	-145.0	145	22531	135	-145.0	145	22531	135	-145.0	145	22531	135	-145.0	145	22531	135	-145.0	145	22531	135	-145.0	145	22531
136	-119.0	119	22650	136	-119.0	119	22650	136	-119.0	119	22650	136	-119.0	119	22650	136	-119.0	119	22650	136	-119.0	119	22650	136	-119.0	119	22650	136	-119.0	119	22650	136	-119.0	119	22650
137	-146.0	146	22796	137	-146.0	146	22796	137	-146.0	146	22796	137	-146.0	146	22796	137	-146.0	146	22796	137	-146.0	146	22796	137	-146.0	146	22796	137	-146.0	146	22796	137	-146.0	146	22796
138	-113.0	113	22909	138	-113.0	113	22909	138	-113.0	113	22909	138	-113.0	113	22909	138	-113.0	113	22909	138	-113.0	113	22909	138	-113.0	113	22909	138	-113.0	113	22909	138	-113.0	113	22909
139	-110.0	110	23019	139	-110.0	110	23019	139	-110.0	110	23019	139	-110.0	110	23019	139	-110.0	110	23019	139	-110.0	110	23019	139	-110.0	110	23019	139	-110.0	110	23019	139	-110.0	110	23019
140	-166.0	166	23185	140	-166.0	166	23185	140	-166.0	166	23185	140	-166.0	166	23185	140	-166.0	166	23185	140	-166.0	166	23185	140	-166.0	166	23185	140	-166.0	166	23185	140	-166.0	166	23185
141	-155.0	155	23340	141	-155.0	155	23340	141	-155.0	155	23340	141	-155.0	155	23340	141	-155.0	155	23340	141	-155.0	155	23340	141	-155.0	155	23340	141	-155.0	155	23340	141	-155.0	155	23340
142	-153.0	153	23493	142	-153.0	153	23493	142	-153.0	153	23493	142	-153.0	153	23493	142	-153.0	153	23493	142	-153.0	153	23493	142	-153.0	153	23493	142	-153.0	153	23493	142	-153.0	153	23493
143	-146.0	146	23639	143	-146.0	146	23639	143	-146.0	146	23639	143	-146.0	146	23639	143	-146.0	146	23639	143	-146.0	146	23639	143	-146.0	146	23639	143	-146.0	146	23639	143	-146.0	146	23639
144	-86.0	86	23725	144	-86.0	86	23725	144	-86.0	86	23725	144	-86.0	86	23725	144	-86.0	86	23725	144	-86.0	86	23725	144	-86.0	86	23725	144	-86.0	86	23725	144	-86.0	86	23725
145	-107.0	107	23832	145	-107.0	107	23832	145	-107.0	107	23832	145	-107.0	107	23832	145	-107.0	107	23832	145	-107.0	107	23832	145	-107.0	107	23832	145	-107.0	107	23832	145	-107.0	107	23832
146	-85.0	85	23917	146	-85.0	85	23917	146	-85.0	85	23917	146	-85.0	85	23917	146	-85.0	85	23917	146	-85.0	85	23917	146	-85.0	85	23917	146	-85.0	85	23917	146	-85.0	85	23917
147	-93.0	93	24010	147	-93.0	93	24010	147	-93.0	93	24010	147	-93.0	93	24010	147	-93.0	93	24010	147	-93.0	93	24010	147	-93.0	93	24010	147	-93.0	93	24010	147	-93.0	93	24010
148	-87.0	87	24097	148	-87.0	87	24097	148	-87.0	87	24097	148	-87.0	87	24097	148	-87.0	87	24097	148	-87.0	87	24097	148	-87.0	87	24097	148	-87.0	87	24097	148	-87.0	87	24097
149	-104.0	104	24201	149	-104.0	104	24201	149	-104.0	104	24201	149	-104.0	104	24201	149	-104.0	104	24201	149	-104.0	104	24201	149	-104.0	104	24201	149	-104.0	104	24201	149	-104.0	104	24201
150	-154.0	154	24355	150	-154.0	154	24355	150	-154.0	154	24355	150	-154.0	154	24355	150	-154.0	154	24355	150	-154.0	154	24355	150	-154.0	154	24355	150	-154.0	154	24355	150	-154.0	154	24355
151	-144.0	144	24499	151	-144.0	144	24499	151	-144.0	144	24499	151	-144.0	144	24499	151	-144.0	144	24499	151	-144.0	144	24499	151	-144.0	144	24499	151	-144.0	144	24499	151	-144.0	144	24499
152	-111.0	111	24610	152	-111.0	111	24610	152	-111.0	111	24610	152	-111.0	111	24610	152	-111.0	111	24610	152	-111.0	111	24610	152	-111.0	111	24610	152	-111.0	111	24610	152	-111.0	111	24610
153	-90.0	90	24700	153	-90.0	90	24700	153	-90.0	90	24700	153	-90.0	90	24700	153	-90.0	90	24700	153	-90.0	90	24700	153	-90.0	90	24700	153	-90.0	90	24700	153	-90.0	90	24700
154	-140.0	140	24840	154	-140.0	140	24840	154	-140.0	140	24840	154	-140.0	140	24840	154	-140.0	140	24840	154	-140.0	140	24840	154	-140.0	140	24840	154	-140.0	140	24840	154	-140.0	140	24840
155	-144.0	144	24984	155	-144.0	144	24984	155	-144.0	144	24984	155	-144.0	144	24984	155	-144.0	144	24984	155	-144.0	144	24984	155	-144.0	144	24984	155	-144.0	144	24984	155	-144.0	144	24984
156	-146.0	146	25130	156	-146.0	146	25130	156	-146.0	146	25130	156	-146.0	146	25130	156	-146.0	146	25130	156	-146.0	146	25130	156	-146.0	146	25130	156	-146.0	146	25130	156	-146.0	146	25130
157	-166.0	166	25296	157	-166.0	166	25296	157	-166.0	166	25296	157	-166.0	166	25296	157	-166.0	166	25296	157	-166.0	166	25296	157	-166.0	166	25296	157	-166.0	166	25296	157	-166.0	166	25296
158	-141.0	141	25437	158	-141.0	141	25437	158	-141.0	141	25437	158	-141.0	141	25437	158	-141.0	141	25437	158	-141.0	141	25437	158	-141.0	141	25437	158	-141.0	141	25437	158	-141.0	141	25437
159	-146.0	146	25583	159	-146.0	146	25583	159	-146.0	146	25583	159	-146.0	146	25583	159	-146.0	146	25583	159	-146.0	146	25583	159	-146.0	146	25583	159	-146.0	146	25583	159	-146.0	146	25583
160	-143.0	143	25726	160	-143.0	143	25726	160	-143.0	143	25726	160	-143.0	143	25726	160	-143.0	143	25726	160	-143.0	143	25726	160	-143.0	143	25726	160	-143.0	143	25726	160	-143.0	143	25726
161	-139.0	139	25865	161	-139.0	139	25865	161	-139.0	139	25865	161	-139.0	139	25865	161	-139.0	139	25865	161	-139.0	139	25865	161	-139.0	139	25865	161	-139.0	139	25865	161	-139.0	139	25865
162	-142.0	142	26007	162	-142.0	142	26007	162	-142.0	142	26007	162	-142.0	142	26007	162	-142.0	142	26007	162	-142.0	142	26007	162	-142.0	142	26007	162	-142.0	142	26007	162	-142.0	142	26007
163	-187.0	187	26194	163	-187.0	187	26194	163	-187.0	187	26194	163	-187.0	187	26194	163	-187.0	187	26194	163	-187.0	187	26194	163	-187.0	187	26194	163	-187.0	187	26194	163	-187.0	187	26194
164	-154.0	154	26348	164	-154.0	154	26348	164	-154.0	154	26348	164	-154.0	154	26348	164	-154.0	154	26348	164	-154.0	154	26348	164	-154.0	154	26348	164	-154.0	154	26348	164	-154.0	154	26348
165	-134.0	134	26482	165	-134.0	134	26482	165	-134.0	134	26482	165	-134.0	134	26482	165	-134.0	134	26482	165	-134.0	134	26482	165	-134.0	134	26482	165	-134.0	134	26482	165	-134.0	134	26482
166	-155.0	155	26637	166	-155.0	155	26637	166	-155.0	155	26637	166	-155.0	155	26637	166	-155.0	155	26637	166	-155.0	155	26637	166	-155.0	155	26637	166	-155.0	155	26637	166	-155.0	155	26637
167	-137.0	137	26774	167	-137.0	137	26774	167	-137.0	137	26774	167	-137.0	137	26774	167	-137.0	137	26774	167	-137.0	137	26774	167	-137.0	137	26774	167	-137.0	137	26774	167	-137.0	137	26774
168	-139.0	139	26913	168	-139.0	139	26913	168	-139.0	139	26913	168	-139.0	139	26913	168	-139.0	139	26913	168	-139.0	139	26913	168	-139.0	139	26913	168	-139.0	139	26913	168	-139.0	139	26913
169	-136.0	136	27049	169	-136.0	136	27049	169	-136.0	136	27049	169	-136.0	136	27049	169	-136.0	136	27049	169	-136.0	136	27049	169	-136.0	136	27049	169	-136.0	136	27049	169	-136.0	136	27049
170	-139.0	139	27188	170	-139.0	139	27188	170	-139.0	139	27188	170	-139.0	139	27188	170	-139.0	139	27188	170	-139.0	139	27188	170	-139.0	139	27188	170	-139.0	139	27188	170	-139.0	139	27188
171	-121.0	121	27309	171	-121.0	121	27309	171	-121.0	121	27309	171	-121.0	121	27309	171	-121.0	121	27309	171	-121.0	121	27309	171	-121.0	121	27309	171	-121.0	121	27309	171	-121.0	121	27309
172	-127.0	127	27436	172	-127.0	127	27436	172	-127.0	127	27436	172	-127.0	127	27436	172	-127.0	127	27436	172	-127.0	127	27436	172	-127.0	127	27436	172	-127.0	127	27436	172	-127.0	127	27436
173	-106.0	106	27542	173	-106.0	106	27542	173	-106.0	106	27542	173	-106.0	106	27542	173	-106.0	106	27542	173	-106.0	106	27542	173	-106.0	106	27542	173	-106.0	106	27542	173	-106.0	106	27542
174	-88.0	88	27630	174	-88.0	88	27630	174	-88.0	88	27630	174	-88.0	88	27630	174	-88.0	88	27630	174	-88.0	88	27630	174	-88.0	88	27630	174	-88.0	88	27630	174	-88.0	88	27630
175	-104.0	104	27734	175	-104.0	104	27734	175	-104.0	104	27734	175	-104.0	104	27734	175	-104.0	104	27734	175	-104.0	104	27734	175	-104.0	104	27734	175	-104.0	104	27734	175	-104.0	104	27734
176	-117.0	117	27851	176	-117.0	117	27851	176	-117.0	117	27851	176	-117.0	117	27851	176	-117.0	117	27851	176	-117.0	117	27851	176	-117.0	117	27851	176	-117.0	117	27851	176	-117.0	117	27851
177	-105.0	105	27956	177	-105.0	105	27956	177	-105.0	105	27956	177	-105.0	105	27956	177	-105.0	105	27956	177	-105.0	105	27956	177	-105.0	105	27956	177	-105.0	105	27956	177	-105.0	105	27956
178	-96.0	96	28052	178	-96.0	96	28052	178	-96.0	96	28052	178	-96.0	96	28052	178	-96.0	96	28052	178	-96.0	96	28052	178	-96.0	96	28052	178	-96.0	96	28052	178	-96.0	96	28052
179	-157.0	157	28209	179	-157.0	157	28209	179	-157.0	157	28209	179	-157.0	157	28209	179	-157.0	157	28209	179	-157.0	157	28209	179	-157.0	157	28209	179	-157.0	157	28209	179	-157.0	157	28209
180	-158.0	158	28367	180	-158.0	158	28367	180	-158.0	158	28367	180	-158.0	158	28367	180	-158.0	158	28367	180	-158.0	158	28367	180	-158.0	158	28367	180	-158.0	158	28367	180	-158.0	158	28367
181	-92.0	92	28459	181	-92.0	92	28459	181	-92.0	92	28459	181	-92.0	92	28459	181	-92.0	92	28459	181	-92.0	92	28459	181	-92.0	92	28459	181	-92.0	92	28459	181	-92.0	92	28459
182	-108.0	108	28567	182	-108.0	108	28567	182	-108.0	108	28567	182	-108.0	108	28567	182	-108.0	108	28567	182	-108.0	108	28567	182	-108.0	108	28567	182	-108.0	108	28567	182	-108.0	108	28567
183	-104.0	104	28671	183	-104.0	104	28671	183	-104.0	104	28671	183	-104.0	104	28671	183	-104.0	104	28671	183	-104.0	104	28671	183	-104.0	104	28671	183	-104.0	104	28671	183	-104.0	104	28671
184	-112.0	112	28783	184	-112.0	112	28783	184	-112.0	112	28783	184	-112.0	112	28783	184	-112.0	112	28783	184	-112.0	112	28783	184	-112.0	112	28783	184	-112.0	112	28783	184	-112.0	112	28783
185	-136.0	136	28919	185	-136.0	136	28919	185	-136.0	136	28919	185	-136.0	136	28919	185	-136.0	136	28919	185	-136.0	136	28919	185	-136.0	136	28919	185	-136.0	136	28919	185	-136.0	136	28919
186	-174.0	174	29093	186	-174.0	174	29093	186	-174.0	174	29093	186	-174.0	174	29093	186	-174.0	174	29093	186	-174.0	174	29093	186	-174.0	174	29093	186	-174.0	174	29093	186	-174.0	174	29093
187	-141.0	141	29234	187	-141.0	141	29234	187	-141.0	141	29234	187	-141.0	141	29234	187	-141.0	141	29234	187	-141.0	141	29234	187	-141.0	141	29234	187	-141.0	141	29234	187	-141.0	141	29234
188	-143.0	143	29377	188	-143.0	143	29377	188	-143.0	143	29377	188	-143.0	143	29377	188	-143.0	143	29377	188	-143.0	143	29377	188	-143.0	143	29377	188	-143.0	143	29377	188	-143.0	143	29377
189	-147.0	147	29524	189	-147.0	147	29524	189	-147.0	147	29524	189	-147.0	147	29524	189	-147.0	147	29524	189	-147.0	147	29524	189	-147.0	147	29524	189	-147.0	147	29524	189	-147.0	147	29524
190	-138.0	138	29662	190	-138.0	138	29662	190	-138.0	138	29662	190	-138.0	138	29662	190	-138.0	138	29662	190	-138.0	138	29662	190	-138.0	138	29662	190	-138.0	138	29662	190	-138.0	138	29662
191	-147.0	147	29809	191	-147.0	147	29809	191	-147.0	147	29809	191	-147.0	147	29809	191	-147.0	147	29809	191	-147.0	147	29809	191	-147.0	147	29809	191	-147.0	147	29809	191	-147.0	147	29809
192	-161.0	161	29970	192	-161.0	161	29970	192	-161.0	161	29970	192	-161.0	161	29970	192	-161.0	161	29970	192	-161.0	161	29970	192	-161.0	161	29970	192	-161.0	161	29970	192	-161.0	161	29970
193	-140.0	140	30110	193	-140.0	140	30110	193	-140.0	140	30110	193	-140.0	140	30110	193	-140.0	140	30110	193	-140.0	140	30110	193	-140.0	140	30110	193	-140.0	140	30110	193	-140.0	140	30110
194	-150.0	150	30260	194	-150.0	150	30260	194	-150.0	150	30260	194	-150.0	150	30260	194	-150.0	150	30260	194	-150.0	150	30260	194	-150.0	150	30260	194	-150.0	150	30260	194	-150.0	150	30260
195	-179.0	179	30439	195	-179.0	179	30439	195	-179.0	179	30439	195	-179.0	179	30439	195	-179.0	179	30439	195	-179.0	179	30439	195	-179.0	179	30439	195	-179.0	179	30439	195	-179.0	179	30439
196	-100.0	100	30539	196	-100.0	100	30539	196	-100.0	100	30539	196	-100.0	100	30539	196	-100.0	100	30539	196	-100.0	100	30539	196	-100.0	100	30539	196	-100.0	100	30539	196	-100.0	100	30539
197	-138.0	138	30677	197	-138.0	138	30677	197	-138.0	138	30677	197	-138.0	138	30677	197	-138.0	138	30677	197	-138.0	138	30677	197	-138.0	138	30677	197	-138.0	138	30677	197	-138.0	138	30677
198	-137.0	137	30814	198	-137.0	137	30814	198	-137.0	137	30814	198	-137.0	137	30814	198	-137.0	137	30814	198	-137.0	137	30814	198	-137.0	137	30814	198	-137.0	137	30814	198	-137.0	137	30814
199	-135.0	135	30949	199	-135.0	135	30949	199	-135.0	135	30949	199	-135.0	135	30949	199	-135.0	135	30949	199	-135.0	135	30949	199	-135.0	135	30949	199	-135.0	135	30949	199	-135.0	135	30949
200	-136.0	136	31085	200	-136.0	136	31085	200	-136.0	136	31085	200	-136.0	136	31085	200	-136.0	136	31085	200	-136.0	136	31085	200	-136.0	136	31085	200	-136.0	136	31085	200	-136.0	136	31085
201	-135.0	135	31220	201	-135.0	135	31220	201	-135.0	135	31220	201	-135.0	135	31220	201	-135.0	135	31220	201	-135.0	135	31220	201	-135.0	135	31220	201	-135.0	135	31220	201	-135.0	135	31220
202	-118.0	118	31338	202	-118.0	118	31338	202	-118.0	118	31338	202	-118.0	118	31338	202	-118.0	118	31338	202	-118.0	118	31338	202	-118.0	118	31338	202	-118.0	118	31338	202	-118.0	118	31338
203	-107.0	107	31445	203	-107.0	107	31445	203	-107.0	107	31445	203	-107.0	107	31445	203	-107.0	107	31445	203	-107.0	107	31445	203	-107.0	107	31445	203	-107.0	107	31445	203	-107.0	107	31445
204	-155.0	155	31600	204	-155.0	155	31600	204	-155.0	155	31600	204	-155.0	155	31600	204	-155.0	155	31600	204	-155.0	155	31600	204	-155.0	155	31600	204	-155.0	155	31600	204	-155.0	155	31600
205	-150.0	150	31750	205	-150.0	150	31750	205	-150.0	150	31750	205	-150.0	150	31750	205	-150.0	150	31750	205	-150.0	150	31750	205	-150.0	150	31750	205	-150.0	150	31750	205	-150.0	150	31750
206	-93.0	93	31843	206	-93.0	93	31843	206	-93.0	93	31843	206	-93.0	93	31843	206	-93.0	93	31843	206	-93.0	93	31843	206	-93.0	93	31843	206	-93.0	93	31843	206	-93.0	93	31843
207	-141.0	141	31984	207	-141.0	141	31984	207	-141.0	141	31984	207	-141.0	141	31984	207	-141.0	141	31984	207	-141.0	141	31984	207	-141.0	141	31984	207	-141.0	141	31984	207	-141.0	141	31984
208	-147.0	147	32131	208	-147.0	147	32131	208	-147.0	147	32131	208	-147.0	147	32131	208	-147.0	147	32131	208	-147.0	147	32131	208	-147.0	147	32131	208	-147.0	147	32131	208	-147.0	147	32131
209	-147.0	147	32278	209	-147.0	147	32278	209	-147.0	147	32278	209	-147.0	147	32278	209	-147.0	147	32278	209	-147.0	147	32278	209	-147.0	147	32278	209	-147.0	147	32278	209	-147.0	147	32278
210	-113.0	113	32391	210	-113.0	113	32391	210	-113.0	113	32391	210	-113.0	113	32391	210	-113.0	113	32391	210	-113.0	113	32391	210	-113.0	113	32391	210	-113.0	113	32391	210	-113.0	113	32391
211	-147.0	147	32538	211	-147.0	147	32538	211	-147.0	147	32538	211	-147.0	147	32538	211	-147.0	147	32538	211	-147.0	147	32538	211	-147.0	147	32538	211	-147.0	147	32538	211	-147.0	147	32538
212	-107.0	107	32645	212	-107.0	107	32645	212	-107.0	107	32645	212	-107.0	107	32645	212	-107.0	107	32645	212	-107.0	107	32645	212	-107.0	107	32645	212	-107.0	107	32645	212	-107.0	107	32645
213	-162.0	162	32807	213	-162.0	162	32807	213	-162.0	162	32807	213	-162.0	162	32807	213	-162.0	162	32807	213	-162.0	162	32807	213	-162.0	162	32807	213	-162.0	162	32807	213	-162.0	162	32807
214	-146.0	146	32953	214	-146.0	146	32953	214	-146.0	146	32953	214	-146.0	146	32953	214	-146.0	146	32953	214	-146.0	146	32953	214	-146.0	146	32953	214	-146.0	146	32953	214	-146.0	146	32953
215	-145.0	145	33098	215	-145.0	145	33098	215	-145.0	145	33098	215	-145.0	145	33098	215	-145.0	145	33098	215	-145.0	145	33098	215	-145.0	145	33098	215	-145.0	145	33098	215	-145.0	145	33098
216	-109.0	109	33207	216	-109.0	109	33207	216	-109.0	109	33207	216	-109.0	109	33207	216	-109.0	109	33207	216	-109.0	109	33207	216	-109.0	109	33207	216	-109.0	109	33207	216	-109.0	109	33207
217	-146.0	146	33353	217	-146.0	146	33353	217	-146.0	146	33353	217	-146.0	146	33353	217	-146.0	146	33353	217	-146.0	146	33353	217	-146.0	146	33353	217	-146.0	146	33353	217	-146.0	146	33353
218	-144.0	144	33497	218	-144.0	144	33497	218	-144.0	144	33497	218	-144.0	144	33497	218	-144.0	144	33497	218	-144.0	144	33497	218	-144.0	144	33497	218	-144.0	144	33497	218	-144.0	144	33497
219	-140.0	140	33637	219	-140.0	140	33637	219	-140.0	140	33637	219	-140.0	140	33637	219	-140.0	140	33637	219	-140.0	140	33637	219	-140.0	140	33637	219	-140.0	140	33637	219	-140.0	140	33637
220	-148.0	148	33785	220	-148.0	148	33785	220	-148.0	148	33785	220	-148.0	148	33785	220	-148.0	148	33785	220	-148.0	148	33785	220	-148.0	148	33785	220	-148.0	148	33785	220	-148.0	148	33785
221	-179.0	179	33964	221	-179.0	179	33964	221	-179.0	179	33964	221	-179.0	179	33964	221	-179.0	179	33964	221	-179.0	179	33964	221	-179.0	179	33964	221	-179.0	179	33964	221	-179.0	179	33964
222	-152.0	152	34116	222	-152.0	152	34116	222	-152.0	152	34116	222	-152.0	152	34116	222	-152.0	152	34116	222	-152.0	152	34116	222	-152.0	152	34116	222	-152.0	152	34116	222	-152.0	152	34116
223	-146.0	146	34262	223	-146.0	146	34262	223	-146.0	146	34262	223	-146.0	146	34262	223	-146.0	146	34262	223	-146.0	146	34262	223	-146.0	146	34262	223	-146.0	146	34262	223	-146.0	146	34262
224	-177.0	177	34439	224	-177.0	177	34439	224	-177.0	177	34439	224	-177.0	177	34439	224	-177.0	177	34439	224	-177.0	177	34439	224	-177.0	177	34439	224	-177.0	177	34439	224	-177.0	177	34439
225	-145.0	145	34584	225	-145.0	145	34584	225	-145.0	145	34584	225	-145.0	145	34584	225	-145.0	145	34584	225	-145.0	145	34584	225	-145.0	145	34584	225	-145.0	145	34584	225	-145.0	145	34584
226	-121.0	121	34705	226	-121.0	121	34705	226	-121.0	121	34705	226	-121.0	121	34705	226	-121.0	121	34705	226	-121.0	121	34705	226	-121.0	121	34705	226	-121.0	121	34705	226	-121.0	121	34705
227	-146.0	146	34851	227	-146.0	146	34851	227	-146.0	146	34851	227	-146.0	146	34851	227	-146.0	146	34851	227	-146.0	146	34851	227	-146.0	146	34851	227	-146.0	146	34851	227	-146.0	146	34851
228	-143.0	143	34994	228	-143.0	143	34994	228	-143.0	143	34994	228	-143.0	143	34994	228	-143.0	143	34994	228	-143.0	143	34994	228	-143.0	143	34994	228	-143.0	143	34994	228	-143.0	143	34994
229	-123.0	123	35117	229	-123.0	123	35117	229	-123.0	123	35117	229	-123.0	123	35117	229	-123.0	123	35117	229	-123.0	123	35117	229	-123.0	123	35117	229	-123.0	123	35117	229	-123.0	123	35117
230	-117.0	117	35234	230	-117.0	117	35234	230	-117.0	117	35234	230	-117.0	117	35234	230	-117.0	117	35234	230	-117.0	117	35234	230	-117.0	117	35234	230	-117.0	117	35234	230	-117.0	117	35234
231	-165.0	165	35399	231	-165.0	165	35399	231	-165.0	165	35399	231	-165.0	165	35399	231	-165.0	165	35399	231	-165.0	165	35399	231	-165.0	165	35399	231	-165.0	165	35399	231	-165.0	165	35399
232	-117.0	117	35516	232	-117.0	117	35516	232	-117.0	117	35516	232	-117.0	117	35516	232	-117.0	117	35516	232	-117.0	117	35516	232	-117.0	117	35516	232	-117.0	117	35516	232	-117.0	117	35516
233	-110.0	110	35626	233	-110.0	110	35626	233	-110.0	110	35626	233	-110.0	110	35626	233	-110.0	110	35626	233	-110.0	110	35626	233	-110.0	110	35626	233	-110.0	110	35626	233	-110.0	110	35626
234	-93.0	93	35719	234	-93.0	93	35719	234	-93.0	93	35719	234	-93.0	93	35719	234	-93.0	93	35719	234	-93.0	93	35719	234	-93.0	93	35719	234	-93.0	93	35719	234	-93.0	93	35719
235	-157.0	157	35876	235	-157.0	157	35876	235	-157.0	157	35876	235	-157.0	157	35876	235	-157.0	157	35876	235	-157.0	157	35876	235	-157.0	157	35876	235	-157.0	157	35876	235	-157.0	157	35876
236	-139.0	139	36015	236	-139.0	139	36015	236	-139.0	139	36015	236	-139.0	139	36015	236	-139.0	139	36015	236	-139.0	139	36015	236	-139.0	139	36015	236	-139.0	139	36015	236	-139.0	139	36015
237	-87.0	87	36102	237	-87.0	87	36102	237	-87.0	87	36102	237	-87.0	87	36102	237	-87.0	87	36102	237	-87.0	87	36102	237	-87.0	87	36102	237	-87.0	87	36102	237	-87.0	87	36102
238	-157.0	157	36259	238	-157.0	157	36259	238	-157.0	157	36259	238	-157.0	157	36259	238	-157.0	157	36259	238	-157.0	157	36259	238	-157.0	157	36259	238	-157.0	157	36259	238	-157.0	157	36259
239	-109.0	109	36368	239	-109.0	109	36368	239	-109.0	109	36368	239	-109.0	109	36368	239	-109.0	109	36368	239	-109.0	109	36368	239	-109.0	109	36368	239	-109.0	109	36368	239	-109.0	109	36368
240	-104.0	104	36472	240	-104.0	104	36472	240	-104.0	104	36472	240	-104.0	104	36472	240	-104.0	104	36472	240	-104.0	104	36472	240	-104.0	104	36472	240	-104.0	104	36472	240	-104.0	104	36472
241	-109.0	109	36581	241	-109.0	109	36581	241	-109.0	109	36581	241	-109.0	109	36581	241	-109.0	109	36581	241	-109.0	109	36581	241	-109.0	109	36581	241	-109.0	109	36581	241	-109.0	109	36581
242	-91.0	91	36672	242	-91.0	91	36672	242	-91.0	91	36672	242	-91.0	91	36672	242	-91.0	91	36672	242	-91.0	91	36672	242	-91.0	91	36672	242	-91.0	91	36672	242	-91.0	91	36672
243	-145.0	145	36817	243	-145.0	145	36817	243	-145.0	145	36817	243	-145.0	145	36817	243	-145.0	145	36817	243	-145.0	145	36817	243	-145.0	145	36817	243	-145.0	145	36817	243	-145.0	145	36817
244	-106.0	106	36923	244	-106.0	106	36923	244	-106.0	106	36923	244	-106.0	106	36923	244	-106.0	106	36923	244	-106.0	106	36923	244	-106.0	106	36923	244	-106.0	106	36923	244	-106.0	106	36923
245	-95.0	95	37018	245	-95.0	95	37018	245	-95.0	95	37018	245	-95.0	95	37018	245	-95.0	95	37018	245	-95.0	95	37018	245	-95.0	95	37018	245	-95.0	95	37018	245	-95.0	95	37018
246	-107.0	107	37125	246	-107.0	107	37125	246	-107.0	107	37125	246	-107.0	107	37125	246	-107.0	107	37125	246	-107.0	107	37125	246	-107.0	107	37125	246	-107.0	107	37125	246	-107.0	107	37125
247	-144.0	144	37269	247	-144.0	144	37269	247	-144.0	144	37269	247	-144.0	144	37269	247	-144.0	144	37269	247	-144.0	144	37269	247	-144.0	144	37269	247	-144.0	144	37269	247	-144.0	144	37269
248	-113.0	113	37382	248	-113.0	113	37382	248	-113.0	113	37382	248	-113.0	113	37382	248	-113.0	113	37382	248	-113.0	113	37382	248	-113.0	113	37382	248	-113.0	113	37382	248	-113.0	113	37382
249	-115.0	115	37497	249	-115.0	115	37497	249	-115.0	115	37497	249	-115.0	115	37497	249	-115.0	115	37497	249	-115.0	115	37497	249	-115.0	115	37497	249	-115.0	115	37497	249	-115.0	115	37497
250	-135.0	135	37632	250	-135.0	135	37632	250	-135.0	135	37632	250	-135.0	135	37632	250	-135.0	135	37632	250	-135.0	135	37632	250	-135.0	135	37632	250	-135.0	135	37632	250	-135.0	135	37632
251	-134.0	134	37766	251	-134.0	134	37766	251	-134.0	134	37766	251	-134.0	134	37766	251	-134.0	134	37766	251	-134.0	134	37766	251	-134.0	134	37766	251	-134.0	134	37766	251	-134.0	134	37766
252	-137.0	137	37903	252	-137.0	137	37903	252	-137.0	137	37903	252	-137.0	137	37903	252	-137.0	137	37903	252	-137.0	137	37903	252	-137.0	137	37903	252	-137.0	137	37903	252	-137.0	137	37903
253	-120.0	120	38023	253	-120.0	120	38023	253	-120.0	120	38023	253	-120.0	120	38023	253	-120.0	120	38023	253	-120.0	120	38023	253	-120.0	120	38023	253	-120.0	120	38023	253	-120.0	120	38023
254	-140.0	140	38163	254	-140.0	140	38163	254	-140.0	140	38163	254	-140.0	140	38163	254	-140.0	140	38163	254	-140.0	140	38163	254	-140.0	140	38163	254	-140.0	140	38163	254	-140.0	140	38163
255	-112.0	112	38275	255	-112.0	112	38275	255	-112.0	112	38275	255	-112.0	112	38275	255	-112.0	112	38275	255	-112.0	112	38275	255	-112.0	112	38275	255	-112.0	112	38275	255	-112.0	112	38275
256	-129.0	129	38404	256	-129.0	129	38404	256	-129.0	129	38404	256	-129.0	129	38404	256	-129.0	129	38404	256	-129.0	129	38404	256	-129.0	129	38404	256	-129.0	129	38404	256	-129.0	129	38404
257	-143.0	143	38547	257	-143.0	143	38547	257	-143.0	143	38547	257	-143.0	143	38547	257	-143.0	143	38547	257	-143.0	143	38547	257	-143.0	143	38547	257	-143.0	143	38547	257	-143.0	143	38547
258	-141.0	141	38688	258	-141.0	141	38688	258	-141.0	141	38688	258	-141.0	141	38688	258	-141.0	141	38688	258	-141.0	141	38688	258	-141.0	141	38688	258	-141.0	141	38688	258	-141.0	141	38688
259	-143.0	143	38831	259	-143.0	143	38831	259	-143.0	143	38831	259	-143.0	143	38831	259	-143.0	143	38831	259	-143.0	143	38831	259	-143.0	143	38831	259	-143.0	143	38831	259	-143.0	143	38831
260	-109.0	109	38940	260	-109.0	109	38940	260	-109.0	109	38940	260	-109.0	109	38940	260	-109.0	109	38940	260	-109.0	109	38940	260	-109.0	109	38940	260	-109.0	109	38940	260	-109.0	109	38940
261	-134.0	134	39074	261	-134.0	134	39074	261	-134.0	134	39074	261	-134.0	134	39074	261	-134.0	134	39074	261	-134.0	134	39074	261	-134.0	134	39074	261	-134.0	134	39074	261	-134.0	134	39074
262	-138.0	138	39212	262	-138.0	138	39212	262	-138.0	138	39212	262	-138.0	138	39212	262	-138.0	138	39212	262	-138.0	138	39212	262	-138.0	138	39212	262	-138.0	138	39212	262	-138.0	138	39212
263	-109.0	109	39321	263	-109.0	109	39321	263	-109.0	109	39321	263	-109.0	109	39321	263	-109.0	109	39321	263	-109.0	109	39321	263	-109.0	109	39321	263	-109.0	109	39321	263	-109.0	109	39321
264	-132.0	132	39453	264	-132.0	132	39453	264	-132.0	132	39453	264	-132.0	132	39453	264	-132.0	132	39453	264	-132.0	132	39453	264	-132.0	132	39453	264	-132.0	132	39453	264	-132.0	132	39453
265	-115.0	115	39568	265	-115.0	115	39568	265	-115.0	115	39568	265	-115.0	115	39568	265	-115.0	115	39568	265	-115.0	115	39568	265	-115.0	115	39568	265	-115.0	115	39568	265	-115.0	115	39568
266	-108.0	108	39676	266	-108.0	108	39676	266	-108.0	108	39676	266	-108.0	108	39676	266	-108.0	108	39676	266	-108.0	108	39676	266	-108.0	108	39676	266	-108.0	108	39676	266	-108.0	108	39676
267	-107.0	107	39783	267	-107.0	107	39783	267	-107.0	107	39783	267	-107.0	107	39783	267	-107.0	107	39783	267	-107.0	107	39783	267	-107.0	107	39783	267	-107.0	107	39783	267	-107.0	107	39783
268	-132.0	132	39915	268	-132.0	132	39915	268	-132.0	132	39915	268	-132.0	132	39915	268	-132.0	132	39915	268	-132.0	132	39915	268	-132.0	132	39915	268	-132.0	132	39915	268	-132.0	132	39915
269	-137.0	137	40052	269	-137.0	137	40052	269	-137.0	137	40052	269	-137.0	137	40052	269	-137.0	137	40052	269	-137.0	137	40052	269	-137.0	137	40052	269	-137.0	137	40052	269	-137.0	137	40052
270	-138.0	138	40190	270	-138.0	138	40190	270	-138.0	138	40190	270	-138.0	138	40190	270	-138.0	138	40190	270	-138.0	138	40190	270	-138.0	138	40190	270	-138.0	138	40190	270	-138.0	138	40190
271	-113.0	113	40303	271	-113.0	113	40303	271	-113.0	113	40303	271	-113.0	113	40303	271	-113.0	113	40303	271	-113.0	113	40303	271	-113.0	113	40303	271	-113.0	113	40303	271	-113.0	113	40303
272	-137.0	137	40440	272	-137.0	137	40440	272	-137.0	137	40440	272	-137.0	137	40440	272	-137.0	137	40440	272	-137.0	137	40440	272	-137.0	137	40440	272	-137.0	137	40440	272	-137.0	137	40440
273	-136.0	136	40576	273	-136.0	136	40576	273	-136.0	136	40576	273	-136.0	136	40576	273	-136.0	136	40576	273	-136.0	136	40576	273	-136.0	136	40576	273	-136.0	136	40576	273	-136.0	136	40576
274	-135.0	135	40711	274	-135.0	135	40711	274	-135.0	135	40711	274	-135.0	135	40711	274	-135.0	135	40711	274	-135.0	135	40711	274	-135.0	135	40711	274	-135.0	135	40711	274	-135.0	135	40711
275	-135.0	135	40846	275	-135.0	135	40846	275	-135.0	135	40846	275	-135.0	135	40846	275	-135.0	135	40846	275	-135.0	135	40846	275	-135.0	135	40846	275	-135.0	135	40846	275	-135.0	135	40846
276	-119.0	119	40965	276	-119.0	119	40965	276	-119.0	119	40965	276	-119.0	119	40965	276	-119.0	119	40965	276	-119.0	119	40965	276	-119.0	119	40965	276	-119.0	119	40965	276	-119.0	119	40965
277	-118.0	118	41083	277	-118.0	118	41083	277	-118.0	118	41083	277	-118.0	118	41083	277	-118.0	118	41083	277	-118.0	118	41083	277	-118.0	118	41083	277	-118.0	118	41083	277	-118.0	118	41083
278	-136.0	136	41219	278	-136.0	136	41219	278	-136.0	136	41219	278	-136.0	136	41219	278	-136.0	136	41219	278	-136.0	136	41219	278	-136.0	136	41219	278	-136.0	136	41219	278	-136.0	136	41219
279	-137.0	137	41356	279	-137.0	137	41356	279	-137.0	137	41356	279	-137.0	137	41356	279	-137.0	137	41356	279	-137.0	137	41356	279	-137.0	137	41356	279	-137.0	137	41356	279	-137.0	137	41356
280	-140.0	140	41496	280	-140.0	140	41496	280	-140.0	140	41496	280	-140.0	140	41496	280	-140.0	140	41496	280	-140.0	140	41496	280	-140.0	140	41496	280	-140.0	140	41496	280	-140.0	140	41496
281	-176.0	176	41672	281	-176.0	176	41672	281	-176.0	176	41672	281	-176.0	176	41672	281	-176.0	176	41672	281	-176.0	176	41672	281	-176.0	176	41672	281	-176.0	176	41672	281	-176.0	176	41672
282	-92.0	92	41764	282	-92.0	92	41764	282	-92.0	92	41764	282	-92.0	92	41764	282	-92.0	92	41764	282	-92.0	92	41764	282	-92.0	92	41764	282	-92.0	92	41764	282	-92.0	92	41764
283	-84.0	84	41848	283	-84.0	84	41848	283	-84.0	84	41848	283	-84.0	84	41848	283	-84.0	84	41848	283	-84.0	84	41848	283	-84.0	84	41848	283	-84.0	84	41848	283	-84.0	84	41848
284	-198.0	198	42046	284	-198.0	198	42046	284	-198.0	198	42046	284	-198.0	198	42046	284	-198.0	198	42046	284	-198.0	198	42046	284	-198.0	198	42046	284	-198.0	198	42046	284	-198.0	198	42046
285	-162.0	162	42208	285	-162.0	162	42208	285	-162.0	162	42208	285	-162.0	162	42208	285	-162.0	162	42208	285	-162.0	162	42208	285	-162.0	162	42208	285	-162.0	162	42208	285	-162.0	162	42208
286	-167.0	167	42375	286	-167.0	167	42375	286	-167.0	167	42375	286	-167.0	167	42375	286	-167.0	167	42375	286	-167.0	167	42375	286	-167.0	167	42375	286	-167.0	167	42375	286	-167.0	167	42375
287	-137.0	137	42512	287	-137.0	137	42512	287	-137.0	137	42512	287	-137.0	137	42512	287	-137.0	137	42512	287	-137.0	137	42512	287	-137.0	137	42512	287	-137.0	137	42512	287	-137.0	137	42512
288	-135.0	135	42647	288	-135.0	135	42647	288	-135.0	135	42647	288	-135.0	135	42647	288	-135.0	135	42647	288	-135.0	135	42647	288	-135.0	135	42647	288	-135.0	135	42647	288	-135.0	135	42647
289	-137.0	137	42784	289	-137.0	137	42784	289	-137.0	137	42784	289	-137.0	137	42784	289	-137.0	137	42784	289	-137.0	137	42784	289	-137.0	137	42784	289	-137.0	137	42784	289	-137.0	137	42784
290	-157.0	157	42941	290	-157.0	157	42941	290	-157.0	157	42941	290	-157.0	157	42941	290	-157.0	157	42941	290	-157.0	157	42941	290	-157.0	157	42941	290	-157.0	157	42941	290	-157.0	157	42941
291	-153.0	153	43094	291	-153.0	153	43094	291	-153.0	153	43094	291	-153.0	153	43094	291	-153.0	153	43094	291	-153.0	153	43094	291	-153.0	153	43094	291	-153.0	153	43094	291	-153.0	153	43094
292	-112.0	112	43206	292	-112.0	112	43206	292	-112.0	112	43206	292	-112.0	112	43206	292	-112.0	112	43206	292	-112.0	112	43206	292	-112.0	112	43206	292	-112.0	112	43206	292	-112.0	112	43206
293	-185.0	185	43391	293	-185.0	185	43391	293	-185.0	185	43391	293	-185.0	185	43391	293	-185.0	185	43391	293	-185.0	185	43391	293	-185.0	185	43391	293	-185.0	185	43391	293	-185.0	185	43391
294	-136.0	136	43527	294	-136.0	136	43527	294	-136.0	136	43527	294	-136.0	136	43527	294	-136.0	136	43527	294	-136.0	136	43527	294	-136.0	136	43527	294	-136.0	136	43527	294	-136.0	136	43527
295	-137.0	137	43664	295	-137.0	137	43664	295	-137.0	137	43664	295	-137.0	137	43664	295	-137.0	137	43664	295	-137.0	137	43664	295	-137.0	137	43664	295	-137.0	137	43664	295	-137.0	137	43664
296	-142.0	142	43806	296	-142.0	142	43806	296	-142.0	142	43806	296	-142.0	142	43806	296	-142.0	142	43806	296	-142.0	142	43806	296	-142.0	142	43806	296	-142.0	142	43806	296	-142.0	142	43806
297	-139.0	139	43945	297	-139.0	139	43945	297	-139.0	139	43945	297	-139.0	139	43945	297	-139.0	139	43945	297	-139.0	139	43945	297	-139.0	139	43945	297	-139.0	139	43945	297	-139.0	139	43945
298	-143.0	143	44088	298	-143.0	143	44088	298	-143.0	143	44088	298	-143.0	143	44088	298	-143.0	143	44088	298	-143.0	143	44088	298	-143.0	143	44088	298	-143.0	143	44088	298	-143.0	143	44088
299	-139.0	139	44227	299	-139.0	139	44227	299	-139.0	139	44227	299	-139.0	139	44227	299	-139.0	139	44227	299	-139.0	139	44227	299	-139.0	139	44227	299	-139.0	139	44227	299	-139.0	139	44227
