Episode	Accumulated Reward	Length	Steps	Episode	Accumulated Reward	Length	Steps	Episode	Accumulated Reward	Length	Steps	Episode	Accumulated Reward	Length	Steps	Episode	Accumulated Reward	Length	Steps
0	-200.0	200	200	0	-200.0	200	200	0	-200.0	200	200	0	-200.0	200	200	0	-200.0	200	200
1	-200.0	200	400	1	-200.0	200	400	1	-200.0	200	400	1	-200.0	200	400	1	-200.0	200	400
2	-200.0	200	600	2	-200.0	200	600	2	-200.0	200	600	2	-200.0	200	600	2	-200.0	200	600
3	-200.0	200	800	3	-200.0	200	800	3	-200.0	200	800	3	-200.0	200	800	3	-200.0	200	800
4	-200.0	200	1000	4	-200.0	200	1000	4	-200.0	200	1000	4	-200.0	200	1000	4	-200.0	200	1000
5	-200.0	200	1200	5	-200.0	200	1200	5	-200.0	200	1200	5	-200.0	200	1200	5	-200.0	200	1200
6	-200.0	200	1400	6	-200.0	200	1400	6	-200.0	200	1400	6	-200.0	200	1400	6	-200.0	200	1400
7	-200.0	200	1600	7	-200.0	200	1600	7	-200.0	200	1600	7	-200.0	200	1600	7	-200.0	200	1600
8	-200.0	200	1800	8	-200.0	200	1800	8	-200.0	200	1800	8	-200.0	200	1800	8	-200.0	200	1800
9	-200.0	200	2000	9	-200.0	200	2000	9	-200.0	200	2000	9	-200.0	200	2000	9	-200.0	200	2000
10	-200.0	200	2200	10	-200.0	200	2200	10	-200.0	200	2200	10	-200.0	200	2200	10	-200.0	200	2200
11	-200.0	200	2400	11	-200.0	200	2400	11	-200.0	200	2400	11	-200.0	200	2400	11	-200.0	200	2400
12	-200.0	200	2600	12	-200.0	200	2600	12	-200.0	200	2600	12	-200.0	200	2600	12	-200.0	200	2600
13	-200.0	200	2800	13	-200.0	200	2800	13	-200.0	200	2800	13	-200.0	200	2800	13	-200.0	200	2800
14	-170.0	170	2970	14	-170.0	170	2970	14	-170.0	170	2970	14	-170.0	170	2970	14	-170.0	170	2970
15	-200.0	200	3170	15	-200.0	200	3170	15	-200.0	200	3170	15	-200.0	200	3170	15	-200.0	200	3170
16	-200.0	200	3370	16	-200.0	200	3370	16	-200.0	200	3370	16	-200.0	200	3370	16	-200.0	200	3370
17	-200.0	200	3570	17	-200.0	200	3570	17	-200.0	200	3570	17	-200.0	200	3570	17	-200.0	200	3570
18	-153.0	153	3723	18	-153.0	153	3723	18	-153.0	153	3723	18	-153.0	153	3723	18	-153.0	153	3723
19	-200.0	200	3923	19	-200.0	200	3923	19	-200.0	200	3923	19	-200.0	200	3923	19	-200.0	200	3923
20	-200.0	200	4123	20	-200.0	200	4123	20	-200.0	200	4123	20	-200.0	200	4123	20	-200.0	200	4123
21	-200.0	200	4323	21	-200.0	200	4323	21	-200.0	200	4323	21	-200.0	200	4323	21	-200.0	200	4323
22	-200.0	200	4523	22	-200.0	200	4523	22	-200.0	200	4523	22	-200.0	200	4523	22	-200.0	200	4523
23	-200.0	200	4723	23	-200.0	200	4723	23	-200.0	200	4723	23	-200.0	200	4723	23	-200.0	200	4723
24	-163.0	163	4886	24	-163.0	163	4886	24	-163.0	163	4886	24	-163.0	163	4886	24	-163.0	163	4886
25	-187.0	187	5073	25	-187.0	187	5073	25	-187.0	187	5073	25	-187.0	187	5073	25	-187.0	187	5073
26	-196.0	196	5269	26	-196.0	196	5269	26	-196.0	196	5269	26	-196.0	196	5269	26	-196.0	196	5269
27	-200.0	200	5469	27	-200.0	200	5469	27	-200.0	200	5469	27	-200.0	200	5469	27	-200.0	200	5469
28	-200.0	200	5669	28	-200.0	200	5669	28	-200.0	200	5669	28	-200.0	200	5669	28	-200.0	200	5669
29	-148.0	148	5817	29	-148.0	148	5817	29	-148.0	148	5817	29	-148.0	148	5817	29	-148.0	148	5817
30	-191.0	191	6008	30	-191.0	191	6008	30	-191.0	191	6008	30	-191.0	191	6008	30	-191.0	191	6008
31	-150.0	150	6158	31	-150.0	150	6158	31	-150.0	150	6158	31	-150.0	150	6158	31	-150.0	150	6158
32	-144.0	144	6302	32	-144.0	144	6302	32	-144.0	144	6302	32	-144.0	144	6302	32	-144.0	144	6302
33	-165.0	165	6467	33	-165.0	165	6467	33	-165.0	165	6467	33	-165.0	165	6467	33	-165.0	165	6467
34	-200.0	200	6667	34	-200.0	200	6667	34	-200.0	200	6667	34	-200.0	200	6667	34	-200.0	200	6667
35	-200.0	200	6867	35	-200.0	200	6867	35	-200.0	200	6867	35	-200.0	200	6867	35	-200.0	200	6867
36	-157.0	157	7024	36	-157.0	157	7024	36	-157.0	157	7024	36	-157.0	157	7024	36	-157.0	157	7024
37	-196.0	196	7220	37	-196.0	196	7220	37	-196.0	196	7220	37	-196.0	196	7220	37	-196.0	196	7220
38	-151.0	151	7371	38	-151.0	151	7371	38	-151.0	151	7371	38	-151.0	151	7371	38	-151.0	151	7371
39	-152.0	152	7523	39	-152.0	152	7523	39	-152.0	152	7523	39	-152.0	152	7523	39	-152.0	152	7523
40	-200.0	200	7723	40	-200.0	200	7723	40	-200.0	200	7723	40	-200.0	200	7723	40	-200.0	200	7723
41	-158.0	158	7881	41	-158.0	158	7881	41	-158.0	158	7881	41	-158.0	158	7881	41	-158.0	158	7881
42	-144.0	144	8025	42	-144.0	144	8025	42	-144.0	144	8025	42	-144.0	144	8025	42	-144.0	144	8025
43	-151.0	151	8176	43	-151.0	151	8176	43	-151.0	151	8176	43	-151.0	151	8176	43	-151.0	151	8176
44	-200.0	200	8376	44	-200.0	200	8376	44	-200.0	200	8376	44	-200.0	200	8376	44	-200.0	200	8376
45	-146.0	146	8522	45	-146.0	146	8522	45	-146.0	146	8522	45	-146.0	146	8522	45	-146.0	146	8522
46	-141.0	141	8663	46	-141.0	141	8663	46	-141.0	141	8663	46	-141.0	141	8663	46	-141.0	141	8663
47	-152.0	152	8815	47	-152.0	152	8815	47	-152.0	152	8815	47	-152.0	152	8815	47	-152.0	152	8815
48	-139.0	139	8954	48	-139.0	139	8954	48	-139.0	139	8954	48	-139.0	139	8954	48	-139.0	139	8954
49	-148.0	148	9102	49	-148.0	148	9102	49	-148.0	148	9102	49	-148.0	148	9102	49	-148.0	148	9102
50	-142.0	142	9244	50	-142.0	142	9244	50	-142.0	142	9244	50	-142.0	142	9244	50	-142.0	142	9244
51	-200.0	200	9444	51	-200.0	200	9444	51	-200.0	200	9444	51	-200.0	200	9444	51	-200.0	200	9444
52	-116.0	116	9560	52	-116.0	116	9560	52	-116.0	116	9560	52	-116.0	116	9560	52	-116.0	116	9560
53	-194.0	194	9754	53	-194.0	194	9754	53	-194.0	194	9754	53	-194.0	194	9754	53	-194.0	194	9754
54	-189.0	189	9943	54	-189.0	189	9943	54	-189.0	189	9943	54	-189.0	189	9943	54	-189.0	189	9943
55	-146.0	146	10089	55	-146.0	146	10089	55	-146.0	146	10089	55	-146.0	146	10089	55	-146.0	146	10089
56	-151.0	151	10240	56	-151.0	151	10240	56	-151.0	151	10240	56	-151.0	151	10240	56	-151.0	151	10240
57	-149.0	149	10389	57	-149.0	149	10389	57	-149.0	149	10389	57	-149.0	149	10389	57	-149.0	149	10389
58	-148.0	148	10537	58	-148.0	148	10537	58	-148.0	148	10537	58	-148.0	148	10537	58	-148.0	148	10537
59	-190.0	190	10727	59	-190.0	190	10727	59	-190.0	190	10727	59	-190.0	190	10727	59	-190.0	190	10727
60	-174.0	174	10901	60	-174.0	174	10901	60	-174.0	174	10901	60	-174.0	174	10901	60	-174.0	174	10901
61	-154.0	154	11055	61	-154.0	154	11055	61	-154.0	154	11055	61	-154.0	154	11055	61	-154.0	154	11055
62	-189.0	189	11244	62	-189.0	189	11244	62	-189.0	189	11244	62	-189.0	189	11244	62	-189.0	189	11244
63	-144.0	144	11388	63	-144.0	144	11388	63	-144.0	144	11388	63	-144.0	144	11388	63	-144.0	144	11388
64	-140.0	140	11528	64	-140.0	140	11528	64	-140.0	140	11528	64	-140.0	140	11528	64	-140.0	140	11528
65	-186.0	186	11714	65	-186.0	186	11714	65	-186.0	186	11714	65	-186.0	186	11714	65	-186.0	186	11714
66	-128.0	128	11842	66	-128.0	128	11842	66	-128.0	128	11842	66	-128.0	128	11842	66	-128.0	128	11842
67	-152.0	152	11994	67	-152.0	152	11994	67	-152.0	152	11994	67	-152.0	152	11994	67	-152.0	152	11994
68	-145.0	145	12139	68	-145.0	145	12139	68	-145.0	145	12139	68	-145.0	145	12139	68	-145.0	145	12139
69	-154.0	154	12293	69	-154.0	154	12293	69	-154.0	154	12293	69	-154.0	154	12293	69	-154.0	154	12293
70	-182.0	182	12475	70	-182.0	182	12475	70	-182.0	182	12475	70	-182.0	182	12475	70	-182.0	182	12475
71	-152.0	152	12627	71	-152.0	152	12627	71	-152.0	152	12627	71	-152.0	152	12627	71	-152.0	152	12627
72	-155.0	155	12782	72	-155.0	155	12782	72	-155.0	155	12782	72	-155.0	155	12782	72	-155.0	155	12782
73	-149.0	149	12931	73	-149.0	149	12931	73	-149.0	149	12931	73	-149.0	149	12931	73	-149.0	149	12931
74	-141.0	141	13072	74	-141.0	141	13072	74	-141.0	141	13072	74	-141.0	141	13072	74	-141.0	141	13072
75	-188.0	188	13260	75	-188.0	188	13260	75	-188.0	188	13260	75	-188.0	188	13260	75	-188.0	188	13260
76	-148.0	148	13408	76	-148.0	148	13408	76	-148.0	148	13408	76	-148.0	148	13408	76	-148.0	148	13408
77	-146.0	146	13554	77	-146.0	146	13554	77	-146.0	146	13554	77	-146.0	146	13554	77	-146.0	146	13554
78	-140.0	140	13694	78	-140.0	140	13694	78	-140.0	140	13694	78	-140.0	140	13694	78	-140.0	140	13694
79	-187.0	187	13881	79	-187.0	187	13881	79	-187.0	187	13881	79	-187.0	187	13881	79	-187.0	187	13881
80	-142.0	142	14023	80	-142.0	142	14023	80	-142.0	142	14023	80	-142.0	142	14023	80	-142.0	142	14023
81	-141.0	141	14164	81	-141.0	141	14164	81	-141.0	141	14164	81	-141.0	141	14164	81	-141.0	141	14164
82	-143.0	143	14307	82	-143.0	143	14307	82	-143.0	143	14307	82	-143.0	143	14307	82	-143.0	143	14307
83	-143.0	143	14450	83	-143.0	143	14450	83	-143.0	143	14450	83	-143.0	143	14450	83	-143.0	143	14450
84	-142.0	142	14592	84	-142.0	142	14592	84	-142.0	142	14592	84	-142.0	142	14592	84	-142.0	142	14592
85	-153.0	153	14745	85	-153.0	153	14745	85	-153.0	153	14745	85	-153.0	153	14745	85	-153.0	153	14745
86	-187.0	187	14932	86	-187.0	187	14932	86	-187.0	187	14932	86	-187.0	187	14932	86	-187.0	187	14932
87	-148.0	148	15080	87	-148.0	148	15080	87	-148.0	148	15080	87	-148.0	148	15080	87	-148.0	148	15080
88	-150.0	150	15230	88	-150.0	150	15230	88	-150.0	150	15230	88	-150.0	150	15230	88	-150.0	150	15230
89	-153.0	153	15383	89	-153.0	153	15383	89	-153.0	153	15383	89	-153.0	153	15383	89	-153.0	153	15383
90	-150.0	150	15533	90	-150.0	150	15533	90	-150.0	150	15533	90	-150.0	150	15533	90	-150.0	150	15533
91	-150.0	150	15683	91	-150.0	150	15683	91	-150.0	150	15683	91	-150.0	150	15683	91	-150.0	150	15683
92	-146.0	146	15829	92	-146.0	146	15829	92	-146.0	146	15829	92	-146.0	146	15829	92	-146.0	146	15829
93	-144.0	144	15973	93	-144.0	144	15973	93	-144.0	144	15973	93	-144.0	144	15973	93	-144.0	144	15973
94	-138.0	138	16111	94	-138.0	138	16111	94	-138.0	138	16111	94	-138.0	138	16111	94	-138.0	138	16111
95	-138.0	138	16249	95	-138.0	138	16249	95	-138.0	138	16249	95	-138.0	138	16249	95	-138.0	138	16249
96	-141.0	141	16390	96	-141.0	141	16390	96	-141.0	141	16390	96	-141.0	141	16390	96	-141.0	141	16390
97	-174.0	174	16564	97	-174.0	174	16564	97	-174.0	174	16564	97	-174.0	174	16564	97	-174.0	174	16564
98	-178.0	178	16742	98	-178.0	178	16742	98	-178.0	178	16742	98	-178.0	178	16742	98	-178.0	178	16742
99	-143.0	143	16885	99	-143.0	143	16885	99	-143.0	143	16885	99	-143.0	143	16885	99	-143.0	143	16885
100	-146.0	146	17031	100	-146.0	146	17031	100	-146.0	146	17031	100	-146.0	146	17031	100	-146.0	146	17031
101	-142.0	142	17173	101	-142.0	142	17173	101	-142.0	142	17173	101	-142.0	142	17173	101	-142.0	142	17173
102	-151.0	151	17324	102	-151.0	151	17324	102	-151.0	151	17324	102	-151.0	151	17324	102	-151.0	151	17324
103	-178.0	178	17502	103	-178.0	178	17502	103	-178.0	178	17502	103	-178.0	178	17502	103	-178.0	178	17502
104	-195.0	195	17697	104	-195.0	195	17697	104	-195.0	195	17697	104	-195.0	195	17697	104	-195.0	195	17697
105	-183.0	183	17880	105	-183.0	183	17880	105	-183.0	183	17880	105	-183.0	183	17880	105	-183.0	183	17880
106	-140.0	140	18020	106	-140.0	140	18020	106	-140.0	140	18020	106	-140.0	140	18020	106	-140.0	140	18020
107	-170.0	170	18190	107	-170.0	170	18190	107	-170.0	170	18190	107	-170.0	170	18190	107	-170.0	170	18190
108	-157.0	157	18347	108	-157.0	157	18347	108	-157.0	157	18347	108	-157.0	157	18347	108	-157.0	157	18347
109	-142.0	142	18489	109	-142.0	142	18489	109	-142.0	142	18489	109	-142.0	142	18489	109	-142.0	142	18489
110	-200.0	200	18689	110	-200.0	200	18689	110	-200.0	200	18689	110	-200.0	200	18689	110	-200.0	200	18689
111	-118.0	118	18807	111	-118.0	118	18807	111	-118.0	118	18807	111	-118.0	118	18807	111	-118.0	118	18807
112	-113.0	113	18920	112	-113.0	113	18920	112	-113.0	113	18920	112	-113.0	113	18920	112	-113.0	113	18920
113	-110.0	110	19030	113	-110.0	110	19030	113	-110.0	110	19030	113	-110.0	110	19030	113	-110.0	110	19030
114	-154.0	154	19184	114	-154.0	154	19184	114	-154.0	154	19184	114	-154.0	154	19184	114	-154.0	154	19184
115	-145.0	145	19329	115	-145.0	145	19329	115	-145.0	145	19329	115	-145.0	145	19329	115	-145.0	145	19329
116	-132.0	132	19461	116	-132.0	132	19461	116	-132.0	132	19461	116	-132.0	132	19461	116	-132.0	132	19461
117	-148.0	148	19609	117	-148.0	148	19609	117	-148.0	148	19609	117	-148.0	148	19609	117	-148.0	148	19609
118	-109.0	109	19718	118	-109.0	109	19718	118	-109.0	109	19718	118	-109.0	109	19718	118	-109.0	109	19718
119	-133.0	133	19851	119	-133.0	133	19851	119	-133.0	133	19851	119	-133.0	133	19851	119	-133.0	133	19851
120	-108.0	108	19959	120	-108.0	108	19959	120	-108.0	108	19959	120	-108.0	108	19959	120	-108.0	108	19959
121	-150.0	150	20109	121	-150.0	150	20109	121	-150.0	150	20109	121	-150.0	150	20109	121	-150.0	150	20109
122	-136.0	136	20245	122	-136.0	136	20245	122	-136.0	136	20245	122	-136.0	136	20245	122	-136.0	136	20245
123	-139.0	139	20384	123	-139.0	139	20384	123	-139.0	139	20384	123	-139.0	139	20384	123	-139.0	139	20384
124	-170.0	170	20554	124	-170.0	170	20554	124	-170.0	170	20554	124	-170.0	170	20554	124	-170.0	170	20554
125	-134.0	134	20688	125	-134.0	134	20688	125	-134.0	134	20688	125	-134.0	134	20688	125	-134.0	134	20688
126	-133.0	133	20821	126	-133.0	133	20821	126	-133.0	133	20821	126	-133.0	133	20821	126	-133.0	133	20821
127	-200.0	200	21021	127	-200.0	200	21021	127	-200.0	200	21021	127	-200.0	200	21021	127	-200.0	200	21021
128	-139.0	139	21160	128	-139.0	139	21160	128	-139.0	139	21160	128	-139.0	139	21160	128	-139.0	139	21160
129	-175.0	175	21335	129	-175.0	175	21335	129	-175.0	175	21335	129	-175.0	175	21335	129	-175.0	175	21335
130	-140.0	140	21475	130	-140.0	140	21475	130	-140.0	140	21475	130	-140.0	140	21475	130	-140.0	140	21475
131	-164.0	164	21639	131	-164.0	164	21639	131	-164.0	164	21639	131	-164.0	164	21639	131	-164.0	164	21639
132	-162.0	162	21801	132	-162.0	162	21801	132	-162.0	162	21801	132	-162.0	162	21801	132	-162.0	162	21801
133	-165.0	165	21966	133	-165.0	165	21966	133	-165.0	165	21966	133	-165.0	165	21966	133	-165.0	165	21966
134	-194.0	194	22160	134	-194.0	194	22160	134	-194.0	194	22160	134	-194.0	194	22160	134	-194.0	194	22160
135	-197.0	197	22357	135	-197.0	197	22357	135	-197.0	197	22357	135	-197.0	197	22357	135	-197.0	197	22357
136	-143.0	143	22500	136	-143.0	143	22500	136	-143.0	143	22500	136	-143.0	143	22500	136	-143.0	143	22500
137	-144.0	144	22644	137	-144.0	144	22644	137	-144.0	144	22644	137	-144.0	144	22644	137	-144.0	144	22644
138	-118.0	118	22762	138	-118.0	118	22762	138	-118.0	118	22762	138	-118.0	118	22762	138	-118.0	118	22762
139	-113.0	113	22875	139	-113.0	113	22875	139	-113.0	113	22875	139	-113.0	113	22875	139	-113.0	113	22875
140	-142.0	142	23017	140	-142.0	142	23017	140	-142.0	142	23017	140	-142.0	142	23017	140	-142.0	142	23017
141	-141.0	141	23158	141	-141.0	141	23158	141	-141.0	141	23158	141	-141.0	141	23158	141	-141.0	141	23158
142	-132.0	132	23290	142	-132.0	132	23290	142	-132.0	132	23290	142	-132.0	132	23290	142	-132.0	132	23290
143	-140.0	140	23430	143	-140.0	140	23430	143	-140.0	140	23430	143	-140.0	140	23430	143	-140.0	140	23430
144	-136.0	136	23566	144	-136.0	136	23566	144	-136.0	136	23566	144	-136.0	136	23566	144	-136.0	136	23566
145	-135.0	135	23701	145	-135.0	135	23701	145	-135.0	135	23701	145	-135.0	135	23701	145	-135.0	135	23701
146	-106.0	106	23807	146	-106.0	106	23807	146	-106.0	106	23807	146	-106.0	106	23807	146	-106.0	106	23807
147	-143.0	143	23950	147	-143.0	143	23950	147	-143.0	143	23950	147	-143.0	143	23950	147	-143.0	143	23950
148	-110.0	110	24060	148	-110.0	110	24060	148	-110.0	110	24060	148	-110.0	110	24060	148	-110.0	110	24060
149	-122.0	122	24182	149	-122.0	122	24182	149	-122.0	122	24182	149	-122.0	122	24182	149	-122.0	122	24182
150	-110.0	110	24292	150	-110.0	110	24292	150	-110.0	110	24292	150	-110.0	110	24292	150	-110.0	110	24292
151	-124.0	124	24416	151	-124.0	124	24416	151	-124.0	124	24416	151	-124.0	124	24416	151	-124.0	124	24416
152	-110.0	110	24526	152	-110.0	110	24526	152	-110.0	110	24526	152	-110.0	110	24526	152	-110.0	110	24526
153	-110.0	110	24636	153	-110.0	110	24636	153	-110.0	110	24636	153	-110.0	110	24636	153	-110.0	110	24636
154	-154.0	154	24790	154	-154.0	154	24790	154	-154.0	154	24790	154	-154.0	154	24790	154	-154.0	154	24790
155	-115.0	115	24905	155	-115.0	115	24905	155	-115.0	115	24905	155	-115.0	115	24905	155	-115.0	115	24905
156	-88.0	88	24993	156	-88.0	88	24993	156	-88.0	88	24993	156	-88.0	88	24993	156	-88.0	88	24993
157	-163.0	163	25156	157	-163.0	163	25156	157	-163.0	163	25156	157	-163.0	163	25156	157	-163.0	163	25156
158	-147.0	147	25303	158	-147.0	147	25303	158	-147.0	147	25303	158	-147.0	147	25303	158	-147.0	147	25303
159	-108.0	108	25411	159	-108.0	108	25411	159	-108.0	108	25411	159	-108.0	108	25411	159	-108.0	108	25411
160	-138.0	138	25549	160	-138.0	138	25549	160	-138.0	138	25549	160	-138.0	138	25549	160	-138.0	138	25549
161	-139.0	139	25688	161	-139.0	139	25688	161	-139.0	139	25688	161	-139.0	139	25688	161	-139.0	139	25688
162	-111.0	111	25799	162	-111.0	111	25799	162	-111.0	111	25799	162	-111.0	111	25799	162	-111.0	111	25799
163	-136.0	136	25935	163	-136.0	136	25935	163	-136.0	136	25935	163	-136.0	136	25935	163	-136.0	136	25935
164	-105.0	105	26040	164	-105.0	105	26040	164	-105.0	105	26040	164	-105.0	105	26040	164	-105.0	105	26040
165	-104.0	104	26144	165	-104.0	104	26144	165	-104.0	104	26144	165	-104.0	104	26144	165	-104.0	104	26144
166	-135.0	135	26279	166	-135.0	135	26279	166	-135.0	135	26279	166	-135.0	135	26279	166	-135.0	135	26279
167	-134.0	134	26413	167	-134.0	134	26413	167	-134.0	134	26413	167	-134.0	134	26413	167	-134.0	134	26413
168	-105.0	105	26518	168	-105.0	105	26518	168	-105.0	105	26518	168	-105.0	105	26518	168	-105.0	105	26518
169	-147.0	147	26665	169	-147.0	147	26665	169	-147.0	147	26665	169	-147.0	147	26665	169	-147.0	147	26665
170	-135.0	135	26800	170	-135.0	135	26800	170	-135.0	135	26800	170	-135.0	135	26800	170	-135.0	135	26800
171	-106.0	106	26906	171	-106.0	106	26906	171	-106.0	106	26906	171	-106.0	106	26906	171	-106.0	106	26906
172	-145.0	145	27051	172	-145.0	145	27051	172	-145.0	145	27051	172	-145.0	145	27051	172	-145.0	145	27051
173	-115.0	115	27166	173	-115.0	115	27166	173	-115.0	115	27166	173	-115.0	115	27166	173	-115.0	115	27166
174	-131.0	131	27297	174	-131.0	131	27297	174	-131.0	131	27297	174	-131.0	131	27297	174	-131.0	131	27297
175	-133.0	133	27430	175	-133.0	133	27430	175	-133.0	133	27430	175	-133.0	133	27430	175	-133.0	133	27430
176	-138.0	138	27568	176	-138.0	138	27568	176	-138.0	138	27568	176	-138.0	138	27568	176	-138.0	138	27568
177	-119.0	119	27687	177	-119.0	119	27687	177	-119.0	119	27687	177	-119.0	119	27687	177	-119.0	119	27687
178	-137.0	137	27824	178	-137.0	137	27824	178	-137.0	137	27824	178	-137.0	137	27824	178	-137.0	137	27824
179	-175.0	175	27999	179	-175.0	175	27999	179	-175.0	175	27999	179	-175.0	175	27999	179	-175.0	175	27999
180	-137.0	137	28136	180	-137.0	137	28136	180	-137.0	137	28136	180	-137.0	137	28136	180	-137.0	137	28136
181	-134.0	134	28270	181	-134.0	134	28270	181	-134.0	134	28270	181	-134.0	134	28270	181	-134.0	134	28270
182	-117.0	117	28387	182	-117.0	117	28387	182	-117.0	117	28387	182	-117.0	117	28387	182	-117.0	117	28387
183	-134.0	134	28521	183	-134.0	134	28521	183	-134.0	134	28521	183	-134.0	134	28521	183	-134.0	134	28521
184	-134.0	134	28655	184	-134.0	134	28655	184	-134.0	134	28655	184	-134.0	134	28655	184	-134.0	134	28655
185	-133.0	133	28788	185	-133.0	133	28788	185	-133.0	133	28788	185	-133.0	133	28788	185	-133.0	133	28788
186	-109.0	109	28897	186	-109.0	109	28897	186	-109.0	109	28897	186	-109.0	109	28897	186	-109.0	109	28897
187	-132.0	132	29029	187	-132.0	132	29029	187	-132.0	132	29029	187	-132.0	132	29029	187	-132.0	132	29029
188	-132.0	132	29161	188	-132.0	132	29161	188	-132.0	132	29161	188	-132.0	132	29161	188	-132.0	132	29161
189	-108.0	108	29269	189	-108.0	108	29269	189	-108.0	108	29269	189	-108.0	108	29269	189	-108.0	108	29269
190	-106.0	106	29375	190	-106.0	106	29375	190	-106.0	106	29375	190	-106.0	106	29375	190	-106.0	106	29375
191	-135.0	135	29510	191	-135.0	135	29510	191	-135.0	135	29510	191	-135.0	135	29510	191	-135.0	135	29510
192	-133.0	133	29643	192	-133.0	133	29643	192	-133.0	133	29643	192	-133.0	133	29643	192	-133.0	133	29643
193	-133.0	133	29776	193	-133.0	133	29776	193	-133.0	133	29776	193	-133.0	133	29776	193	-133.0	133	29776
194	-152.0	152	29928	194	-152.0	152	29928	194	-152.0	152	29928	194	-152.0	152	29928	194	-152.0	152	29928
195	-106.0	106	30034	195	-106.0	106	30034	195	-106.0	106	30034	195	-106.0	106	30034	195	-106.0	106	30034
196	-134.0	134	30168	196	-134.0	134	30168	196	-134.0	134	30168	196	-134.0	134	30168	196	-134.0	134	30168
197	-117.0	117	30285	197	-117.0	117	30285	197	-117.0	117	30285	197	-117.0	117	30285	197	-117.0	117	30285
198	-118.0	118	30403	198	-118.0	118	30403	198	-118.0	118	30403	198	-118.0	118	30403	198	-118.0	118	30403
199	-198.0	198	30601	199	-198.0	198	30601	199	-198.0	198	30601	199	-198.0	198	30601	199	-198.0	198	30601
200	-182.0	182	30783	200	-182.0	182	30783	200	-182.0	182	30783	200	-182.0	182	30783	200	-182.0	182	30783
201	-140.0	140	30923	201	-140.0	140	30923	201	-140.0	140	30923	201	-140.0	140	30923	201	-140.0	140	30923
202	-116.0	116	31039	202	-116.0	116	31039	202	-116.0	116	31039	202	-116.0	116	31039	202	-116.0	116	31039
203	-175.0	175	31214	203	-175.0	175	31214	203	-175.0	175	31214	203	-175.0	175	31214	203	-175.0	175	31214
204	-135.0	135	31349	204	-135.0	135	31349	204	-135.0	135	31349	204	-135.0	135	31349	204	-135.0	135	31349
205	-119.0	119	31468	205	-119.0	119	31468	205	-119.0	119	31468	205	-119.0	119	31468	205	-119.0	119	31468
206	-134.0	134	31602	206	-134.0	134	31602	206	-134.0	134	31602	206	-134.0	134	31602	206	-134.0	134	31602
207	-109.0	109	31711	207	-109.0	109	31711	207	-109.0	109	31711	207	-109.0	109	31711	207	-109.0	109	31711
208	-148.0	148	31859	208	-148.0	148	31859	208	-148.0	148	31859	208	-148.0	148	31859	208	-148.0	148	31859
209	-138.0	138	31997	209	-138.0	138	31997	209	-138.0	138	31997	209	-138.0	138	31997	209	-138.0	138	31997
210	-106.0	106	32103	210	-106.0	106	32103	210	-106.0	106	32103	210	-106.0	106	32103	210	-106.0	106	32103
211	-107.0	107	32210	211	-107.0	107	32210	211	-107.0	107	32210	211	-107.0	107	32210	211	-107.0	107	32210
212	-107.0	107	32317	212	-107.0	107	32317	212	-107.0	107	32317	212	-107.0	107	32317	212	-107.0	107	32317
213	-135.0	135	32452	213	-135.0	135	32452	213	-135.0	135	32452	213	-135.0	135	32452	213	-135.0	135	32452
214	-109.0	109	32561	214	-109.0	109	32561	214	-109.0	109	32561	214	-109.0	109	32561	214	-109.0	109	32561
215	-133.0	133	32694	215	-133.0	133	32694	215	-133.0	133	32694	215	-133.0	133	32694	215	-133.0	133	32694
216	-132.0	132	32826	216	-132.0	132	32826	216	-132.0	132	32826	216	-132.0	132	32826	216	-132.0	132	32826
217	-128.0	128	32954	217	-128.0	128	32954	217	-128.0	128	32954	217	-128.0	128	32954	217	-128.0	128	32954
218	-162.0	162	33116	218	-162.0	162	33116	218	-162.0	162	33116	218	-162.0	162	33116	218	-162.0	162	33116
219	-135.0	135	33251	219	-135.0	135	33251	219	-135.0	135	33251	219	-135.0	135	33251	219	-135.0	135	33251
220	-140.0	140	33391	220	-140.0	140	33391	220	-140.0	140	33391	220	-140.0	140	33391	220	-140.0	140	33391
221	-133.0	133	33524	221	-133.0	133	33524	221	-133.0	133	33524	221	-133.0	133	33524	221	-133.0	133	33524
222	-109.0	109	33633	222	-109.0	109	33633	222	-109.0	109	33633	222	-109.0	109	33633	222	-109.0	109	33633
223	-134.0	134	33767	223	-134.0	134	33767	223	-134.0	134	33767	223	-134.0	134	33767	223	-134.0	134	33767
224	-111.0	111	33878	224	-111.0	111	33878	224	-111.0	111	33878	224	-111.0	111	33878	224	-111.0	111	33878
225	-155.0	155	34033	225	-155.0	155	34033	225	-155.0	155	34033	225	-155.0	155	34033	225	-155.0	155	34033
226	-111.0	111	34144	226	-111.0	111	34144	226	-111.0	111	34144	226	-111.0	111	34144	226	-111.0	111	34144
227	-107.0	107	34251	227	-107.0	107	34251	227	-107.0	107	34251	227	-107.0	107	34251	227	-107.0	107	34251
228	-106.0	106	34357	228	-106.0	106	34357	228	-106.0	106	34357	228	-106.0	106	34357	228	-106.0	106	34357
229	-134.0	134	34491	229	-134.0	134	34491	229	-134.0	134	34491	229	-134.0	134	34491	229	-134.0	134	34491
230	-141.0	141	34632	230	-141.0	141	34632	230	-141.0	141	34632	230	-141.0	141	34632	230	-141.0	141	34632
231	-132.0	132	34764	231	-132.0	132	34764	231	-132.0	132	34764	231	-132.0	132	34764	231	-132.0	132	34764
232	-142.0	142	34906	232	-142.0	142	34906	232	-142.0	142	34906	232	-142.0	142	34906	232	-142.0	142	34906
233	-107.0	107	35013	233	-107.0	107	35013	233	-107.0	107	35013	233	-107.0	107	35013	233	-107.0	107	35013
234	-135.0	135	35148	234	-135.0	135	35148	234	-135.0	135	35148	234	-135.0	135	35148	234	-135.0	135	35148
235	-105.0	105	35253	235	-105.0	105	35253	235	-105.0	105	35253	235	-105.0	105	35253	235	-105.0	105	35253
236	-132.0	132	35385	236	-132.0	132	35385	236	-132.0	132	35385	236	-132.0	132	35385	236	-132.0	132	35385
237	-105.0	105	35490	237	-105.0	105	35490	237	-105.0	105	35490	237	-105.0	105	35490	237	-105.0	105	35490
238	-106.0	106	35596	238	-106.0	106	35596	238	-106.0	106	35596	238	-106.0	106	35596	238	-106.0	106	35596
239	-106.0	106	35702	239	-106.0	106	35702	239	-106.0	106	35702	239	-106.0	106	35702	239	-106.0	106	35702
240	-105.0	105	35807	240	-105.0	105	35807	240	-105.0	105	35807	240	-105.0	105	35807	240	-105.0	105	35807
241	-105.0	105	35912	241	-105.0	105	35912	241	-105.0	105	35912	241	-105.0	105	35912	241	-105.0	105	35912
242	-100.0	100	36012	242	-100.0	100	36012	242	-100.0	100	36012	242	-100.0	100	36012	242	-100.0	100	36012
243	-109.0	109	36121	243	-109.0	109	36121	243	-109.0	109	36121	243	-109.0	109	36121	243	-109.0	109	36121
244	-166.0	166	36287	244	-166.0	166	36287	244	-166.0	166	36287	244	-166.0	166	36287	244	-166.0	166	36287
245	-149.0	149	36436	245	-149.0	149	36436	245	-149.0	149	36436	245	-149.0	149	36436	245	-149.0	149	36436
246	-136.0	136	36572	246	-136.0	136	36572	246	-136.0	136	36572	246	-136.0	136	36572	246	-136.0	136	36572
247	-97.0	97	36669	247	-97.0	97	36669	247	-97.0	97	36669	247	-97.0	97	36669	247	-97.0	97	36669
248	-133.0	133	36802	248	-133.0	133	36802	248	-133.0	133	36802	248	-133.0	133	36802	248	-133.0	133	36802
249	-104.0	104	36906	249	-104.0	104	36906	249	-104.0	104	36906	249	-104.0	104	36906	249	-104.0	104	36906
250	-109.0	109	37015	250	-109.0	109	37015	250	-109.0	109	37015	250	-109.0	109	37015	250	-109.0	109	37015
251	-134.0	134	37149	251	-134.0	134	37149	251	-134.0	134	37149	251	-134.0	134	37149	251	-134.0	134	37149
252	-145.0	145	37294	252	-145.0	145	37294	252	-145.0	145	37294	252	-145.0	145	37294	252	-145.0	145	37294
253	-142.0	142	37436	253	-142.0	142	37436	253	-142.0	142	37436	253	-142.0	142	37436	253	-142.0	142	37436
254	-186.0	186	37622	254	-186.0	186	37622	254	-186.0	186	37622	254	-186.0	186	37622	254	-186.0	186	37622
255	-135.0	135	37757	255	-135.0	135	37757	255	-135.0	135	37757	255	-135.0	135	37757	255	-135.0	135	37757
256	-135.0	135	37892	256	-135.0	135	37892	256	-135.0	135	37892	256	-135.0	135	37892	256	-135.0	135	37892
257	-135.0	135	38027	257	-135.0	135	38027	257	-135.0	135	38027	257	-135.0	135	38027	257	-135.0	135	38027
258	-138.0	138	38165	258	-138.0	138	38165	258	-138.0	138	38165	258	-138.0	138	38165	258	-138.0	138	38165
259	-164.0	164	38329	259	-164.0	164	38329	259	-164.0	164	38329	259	-164.0	164	38329	259	-164.0	164	38329
260	-139.0	139	38468	260	-139.0	139	38468	260	-139.0	139	38468	260	-139.0	139	38468	260	-139.0	139	38468
261	-135.0	135	38603	261	-135.0	135	38603	261	-135.0	135	38603	261	-135.0	135	38603	261	-135.0	135	38603
262	-104.0	104	38707	262	-104.0	104	38707	262	-104.0	104	38707	262	-104.0	104	38707	262	-104.0	104	38707
263	-130.0	130	38837	263	-130.0	130	38837	263	-130.0	130	38837	263	-130.0	130	38837	263	-130.0	130	38837
264	-108.0	108	38945	264	-108.0	108	38945	264	-108.0	108	38945	264	-108.0	108	38945	264	-108.0	108	38945
265	-140.0	140	39085	265	-140.0	140	39085	265	-140.0	140	39085	265	-140.0	140	39085	265	-140.0	140	39085
266	-171.0	171	39256	266	-171.0	171	39256	266	-171.0	171	39256	266	-171.0	171	39256	266	-171.0	171	39256
267	-132.0	132	39388	267	-132.0	132	39388	267	-132.0	132	39388	267	-132.0	132	39388	267	-132.0	132	39388
268	-133.0	133	39521	268	-133.0	133	39521	268	-133.0	133	39521	268	-133.0	133	39521	268	-133.0	133	39521
269	-134.0	134	39655	269	-134.0	134	39655	269	-134.0	134	39655	269	-134.0	134	39655	269	-134.0	134	39655
270	-152.0	152	39807	270	-152.0	152	39807	270	-152.0	152	39807	270	-152.0	152	39807	270	-152.0	152	39807
271	-133.0	133	39940	271	-133.0	133	39940	271	-133.0	133	39940	271	-133.0	133	39940	271	-133.0	133	39940
272	-106.0	106	40046	272	-106.0	106	40046	272	-106.0	106	40046	272	-106.0	106	40046	272	-106.0	106	40046
273	-106.0	106	40152	273	-106.0	106	40152	273	-106.0	106	40152	273	-106.0	106	40152	273	-106.0	106	40152
274	-155.0	155	40307	274	-155.0	155	40307	274	-155.0	155	40307	274	-155.0	155	40307	274	-155.0	155	40307
275	-104.0	104	40411	275	-104.0	104	40411	275	-104.0	104	40411	275	-104.0	104	40411	275	-104.0	104	40411
276	-105.0	105	40516	276	-105.0	105	40516	276	-105.0	105	40516	276	-105.0	105	40516	276	-105.0	105	40516
277	-107.0	107	40623	277	-107.0	107	40623	277	-107.0	107	40623	277	-107.0	107	40623	277	-107.0	107	40623
278	-135.0	135	40758	278	-135.0	135	40758	278	-135.0	135	40758	278	-135.0	135	40758	278	-135.0	135	40758
279	-150.0	150	40908	279	-150.0	150	40908	279	-150.0	150	40908	279	-150.0	150	40908	279	-150.0	150	40908
280	-111.0	111	41019	280	-111.0	111	41019	280	-111.0	111	41019	280	-111.0	111	41019	280	-111.0	111	41019
281	-132.0	132	41151	281	-132.0	132	41151	281	-132.0	132	41151	281	-132.0	132	41151	281	-132.0	132	41151
282	-132.0	132	41283	282	-132.0	132	41283	282	-132.0	132	41283	282	-132.0	132	41283	282	-132.0	132	41283
283	-127.0	127	41410	283	-127.0	127	41410	283	-127.0	127	41410	283	-127.0	127	41410	283	-127.0	127	41410
284	-106.0	106	41516	284	-106.0	106	41516	284	-106.0	106	41516	284	-106.0	106	41516	284	-106.0	106	41516
285	-110.0	110	41626	285	-110.0	110	41626	285	-110.0	110	41626	285	-110.0	110	41626	285	-110.0	110	41626
286	-106.0	106	41732	286	-106.0	106	41732	286	-106.0	106	41732	286	-106.0	106	41732	286	-106.0	106	41732
287	-164.0	164	41896	287	-164.0	164	41896	287	-164.0	164	41896	287	-164.0	164	41896	287	-164.0	164	41896
288	-147.0	147	42043	288	-147.0	147	42043	288	-147.0	147	42043	288	-147.0	147	42043	288	-147.0	147	42043
289	-133.0	133	42176	289	-133.0	133	42176	289	-133.0	133	42176	289	-133.0	133	42176	289	-133.0	133	42176
290	-108.0	108	42284	290	-108.0	108	42284	290	-108.0	108	42284	290	-108.0	108	42284	290	-108.0	108	42284
291	-106.0	106	42390	291	-106.0	106	42390	291	-106.0	106	42390	291	-106.0	106	42390	291	-106.0	106	42390
292	-134.0	134	42524	292	-134.0	134	42524	292	-134.0	134	42524	292	-134.0	134	42524	292	-134.0	134	42524
293	-106.0	106	42630	293	-106.0	106	42630	293	-106.0	106	42630	293	-106.0	106	42630	293	-106.0	106	42630
294	-106.0	106	42736	294	-106.0	106	42736	294	-106.0	106	42736	294	-106.0	106	42736	294	-106.0	106	42736
295	-168.0	168	42904	295	-168.0	168	42904	295	-168.0	168	42904	295	-168.0	168	42904	295	-168.0	168	42904
296	-168.0	168	43072	296	-168.0	168	43072	296	-168.0	168	43072	296	-168.0	168	43072	296	-168.0	168	43072
297	-135.0	135	43207	297	-135.0	135	43207	297	-135.0	135	43207	297	-135.0	135	43207	297	-135.0	135	43207
298	-107.0	107	43314	298	-107.0	107	43314	298	-107.0	107	43314	298	-107.0	107	43314	298	-107.0	107	43314
299	-135.0	135	43449	299	-135.0	135	43449	299	-135.0	135	43449	299	-135.0	135	43449	299	-135.0	135	43449
