Episode	Accumulated Reward	Length	Steps	Episode	Accumulated Reward	Length	Steps	Episode	Accumulated Reward	Length	Steps	Episode	Accumulated Reward	Length	Steps
0	-21	21	21	0	-21	21	21	0	-21	21	21	0	-21	21	21
1	-17	17	38	1	-17	17	38	1	-17	17	38	1	-17	17	38
2	-15	15	53	2	-15	15	53	2	-15	15	53	2	-15	15	53
3	-17	17	70	3	-17	17	70	3	-17	17	70	3	-17	17	70
4	-15	15	85	4	-15	15	85	4	-15	15	85	4	-15	15	85
5	-15	15	100	5	-15	15	100	5	-15	15	100	5	-15	15	100
6	-17	17	117	6	-17	17	117	6	-17	17	117	6	-17	17	117
7	-17	17	134	7	-17	17	134	7	-17	17	134	7	-17	17	134
8	-17	17	151	8	-17	17	151	8	-17	17	151	8	-17	17	151
9	-15	15	166	9	-15	15	166	9	-15	15	166	9	-15	15	166
10	-20	20	186	10	-20	20	186	10	-20	20	186	10	-20	20	186
11	-19	19	205	11	-19	19	205	11	-19	19	205	11	-19	19	205
12	-16	16	221	12	-16	16	221	12	-16	16	221	12	-16	16	221
13	-19	19	240	13	-19	19	240	13	-19	19	240	13	-19	19	240
14	-15	15	255	14	-15	15	255	14	-15	15	255	14	-15	15	255
15	-17	17	272	15	-17	17	272	15	-17	17	272	15	-17	17	272
16	-19	19	291	16	-19	19	291	16	-19	19	291	16	-19	19	291
17	-15	15	306	17	-15	15	306	17	-15	15	306	17	-15	15	306
18	-19	19	325	18	-19	19	325	18	-19	19	325	18	-19	19	325
19	-19	19	344	19	-19	19	344	19	-19	19	344	19	-19	19	344
20	-18	18	362	20	-18	18	362	20	-18	18	362	20	-18	18	362
21	-15	15	377	21	-15	15	377	21	-15	15	377	21	-15	15	377
22	-17	17	394	22	-17	17	394	22	-17	17	394	22	-17	17	394
23	-15	15	409	23	-15	15	409	23	-15	15	409	23	-15	15	409
24	-19	19	428	24	-19	19	428	24	-19	19	428	24	-19	19	428
25	-15	15	443	25	-15	15	443	25	-15	15	443	25	-15	15	443
26	-16	16	459	26	-16	16	459	26	-16	16	459	26	-16	16	459
27	-23	23	482	27	-23	23	482	27	-23	23	482	27	-23	23	482
28	-19	19	501	28	-19	19	501	28	-19	19	501	28	-19	19	501
29	-15	15	516	29	-15	15	516	29	-15	15	516	29	-15	15	516
30	-21	21	537	30	-21	21	537	30	-21	21	537	30	-21	21	537
31	-17	17	554	31	-17	17	554	31	-17	17	554	31	-17	17	554
32	-17	17	571	32	-17	17	571	32	-17	17	571	32	-17	17	571
33	-15	15	586	33	-15	15	586	33	-15	15	586	33	-15	15	586
34	-20	20	606	34	-20	20	606	34	-20	20	606	34	-20	20	606
35	-17	17	623	35	-17	17	623	35	-17	17	623	35	-17	17	623
36	-15	15	638	36	-15	15	638	36	-15	15	638	36	-15	15	638
37	-15	15	653	37	-15	15	653	37	-15	15	653	37	-15	15	653
38	-15	15	668	38	-15	15	668	38	-15	15	668	38	-15	15	668
39	-15	15	683	39	-15	15	683	39	-15	15	683	39	-15	15	683
40	-19	19	702	40	-19	19	702	40	-19	19	702	40	-19	19	702
41	-19	19	721	41	-19	19	721	41	-19	19	721	41	-19	19	721
42	-120	21	742	42	-120	21	742	42	-120	21	742	42	-120	21	742
43	-17	17	759	43	-17	17	759	43	-17	17	759	43	-17	17	759
44	-19	19	778	44	-19	19	778	44	-19	19	778	44	-19	19	778
45	-17	17	795	45	-17	17	795	45	-17	17	795	45	-17	17	795
46	-21	21	816	46	-21	21	816	46	-21	21	816	46	-21	21	816
47	-15	15	831	47	-15	15	831	47	-15	15	831	47	-15	15	831
48	-15	15	846	48	-15	15	846	48	-15	15	846	48	-15	15	846
49	-15	15	861	49	-15	15	861	49	-15	15	861	49	-15	15	861
50	-19	19	880	50	-19	19	880	50	-19	19	880	50	-19	19	880
51	-17	17	897	51	-17	17	897	51	-17	17	897	51	-17	17	897
52	-19	19	916	52	-19	19	916	52	-19	19	916	52	-19	19	916
53	-17	17	933	53	-17	17	933	53	-17	17	933	53	-17	17	933
54	-15	15	948	54	-15	15	948	54	-15	15	948	54	-15	15	948
55	-15	15	963	55	-15	15	963	55	-15	15	963	55	-15	15	963
56	-21	21	984	56	-21	21	984	56	-21	21	984	56	-21	21	984
57	-17	17	1001	57	-17	17	1001	57	-17	17	1001	57	-17	17	1001
58	-20	20	1021	58	-20	20	1021	58	-20	20	1021	58	-20	20	1021
59	-21	21	1042	59	-21	21	1042	59	-21	21	1042	59	-21	21	1042
60	-15	15	1057	60	-15	15	1057	60	-15	15	1057	60	-15	15	1057
61	-17	17	1074	61	-17	17	1074	61	-17	17	1074	61	-17	17	1074
62	-19	19	1093	62	-19	19	1093	62	-19	19	1093	62	-19	19	1093
63	-15	15	1108	63	-15	15	1108	63	-15	15	1108	63	-15	15	1108
64	-17	17	1125	64	-17	17	1125	64	-17	17	1125	64	-17	17	1125
65	-21	21	1146	65	-21	21	1146	65	-21	21	1146	65	-21	21	1146
66	-20	20	1166	66	-20	20	1166	66	-20	20	1166	66	-20	20	1166
67	-15	15	1181	67	-15	15	1181	67	-15	15	1181	67	-15	15	1181
68	-17	17	1198	68	-17	17	1198	68	-17	17	1198	68	-17	17	1198
69	-15	15	1213	69	-15	15	1213	69	-15	15	1213	69	-15	15	1213
70	-19	19	1232	70	-19	19	1232	70	-19	19	1232	70	-19	19	1232
71	-20	20	1252	71	-20	20	1252	71	-20	20	1252	71	-20	20	1252
72	-15	15	1267	72	-15	15	1267	72	-15	15	1267	72	-15	15	1267
73	-18	18	1285	73	-18	18	1285	73	-18	18	1285	73	-18	18	1285
74	-16	16	1301	74	-16	16	1301	74	-16	16	1301	74	-16	16	1301
75	-15	15	1316	75	-15	15	1316	75	-15	15	1316	75	-15	15	1316
76	-17	17	1333	76	-17	17	1333	76	-17	17	1333	76	-17	17	1333
77	-18	18	1351	77	-18	18	1351	77	-18	18	1351	77	-18	18	1351
78	-23	23	1374	78	-23	23	1374	78	-23	23	1374	78	-23	23	1374
79	-18	18	1392	79	-18	18	1392	79	-18	18	1392	79	-18	18	1392
80	-15	15	1407	80	-15	15	1407	80	-15	15	1407	80	-15	15	1407
81	-15	15	1422	81	-15	15	1422	81	-15	15	1422	81	-15	15	1422
82	-20	20	1442	82	-20	20	1442	82	-20	20	1442	82	-20	20	1442
83	-21	21	1463	83	-21	21	1463	83	-21	21	1463	83	-21	21	1463
84	-16	16	1479	84	-16	16	1479	84	-16	16	1479	84	-16	16	1479
85	-19	19	1498	85	-19	19	1498	85	-19	19	1498	85	-19	19	1498
86	-17	17	1515	86	-17	17	1515	86	-17	17	1515	86	-17	17	1515
87	-16	16	1531	87	-16	16	1531	87	-16	16	1531	87	-16	16	1531
88	-17	17	1548	88	-17	17	1548	88	-17	17	1548	88	-17	17	1548
89	-17	17	1565	89	-17	17	1565	89	-17	17	1565	89	-17	17	1565
90	-18	18	1583	90	-18	18	1583	90	-18	18	1583	90	-18	18	1583
91	-19	19	1602	91	-19	19	1602	91	-19	19	1602	91	-19	19	1602
92	-17	17	1619	92	-17	17	1619	92	-17	17	1619	92	-17	17	1619
93	-18	18	1637	93	-18	18	1637	93	-18	18	1637	93	-18	18	1637
94	-17	17	1654	94	-17	17	1654	94	-17	17	1654	94	-17	17	1654
95	-17	17	1671	95	-17	17	1671	95	-17	17	1671	95	-17	17	1671
96	-17	17	1688	96	-17	17	1688	96	-17	17	1688	96	-17	17	1688
97	-17	17	1705	97	-17	17	1705	97	-17	17	1705	97	-17	17	1705
98	-16	16	1721	98	-16	16	1721	98	-16	16	1721	98	-16	16	1721
99	-15	15	1736	99	-15	15	1736	99	-15	15	1736	99	-15	15	1736
100	-22	22	1758	100	-22	22	1758	100	-22	22	1758	100	-22	22	1758
101	-17	17	1775	101	-17	17	1775	101	-17	17	1775	101	-17	17	1775
102	-117	18	1793	102	-117	18	1793	102	-117	18	1793	102	-117	18	1793
103	-27	27	1820	103	-27	27	1820	103	-27	27	1820	103	-27	27	1820
104	-25	25	1845	104	-25	25	1845	104	-25	25	1845	104	-25	25	1845
105	-21	21	1866	105	-21	21	1866	105	-21	21	1866	105	-21	21	1866
106	-17	17	1883	106	-17	17	1883	106	-17	17	1883	106	-17	17	1883
107	-17	17	1900	107	-17	17	1900	107	-17	17	1900	107	-17	17	1900
108	-21	21	1921	108	-21	21	1921	108	-21	21	1921	108	-21	21	1921
109	-19	19	1940	109	-19	19	1940	109	-19	19	1940	109	-19	19	1940
110	-18	18	1958	110	-18	18	1958	110	-18	18	1958	110	-18	18	1958
111	-15	15	1973	111	-15	15	1973	111	-15	15	1973	111	-15	15	1973
112	-17	17	1990	112	-17	17	1990	112	-17	17	1990	112	-17	17	1990
113	-18	18	2008	113	-18	18	2008	113	-18	18	2008	113	-18	18	2008
114	-15	15	2023	114	-15	15	2023	114	-15	15	2023	114	-15	15	2023
115	-17	17	2040	115	-17	17	2040	115	-17	17	2040	115	-17	17	2040
116	-19	19	2059	116	-19	19	2059	116	-19	19	2059	116	-19	19	2059
117	-19	19	2078	117	-19	19	2078	117	-19	19	2078	117	-19	19	2078
118	-20	20	2098	118	-20	20	2098	118	-20	20	2098	118	-20	20	2098
119	-17	17	2115	119	-17	17	2115	119	-17	17	2115	119	-17	17	2115
120	-17	17	2132	120	-17	17	2132	120	-17	17	2132	120	-17	17	2132
121	-15	15	2147	121	-15	15	2147	121	-15	15	2147	121	-15	15	2147
122	-19	19	2166	122	-19	19	2166	122	-19	19	2166	122	-19	19	2166
123	-18	18	2184	123	-18	18	2184	123	-18	18	2184	123	-18	18	2184
124	-17	17	2201	124	-17	17	2201	124	-17	17	2201	124	-17	17	2201
125	-16	16	2217	125	-16	16	2217	125	-16	16	2217	125	-16	16	2217
126	-23	23	2240	126	-23	23	2240	126	-23	23	2240	126	-23	23	2240
127	-15	15	2255	127	-15	15	2255	127	-15	15	2255	127	-15	15	2255
128	-19	19	2274	128	-19	19	2274	128	-19	19	2274	128	-19	19	2274
129	-23	23	2297	129	-23	23	2297	129	-23	23	2297	129	-23	23	2297
130	-15	15	2312	130	-15	15	2312	130	-15	15	2312	130	-15	15	2312
131	-15	15	2327	131	-15	15	2327	131	-15	15	2327	131	-15	15	2327
132	-15	15	2342	132	-15	15	2342	132	-15	15	2342	132	-15	15	2342
133	-17	17	2359	133	-17	17	2359	133	-17	17	2359	133	-17	17	2359
134	-15	15	2374	134	-15	15	2374	134	-15	15	2374	134	-15	15	2374
135	-15	15	2389	135	-15	15	2389	135	-15	15	2389	135	-15	15	2389
136	-16	16	2405	136	-16	16	2405	136	-16	16	2405	136	-16	16	2405
137	-22	22	2427	137	-22	22	2427	137	-22	22	2427	137	-22	22	2427
138	-16	16	2443	138	-16	16	2443	138	-16	16	2443	138	-16	16	2443
139	-24	24	2467	139	-24	24	2467	139	-24	24	2467	139	-24	24	2467
140	-17	17	2484	140	-17	17	2484	140	-17	17	2484	140	-17	17	2484
141	-115	16	2500	141	-115	16	2500	141	-115	16	2500	141	-115	16	2500
142	-19	19	2519	142	-19	19	2519	142	-19	19	2519	142	-19	19	2519
143	-15	15	2534	143	-15	15	2534	143	-15	15	2534	143	-15	15	2534
144	-15	15	2549	144	-15	15	2549	144	-15	15	2549	144	-15	15	2549
145	-19	19	2568	145	-19	19	2568	145	-19	19	2568	145	-19	19	2568
146	-19	19	2587	146	-19	19	2587	146	-19	19	2587	146	-19	19	2587
147	-17	17	2604	147	-17	17	2604	147	-17	17	2604	147	-17	17	2604
148	-16	16	2620	148	-16	16	2620	148	-16	16	2620	148	-16	16	2620
149	-15	15	2635	149	-15	15	2635	149	-15	15	2635	149	-15	15	2635
150	-21	21	2656	150	-21	21	2656	150	-21	21	2656	150	-21	21	2656
151	-16	16	2672	151	-16	16	2672	151	-16	16	2672	151	-16	16	2672
152	-17	17	2689	152	-17	17	2689	152	-17	17	2689	152	-17	17	2689
153	-15	15	2704	153	-15	15	2704	153	-15	15	2704	153	-15	15	2704
154	-19	19	2723	154	-19	19	2723	154	-19	19	2723	154	-19	19	2723
155	-17	17	2740	155	-17	17	2740	155	-17	17	2740	155	-17	17	2740
156	-19	19	2759	156	-19	19	2759	156	-19	19	2759	156	-19	19	2759
157	-17	17	2776	157	-17	17	2776	157	-17	17	2776	157	-17	17	2776
158	-15	15	2791	158	-15	15	2791	158	-15	15	2791	158	-15	15	2791
159	-18	18	2809	159	-18	18	2809	159	-18	18	2809	159	-18	18	2809
160	-15	15	2824	160	-15	15	2824	160	-15	15	2824	160	-15	15	2824
161	-17	17	2841	161	-17	17	2841	161	-17	17	2841	161	-17	17	2841
162	-23	23	2864	162	-23	23	2864	162	-23	23	2864	162	-23	23	2864
163	-15	15	2879	163	-15	15	2879	163	-15	15	2879	163	-15	15	2879
164	-20	20	2899	164	-20	20	2899	164	-20	20	2899	164	-20	20	2899
165	-17	17	2916	165	-17	17	2916	165	-17	17	2916	165	-17	17	2916
166	-22	22	2938	166	-22	22	2938	166	-22	22	2938	166	-22	22	2938
167	-15	15	2953	167	-15	15	2953	167	-15	15	2953	167	-15	15	2953
168	-17	17	2970	168	-17	17	2970	168	-17	17	2970	168	-17	17	2970
169	-17	17	2987	169	-17	17	2987	169	-17	17	2987	169	-17	17	2987
170	-15	15	3002	170	-15	15	3002	170	-15	15	3002	170	-15	15	3002
171	-15	15	3017	171	-15	15	3017	171	-15	15	3017	171	-15	15	3017
172	-17	17	3034	172	-17	17	3034	172	-17	17	3034	172	-17	17	3034
173	-15	15	3049	173	-15	15	3049	173	-15	15	3049	173	-15	15	3049
174	-20	20	3069	174	-20	20	3069	174	-20	20	3069	174	-20	20	3069
175	-17	17	3086	175	-17	17	3086	175	-17	17	3086	175	-17	17	3086
176	-115	16	3102	176	-115	16	3102	176	-115	16	3102	176	-115	16	3102
177	-15	15	3117	177	-15	15	3117	177	-15	15	3117	177	-15	15	3117
178	-15	15	3132	178	-15	15	3132	178	-15	15	3132	178	-15	15	3132
179	-15	15	3147	179	-15	15	3147	179	-15	15	3147	179	-15	15	3147
180	-15	15	3162	180	-15	15	3162	180	-15	15	3162	180	-15	15	3162
181	-20	20	3182	181	-20	20	3182	181	-20	20	3182	181	-20	20	3182
182	-17	17	3199	182	-17	17	3199	182	-17	17	3199	182	-17	17	3199
183	-17	17	3216	183	-17	17	3216	183	-17	17	3216	183	-17	17	3216
184	-15	15	3231	184	-15	15	3231	184	-15	15	3231	184	-15	15	3231
185	-21	21	3252	185	-21	21	3252	185	-21	21	3252	185	-21	21	3252
186	-18	18	3270	186	-18	18	3270	186	-18	18	3270	186	-18	18	3270
187	-19	19	3289	187	-19	19	3289	187	-19	19	3289	187	-19	19	3289
188	-20	20	3309	188	-20	20	3309	188	-20	20	3309	188	-20	20	3309
189	-15	15	3324	189	-15	15	3324	189	-15	15	3324	189	-15	15	3324
190	-121	22	3346	190	-121	22	3346	190	-121	22	3346	190	-121	22	3346
191	-15	15	3361	191	-15	15	3361	191	-15	15	3361	191	-15	15	3361
192	-17	17	3378	192	-17	17	3378	192	-17	17	3378	192	-17	17	3378
193	-25	25	3403	193	-25	25	3403	193	-25	25	3403	193	-25	25	3403
194	-15	15	3418	194	-15	15	3418	194	-15	15	3418	194	-15	15	3418
195	-17	17	3435	195	-17	17	3435	195	-17	17	3435	195	-17	17	3435
196	-17	17	3452	196	-17	17	3452	196	-17	17	3452	196	-17	17	3452
197	-17	17	3469	197	-17	17	3469	197	-17	17	3469	197	-17	17	3469
198	-15	15	3484	198	-15	15	3484	198	-15	15	3484	198	-15	15	3484
199	-18	18	3502	199	-18	18	3502	199	-18	18	3502	199	-18	18	3502
