Episode	Accumulated Reward	Length	Steps	Episode	Accumulated Reward	Length	Steps	Episode	Accumulated Reward	Length	Steps
0	-16	16	16	0	-16	16	16	0	-16	16	16
1	-19	19	35	1	-19	19	35	1	-19	19	35
2	-16	16	51	2	-16	16	51	2	-16	16	51
3	-121	22	73	3	-121	22	73	3	-121	22	73
4	-19	19	92	4	-19	19	92	4	-19	19	92
5	-21	21	113	5	-21	21	113	5	-21	21	113
6	-17	17	130	6	-17	17	130	6	-17	17	130
7	-17	17	147	7	-17	17	147	7	-17	17	147
8	-15	15	162	8	-15	15	162	8	-15	15	162
9	-20	20	182	9	-20	20	182	9	-20	20	182
10	-125	26	208	10	-125	26	208	10	-125	26	208
11	-20	20	228	11	-20	20	228	11	-20	20	228
12	-24	24	252	12	-24	24	252	12	-24	24	252
13	-17	17	269	13	-17	17	269	13	-17	17	269
14	-15	15	284	14	-15	15	284	14	-15	15	284
15	-17	17	301	15	-17	17	301	15	-17	17	301
16	-15	15	316	16	-15	15	316	16	-15	15	316
17	-15	15	331	17	-15	15	331	17	-15	15	331
18	-20	20	351	18	-20	20	351	18	-20	20	351
19	-17	17	368	19	-17	17	368	19	-17	17	368
20	-20	20	388	20	-20	20	388	20	-20	20	388
21	-17	17	405	21	-17	17	405	21	-17	17	405
22	-17	17	422	22	-17	17	422	22	-17	17	422
23	-19	19	441	23	-19	19	441	23	-19	19	441
24	-15	15	456	24	-15	15	456	24	-15	15	456
25	-19	19	475	25	-19	19	475	25	-19	19	475
26	-21	21	496	26	-21	21	496	26	-21	21	496
27	-16	16	512	27	-16	16	512	27	-16	16	512
28	-18	18	530	28	-18	18	530	28	-18	18	530
29	-19	19	549	29	-19	19	549	29	-19	19	549
30	-15	15	564	30	-15	15	564	30	-15	15	564
31	-17	17	581	31	-17	17	581	31	-17	17	581
32	-17	17	598	32	-17	17	598	32	-17	17	598
33	-15	15	613	33	-15	15	613	33	-15	15	613
34	-17	17	630	34	-17	17	630	34	-17	17	630
35	-17	17	647	35	-17	17	647	35	-17	17	647
36	-15	15	662	36	-15	15	662	36	-15	15	662
37	-18	18	680	37	-18	18	680	37	-18	18	680
38	-15	15	695	38	-15	15	695	38	-15	15	695
39	-15	15	710	39	-15	15	710	39	-15	15	710
40	-17	17	727	40	-17	17	727	40	-17	17	727
41	-15	15	742	41	-15	15	742	41	-15	15	742
42	-17	17	759	42	-17	17	759	42	-17	17	759
43	-21	21	780	43	-21	21	780	43	-21	21	780
44	-17	17	797	44	-17	17	797	44	-17	17	797
45	-15	15	812	45	-15	15	812	45	-15	15	812
46	-19	19	831	46	-19	19	831	46	-19	19	831
47	-21	21	852	47	-21	21	852	47	-21	21	852
48	-17	17	869	48	-17	17	869	48	-17	17	869
49	-15	15	884	49	-15	15	884	49	-15	15	884
50	-20	20	904	50	-20	20	904	50	-20	20	904
51	-15	15	919	51	-15	15	919	51	-15	15	919
52	-21	21	940	52	-21	21	940	52	-21	21	940
53	-15	15	955	53	-15	15	955	53	-15	15	955
54	-16	16	971	54	-16	16	971	54	-16	16	971
55	-18	18	989	55	-18	18	989	55	-18	18	989
56	-17	17	1006	56	-17	17	1006	56	-17	17	1006
57	-15	15	1021	57	-15	15	1021	57	-15	15	1021
58	-134	35	1056	58	-134	35	1056	58	-134	35	1056
59	-21	21	1077	59	-21	21	1077	59	-21	21	1077
60	-17	17	1094	60	-17	17	1094	60	-17	17	1094
61	-15	15	1109	61	-15	15	1109	61	-15	15	1109
62	-16	16	1125	62	-16	16	1125	62	-16	16	1125
63	-20	20	1145	63	-20	20	1145	63	-20	20	1145
64	-16	16	1161	64	-16	16	1161	64	-16	16	1161
65	-17	17	1178	65	-17	17	1178	65	-17	17	1178
66	-17	17	1195	66	-17	17	1195	66	-17	17	1195
67	-15	15	1210	67	-15	15	1210	67	-15	15	1210
68	-19	19	1229	68	-19	19	1229	68	-19	19	1229
69	-17	17	1246	69	-17	17	1246	69	-17	17	1246
70	-15	15	1261	70	-15	15	1261	70	-15	15	1261
71	-23	23	1284	71	-23	23	1284	71	-23	23	1284
72	-23	23	1307	72	-23	23	1307	72	-23	23	1307
73	-15	15	1322	73	-15	15	1322	73	-15	15	1322
74	-17	17	1339	74	-17	17	1339	74	-17	17	1339
75	-21	21	1360	75	-21	21	1360	75	-21	21	1360
76	-17	17	1377	76	-17	17	1377	76	-17	17	1377
77	-17	17	1394	77	-17	17	1394	77	-17	17	1394
78	-15	15	1409	78	-15	15	1409	78	-15	15	1409
79	-21	21	1430	79	-21	21	1430	79	-21	21	1430
80	-15	15	1445	80	-15	15	1445	80	-15	15	1445
81	-15	15	1460	81	-15	15	1460	81	-15	15	1460
82	-18	18	1478	82	-18	18	1478	82	-18	18	1478
83	-134	35	1513	83	-134	35	1513	83	-134	35	1513
84	-21	21	1534	84	-21	21	1534	84	-21	21	1534
85	-23	23	1557	85	-23	23	1557	85	-23	23	1557
86	-17	17	1574	86	-17	17	1574	86	-17	17	1574
87	-17	17	1591	87	-17	17	1591	87	-17	17	1591
88	-15	15	1606	88	-15	15	1606	88	-15	15	1606
89	-17	17	1623	89	-17	17	1623	89	-17	17	1623
90	-22	22	1645	90	-22	22	1645	90	-22	22	1645
91	-17	17	1662	91	-17	17	1662	91	-17	17	1662
92	-16	16	1678	92	-16	16	1678	92	-16	16	1678
93	-15	15	1693	93	-15	15	1693	93	-15	15	1693
94	-19	19	1712	94	-19	19	1712	94	-19	19	1712
95	-19	19	1731	95	-19	19	1731	95	-19	19	1731
96	-15	15	1746	96	-15	15	1746	96	-15	15	1746
97	-15	15	1761	97	-15	15	1761	97	-15	15	1761
98	-15	15	1776	98	-15	15	1776	98	-15	15	1776
99	-15	15	1791	99	-15	15	1791	99	-15	15	1791
100	-19	19	1810	100	-19	19	1810	100	-19	19	1810
101	-15	15	1825	101	-15	15	1825	101	-15	15	1825
102	-17	17	1842	102	-17	17	1842	102	-17	17	1842
103	-17	17	1859	103	-17	17	1859	103	-17	17	1859
104	-15	15	1874	104	-15	15	1874	104	-15	15	1874
105	-15	15	1889	105	-15	15	1889	105	-15	15	1889
106	-20	20	1909	106	-20	20	1909	106	-20	20	1909
107	-17	17	1926	107	-17	17	1926	107	-17	17	1926
108	-17	17	1943	108	-17	17	1943	108	-17	17	1943
109	-15	15	1958	109	-15	15	1958	109	-15	15	1958
110	-17	17	1975	110	-17	17	1975	110	-17	17	1975
111	-18	18	1993	111	-18	18	1993	111	-18	18	1993
112	-21	21	2014	112	-21	21	2014	112	-21	21	2014
113	-15	15	2029	113	-15	15	2029	113	-15	15	2029
114	-18	18	2047	114	-18	18	2047	114	-18	18	2047
115	-17	17	2064	115	-17	17	2064	115	-17	17	2064
116	-23	23	2087	116	-23	23	2087	116	-23	23	2087
117	-15	15	2102	117	-15	15	2102	117	-15	15	2102
118	-15	15	2117	118	-15	15	2117	118	-15	15	2117
119	-15	15	2132	119	-15	15	2132	119	-15	15	2132
120	-15	15	2147	120	-15	15	2147	120	-15	15	2147
121	-23	23	2170	121	-23	23	2170	121	-23	23	2170
122	-15	15	2185	122	-15	15	2185	122	-15	15	2185
123	-15	15	2200	123	-15	15	2200	123	-15	15	2200
124	-19	19	2219	124	-19	19	2219	124	-19	19	2219
125	-16	16	2235	125	-16	16	2235	125	-16	16	2235
126	-17	17	2252	126	-17	17	2252	126	-17	17	2252
127	-135	36	2288	127	-135	36	2288	127	-135	36	2288
128	-17	17	2305	128	-17	17	2305	128	-17	17	2305
129	-15	15	2320	129	-15	15	2320	129	-15	15	2320
130	-17	17	2337	130	-17	17	2337	130	-17	17	2337
131	-15	15	2352	131	-15	15	2352	131	-15	15	2352
132	-15	15	2367	132	-15	15	2367	132	-15	15	2367
133	-16	16	2383	133	-16	16	2383	133	-16	16	2383
134	-15	15	2398	134	-15	15	2398	134	-15	15	2398
135	-15	15	2413	135	-15	15	2413	135	-15	15	2413
136	-17	17	2430	136	-17	17	2430	136	-17	17	2430
137	-17	17	2447	137	-17	17	2447	137	-17	17	2447
138	-19	19	2466	138	-19	19	2466	138	-19	19	2466
139	-17	17	2483	139	-17	17	2483	139	-17	17	2483
140	-21	21	2504	140	-21	21	2504	140	-21	21	2504
141	-15	15	2519	141	-15	15	2519	141	-15	15	2519
142	-15	15	2534	142	-15	15	2534	142	-15	15	2534
143	-17	17	2551	143	-17	17	2551	143	-17	17	2551
144	-18	18	2569	144	-18	18	2569	144	-18	18	2569
145	-15	15	2584	145	-15	15	2584	145	-15	15	2584
146	-17	17	2601	146	-17	17	2601	146	-17	17	2601
147	-15	15	2616	147	-15	15	2616	147	-15	15	2616
148	-15	15	2631	148	-15	15	2631	148	-15	15	2631
149	-17	17	2648	149	-17	17	2648	149	-17	17	2648
150	-17	17	2665	150	-17	17	2665	150	-17	17	2665
151	-15	15	2680	151	-15	15	2680	151	-15	15	2680
152	-17	17	2697	152	-17	17	2697	152	-17	17	2697
153	-23	23	2720	153	-23	23	2720	153	-23	23	2720
154	-19	19	2739	154	-19	19	2739	154	-19	19	2739
155	-19	19	2758	155	-19	19	2758	155	-19	19	2758
156	-15	15	2773	156	-15	15	2773	156	-15	15	2773
157	-15	15	2788	157	-15	15	2788	157	-15	15	2788
158	-135	36	2824	158	-135	36	2824	158	-135	36	2824
159	-21	21	2845	159	-21	21	2845	159	-21	21	2845
160	-15	15	2860	160	-15	15	2860	160	-15	15	2860
161	-15	15	2875	161	-15	15	2875	161	-15	15	2875
162	-15	15	2890	162	-15	15	2890	162	-15	15	2890
163	-15	15	2905	163	-15	15	2905	163	-15	15	2905
164	-15	15	2920	164	-15	15	2920	164	-15	15	2920
165	-20	20	2940	165	-20	20	2940	165	-20	20	2940
166	-17	17	2957	166	-17	17	2957	166	-17	17	2957
167	-17	17	2974	167	-17	17	2974	167	-17	17	2974
168	-15	15	2989	168	-15	15	2989	168	-15	15	2989
169	-15	15	3004	169	-15	15	3004	169	-15	15	3004
170	-17	17	3021	170	-17	17	3021	170	-17	17	3021
171	-22	22	3043	171	-22	22	3043	171	-22	22	3043
172	-15	15	3058	172	-15	15	3058	172	-15	15	3058
173	-15	15	3073	173	-15	15	3073	173	-15	15	3073
174	-19	19	3092	174	-19	19	3092	174	-19	19	3092
175	-17	17	3109	175	-17	17	3109	175	-17	17	3109
176	-15	15	3124	176	-15	15	3124	176	-15	15	3124
177	-17	17	3141	177	-17	17	3141	177	-17	17	3141
178	-17	17	3158	178	-17	17	3158	178	-17	17	3158
179	-17	17	3175	179	-17	17	3175	179	-17	17	3175
180	-19	19	3194	180	-19	19	3194	180	-19	19	3194
181	-18	18	3212	181	-18	18	3212	181	-18	18	3212
182	-18	18	3230	182	-18	18	3230	182	-18	18	3230
183	-17	17	3247	183	-17	17	3247	183	-17	17	3247
184	-17	17	3264	184	-17	17	3264	184	-17	17	3264
185	-17	17	3281	185	-17	17	3281	185	-17	17	3281
186	-17	17	3298	186	-17	17	3298	186	-17	17	3298
187	-16	16	3314	187	-16	16	3314	187	-16	16	3314
188	-19	19	3333	188	-19	19	3333	188	-19	19	3333
189	-15	15	3348	189	-15	15	3348	189	-15	15	3348
190	-18	18	3366	190	-18	18	3366	190	-18	18	3366
191	-17	17	3383	191	-17	17	3383	191	-17	17	3383
192	-21	21	3404	192	-21	21	3404	192	-21	21	3404
193	-15	15	3419	193	-15	15	3419	193	-15	15	3419
194	-19	19	3438	194	-19	19	3438	194	-19	19	3438
195	-15	15	3453	195	-15	15	3453	195	-15	15	3453
196	-19	19	3472	196	-19	19	3472	196	-19	19	3472
197	-15	15	3487	197	-15	15	3487	197	-15	15	3487
198	-15	15	3502	198	-15	15	3502	198	-15	15	3502
199	-21	21	3523	199	-21	21	3523	199	-21	21	3523
