Episode	Accumulated Reward	Length	Steps	Episode	Accumulated Reward	Length	Steps	Episode	Accumulated Reward	Length	Steps	Episode	Accumulated Reward	Length	Steps	Episode	Accumulated Reward	Length	Steps
0	-17	17	17	0	-17	17	17	0	-17	17	17	0	-17	17	17	0	-17	17	17
1	-21	21	38	1	-21	21	38	1	-21	21	38	1	-21	21	38	1	-21	21	38
2	-17	17	55	2	-17	17	55	2	-17	17	55	2	-17	17	55	2	-17	17	55
3	-19	19	74	3	-19	19	74	3	-19	19	74	3	-19	19	74	3	-19	19	74
4	-15	15	89	4	-15	15	89	4	-15	15	89	4	-15	15	89	4	-15	15	89
5	-15	15	104	5	-15	15	104	5	-15	15	104	5	-15	15	104	5	-15	15	104
6	-19	19	123	6	-19	19	123	6	-19	19	123	6	-19	19	123	6	-19	19	123
7	-21	21	144	7	-21	21	144	7	-21	21	144	7	-21	21	144	7	-21	21	144
8	-15	15	159	8	-15	15	159	8	-15	15	159	8	-15	15	159	8	-15	15	159
9	-15	15	174	9	-15	15	174	9	-15	15	174	9	-15	15	174	9	-15	15	174
10	-21	21	195	10	-21	21	195	10	-21	21	195	10	-21	21	195	10	-21	21	195
11	-15	15	210	11	-15	15	210	11	-15	15	210	11	-15	15	210	11	-15	15	210
12	-15	15	225	12	-15	15	225	12	-15	15	225	12	-15	15	225	12	-15	15	225
13	-15	15	240	13	-15	15	240	13	-15	15	240	13	-15	15	240	13	-15	15	240
14	-23	23	263	14	-23	23	263	14	-23	23	263	14	-23	23	263	14	-23	23	263
15	-17	17	280	15	-17	17	280	15	-17	17	280	15	-17	17	280	15	-17	17	280
16	-19	19	299	16	-19	19	299	16	-19	19	299	16	-19	19	299	16	-19	19	299
17	-17	17	316	17	-17	17	316	17	-17	17	316	17	-17	17	316	17	-17	17	316
18	-17	17	333	18	-17	17	333	18	-17	17	333	18	-17	17	333	18	-17	17	333
19	-18	18	351	19	-18	18	351	19	-18	18	351	19	-18	18	351	19	-18	18	351
20	-27	27	378	20	-27	27	378	20	-27	27	378	20	-27	27	378	20	-27	27	378
21	-19	19	397	21	-19	19	397	21	-19	19	397	21	-19	19	397	21	-19	19	397
22	-25	25	422	22	-25	25	422	22	-25	25	422	22	-25	25	422	22	-25	25	422
23	-16	16	438	23	-16	16	438	23	-16	16	438	23	-16	16	438	23	-16	16	438
24	-15	15	453	24	-15	15	453	24	-15	15	453	24	-15	15	453	24	-15	15	453
25	-22	22	475	25	-22	22	475	25	-22	22	475	25	-22	22	475	25	-22	22	475
26	-16	16	491	26	-16	16	491	26	-16	16	491	26	-16	16	491	26	-16	16	491
27	-19	19	510	27	-19	19	510	27	-19	19	510	27	-19	19	510	27	-19	19	510
28	-15	15	525	28	-15	15	525	28	-15	15	525	28	-15	15	525	28	-15	15	525
29	-19	19	544	29	-19	19	544	29	-19	19	544	29	-19	19	544	29	-19	19	544
30	-18	18	562	30	-18	18	562	30	-18	18	562	30	-18	18	562	30	-18	18	562
31	-21	21	583	31	-21	21	583	31	-21	21	583	31	-21	21	583	31	-21	21	583
32	-25	25	608	32	-25	25	608	32	-25	25	608	32	-25	25	608	32	-25	25	608
33	-17	17	625	33	-17	17	625	33	-17	17	625	33	-17	17	625	33	-17	17	625
34	-117	18	643	34	-117	18	643	34	-117	18	643	34	-117	18	643	34	-117	18	643
35	-17	17	660	35	-17	17	660	35	-17	17	660	35	-17	17	660	35	-17	17	660
36	-19	19	679	36	-19	19	679	36	-19	19	679	36	-19	19	679	36	-19	19	679
37	-21	21	700	37	-21	21	700	37	-21	21	700	37	-21	21	700	37	-21	21	700
38	-17	17	717	38	-17	17	717	38	-17	17	717	38	-17	17	717	38	-17	17	717
39	-17	17	734	39	-17	17	734	39	-17	17	734	39	-17	17	734	39	-17	17	734
40	-17	17	751	40	-17	17	751	40	-17	17	751	40	-17	17	751	40	-17	17	751
41	-19	19	770	41	-19	19	770	41	-19	19	770	41	-19	19	770	41	-19	19	770
42	-16	16	786	42	-16	16	786	42	-16	16	786	42	-16	16	786	42	-16	16	786
43	-15	15	801	43	-15	15	801	43	-15	15	801	43	-15	15	801	43	-15	15	801
44	-23	23	824	44	-23	23	824	44	-23	23	824	44	-23	23	824	44	-23	23	824
45	-15	15	839	45	-15	15	839	45	-15	15	839	45	-15	15	839	45	-15	15	839
46	-21	21	860	46	-21	21	860	46	-21	21	860	46	-21	21	860	46	-21	21	860
47	-15	15	875	47	-15	15	875	47	-15	15	875	47	-15	15	875	47	-15	15	875
48	-15	15	890	48	-15	15	890	48	-15	15	890	48	-15	15	890	48	-15	15	890
49	-15	15	905	49	-15	15	905	49	-15	15	905	49	-15	15	905	49	-15	15	905
50	-15	15	920	50	-15	15	920	50	-15	15	920	50	-15	15	920	50	-15	15	920
51	-127	28	948	51	-127	28	948	51	-127	28	948	51	-127	28	948	51	-127	28	948
52	-119	20	968	52	-119	20	968	52	-119	20	968	52	-119	20	968	52	-119	20	968
53	-15	15	983	53	-15	15	983	53	-15	15	983	53	-15	15	983	53	-15	15	983
54	-15	15	998	54	-15	15	998	54	-15	15	998	54	-15	15	998	54	-15	15	998
55	-19	19	1017	55	-19	19	1017	55	-19	19	1017	55	-19	19	1017	55	-19	19	1017
56	-15	15	1032	56	-15	15	1032	56	-15	15	1032	56	-15	15	1032	56	-15	15	1032
57	-17	17	1049	57	-17	17	1049	57	-17	17	1049	57	-17	17	1049	57	-17	17	1049
58	-17	17	1066	58	-17	17	1066	58	-17	17	1066	58	-17	17	1066	58	-17	17	1066
59	-21	21	1087	59	-21	21	1087	59	-21	21	1087	59	-21	21	1087	59	-21	21	1087
60	-15	15	1102	60	-15	15	1102	60	-15	15	1102	60	-15	15	1102	60	-15	15	1102
61	-21	21	1123	61	-21	21	1123	61	-21	21	1123	61	-21	21	1123	61	-21	21	1123
62	-23	23	1146	62	-23	23	1146	62	-23	23	1146	62	-23	23	1146	62	-23	23	1146
63	-15	15	1161	63	-15	15	1161	63	-15	15	1161	63	-15	15	1161	63	-15	15	1161
64	-15	15	1176	64	-15	15	1176	64	-15	15	1176	64	-15	15	1176	64	-15	15	1176
65	-17	17	1193	65	-17	17	1193	65	-17	17	1193	65	-17	17	1193	65	-17	17	1193
66	-19	19	1212	66	-19	19	1212	66	-19	19	1212	66	-19	19	1212	66	-19	19	1212
67	-17	17	1229	67	-17	17	1229	67	-17	17	1229	67	-17	17	1229	67	-17	17	1229
68	-17	17	1246	68	-17	17	1246	68	-17	17	1246	68	-17	17	1246	68	-17	17	1246
69	-25	25	1271	69	-25	25	1271	69	-25	25	1271	69	-25	25	1271	69	-25	25	1271
70	-20	20	1291	70	-20	20	1291	70	-20	20	1291	70	-20	20	1291	70	-20	20	1291
71	-23	23	1314	71	-23	23	1314	71	-23	23	1314	71	-23	23	1314	71	-23	23	1314
72	-19	19	1333	72	-19	19	1333	72	-19	19	1333	72	-19	19	1333	72	-19	19	1333
73	-17	17	1350	73	-17	17	1350	73	-17	17	1350	73	-17	17	1350	73	-17	17	1350
74	-16	16	1366	74	-16	16	1366	74	-16	16	1366	74	-16	16	1366	74	-16	16	1366
75	-21	21	1387	75	-21	21	1387	75	-21	21	1387	75	-21	21	1387	75	-21	21	1387
76	-15	15	1402	76	-15	15	1402	76	-15	15	1402	76	-15	15	1402	76	-15	15	1402
77	-20	20	1422	77	-20	20	1422	77	-20	20	1422	77	-20	20	1422	77	-20	20	1422
78	-15	15	1437	78	-15	15	1437	78	-15	15	1437	78	-15	15	1437	78	-15	15	1437
79	-16	16	1453	79	-16	16	1453	79	-16	16	1453	79	-16	16	1453	79	-16	16	1453
80	-18	18	1471	80	-18	18	1471	80	-18	18	1471	80	-18	18	1471	80	-18	18	1471
81	-18	18	1489	81	-18	18	1489	81	-18	18	1489	81	-18	18	1489	81	-18	18	1489
82	-15	15	1504	82	-15	15	1504	82	-15	15	1504	82	-15	15	1504	82	-15	15	1504
83	-15	15	1519	83	-15	15	1519	83	-15	15	1519	83	-15	15	1519	83	-15	15	1519
84	-19	19	1538	84	-19	19	1538	84	-19	19	1538	84	-19	19	1538	84	-19	19	1538
85	-25	25	1563	85	-25	25	1563	85	-25	25	1563	85	-25	25	1563	85	-25	25	1563
86	-18	18	1581	86	-18	18	1581	86	-18	18	1581	86	-18	18	1581	86	-18	18	1581
87	-21	21	1602	87	-21	21	1602	87	-21	21	1602	87	-21	21	1602	87	-21	21	1602
88	-19	19	1621	88	-19	19	1621	88	-19	19	1621	88	-19	19	1621	88	-19	19	1621
89	-17	17	1638	89	-17	17	1638	89	-17	17	1638	89	-17	17	1638	89	-17	17	1638
90	-17	17	1655	90	-17	17	1655	90	-17	17	1655	90	-17	17	1655	90	-17	17	1655
91	-19	19	1674	91	-19	19	1674	91	-19	19	1674	91	-19	19	1674	91	-19	19	1674
92	-15	15	1689	92	-15	15	1689	92	-15	15	1689	92	-15	15	1689	92	-15	15	1689
93	-31	31	1720	93	-31	31	1720	93	-31	31	1720	93	-31	31	1720	93	-31	31	1720
94	-17	17	1737	94	-17	17	1737	94	-17	17	1737	94	-17	17	1737	94	-17	17	1737
95	-19	19	1756	95	-19	19	1756	95	-19	19	1756	95	-19	19	1756	95	-19	19	1756
96	-17	17	1773	96	-17	17	1773	96	-17	17	1773	96	-17	17	1773	96	-17	17	1773
97	-15	15	1788	97	-15	15	1788	97	-15	15	1788	97	-15	15	1788	97	-15	15	1788
98	-17	17	1805	98	-17	17	1805	98	-17	17	1805	98	-17	17	1805	98	-17	17	1805
99	-119	20	1825	99	-119	20	1825	99	-119	20	1825	99	-119	20	1825	99	-119	20	1825
100	-22	22	1847	100	-22	22	1847	100	-22	22	1847	100	-22	22	1847	100	-22	22	1847
101	-19	19	1866	101	-19	19	1866	101	-19	19	1866	101	-19	19	1866	101	-19	19	1866
102	-15	15	1881	102	-15	15	1881	102	-15	15	1881	102	-15	15	1881	102	-15	15	1881
103	-20	20	1901	103	-20	20	1901	103	-20	20	1901	103	-20	20	1901	103	-20	20	1901
104	-17	17	1918	104	-17	17	1918	104	-17	17	1918	104	-17	17	1918	104	-17	17	1918
105	-17	17	1935	105	-17	17	1935	105	-17	17	1935	105	-17	17	1935	105	-17	17	1935
106	-19	19	1954	106	-19	19	1954	106	-19	19	1954	106	-19	19	1954	106	-19	19	1954
107	-20	20	1974	107	-20	20	1974	107	-20	20	1974	107	-20	20	1974	107	-20	20	1974
108	-33	33	2007	108	-33	33	2007	108	-33	33	2007	108	-33	33	2007	108	-33	33	2007
109	-21	21	2028	109	-21	21	2028	109	-21	21	2028	109	-21	21	2028	109	-21	21	2028
110	-19	19	2047	110	-19	19	2047	110	-19	19	2047	110	-19	19	2047	110	-19	19	2047
111	-19	19	2066	111	-19	19	2066	111	-19	19	2066	111	-19	19	2066	111	-19	19	2066
112	-17	17	2083	112	-17	17	2083	112	-17	17	2083	112	-17	17	2083	112	-17	17	2083
113	-127	28	2111	113	-127	28	2111	113	-127	28	2111	113	-127	28	2111	113	-127	28	2111
114	-17	17	2128	114	-17	17	2128	114	-17	17	2128	114	-17	17	2128	114	-17	17	2128
115	-25	25	2153	115	-25	25	2153	115	-25	25	2153	115	-25	25	2153	115	-25	25	2153
116	-15	15	2168	116	-15	15	2168	116	-15	15	2168	116	-15	15	2168	116	-15	15	2168
117	-17	17	2185	117	-17	17	2185	117	-17	17	2185	117	-17	17	2185	117	-17	17	2185
118	-16	16	2201	118	-16	16	2201	118	-16	16	2201	118	-16	16	2201	118	-16	16	2201
119	-15	15	2216	119	-15	15	2216	119	-15	15	2216	119	-15	15	2216	119	-15	15	2216
120	-23	23	2239	120	-23	23	2239	120	-23	23	2239	120	-23	23	2239	120	-23	23	2239
121	-17	17	2256	121	-17	17	2256	121	-17	17	2256	121	-17	17	2256	121	-17	17	2256
122	-15	15	2271	122	-15	15	2271	122	-15	15	2271	122	-15	15	2271	122	-15	15	2271
123	-117	18	2289	123	-117	18	2289	123	-117	18	2289	123	-117	18	2289	123	-117	18	2289
124	-17	17	2306	124	-17	17	2306	124	-17	17	2306	124	-17	17	2306	124	-17	17	2306
125	-15	15	2321	125	-15	15	2321	125	-15	15	2321	125	-15	15	2321	125	-15	15	2321
126	-15	15	2336	126	-15	15	2336	126	-15	15	2336	126	-15	15	2336	126	-15	15	2336
127	-18	18	2354	127	-18	18	2354	127	-18	18	2354	127	-18	18	2354	127	-18	18	2354
128	-15	15	2369	128	-15	15	2369	128	-15	15	2369	128	-15	15	2369	128	-15	15	2369
129	-19	19	2388	129	-19	19	2388	129	-19	19	2388	129	-19	19	2388	129	-19	19	2388
130	-21	21	2409	130	-21	21	2409	130	-21	21	2409	130	-21	21	2409	130	-21	21	2409
131	-20	20	2429	131	-20	20	2429	131	-20	20	2429	131	-20	20	2429	131	-20	20	2429
132	-19	19	2448	132	-19	19	2448	132	-19	19	2448	132	-19	19	2448	132	-19	19	2448
133	-20	20	2468	133	-20	20	2468	133	-20	20	2468	133	-20	20	2468	133	-20	20	2468
134	-17	17	2485	134	-17	17	2485	134	-17	17	2485	134	-17	17	2485	134	-17	17	2485
135	-23	23	2508	135	-23	23	2508	135	-23	23	2508	135	-23	23	2508	135	-23	23	2508
136	-19	19	2527	136	-19	19	2527	136	-19	19	2527	136	-19	19	2527	136	-19	19	2527
137	-20	20	2547	137	-20	20	2547	137	-20	20	2547	137	-20	20	2547	137	-20	20	2547
138	-19	19	2566	138	-19	19	2566	138	-19	19	2566	138	-19	19	2566	138	-19	19	2566
139	-15	15	2581	139	-15	15	2581	139	-15	15	2581	139	-15	15	2581	139	-15	15	2581
140	-21	21	2602	140	-21	21	2602	140	-21	21	2602	140	-21	21	2602	140	-21	21	2602
141	-19	19	2621	141	-19	19	2621	141	-19	19	2621	141	-19	19	2621	141	-19	19	2621
142	-20	20	2641	142	-20	20	2641	142	-20	20	2641	142	-20	20	2641	142	-20	20	2641
143	-19	19	2660	143	-19	19	2660	143	-19	19	2660	143	-19	19	2660	143	-19	19	2660
144	-19	19	2679	144	-19	19	2679	144	-19	19	2679	144	-19	19	2679	144	-19	19	2679
145	-19	19	2698	145	-19	19	2698	145	-19	19	2698	145	-19	19	2698	145	-19	19	2698
146	-17	17	2715	146	-17	17	2715	146	-17	17	2715	146	-17	17	2715	146	-17	17	2715
147	-18	18	2733	147	-18	18	2733	147	-18	18	2733	147	-18	18	2733	147	-18	18	2733
148	-23	23	2756	148	-23	23	2756	148	-23	23	2756	148	-23	23	2756	148	-23	23	2756
149	-19	19	2775	149	-19	19	2775	149	-19	19	2775	149	-19	19	2775	149	-19	19	2775
150	-19	19	2794	150	-19	19	2794	150	-19	19	2794	150	-19	19	2794	150	-19	19	2794
151	-21	21	2815	151	-21	21	2815	151	-21	21	2815	151	-21	21	2815	151	-21	21	2815
152	-17	17	2832	152	-17	17	2832	152	-17	17	2832	152	-17	17	2832	152	-17	17	2832
153	-19	19	2851	153	-19	19	2851	153	-19	19	2851	153	-19	19	2851	153	-19	19	2851
154	-24	24	2875	154	-24	24	2875	154	-24	24	2875	154	-24	24	2875	154	-24	24	2875
155	-19	19	2894	155	-19	19	2894	155	-19	19	2894	155	-19	19	2894	155	-19	19	2894
156	-17	17	2911	156	-17	17	2911	156	-17	17	2911	156	-17	17	2911	156	-17	17	2911
157	-15	15	2926	157	-15	15	2926	157	-15	15	2926	157	-15	15	2926	157	-15	15	2926
158	-19	19	2945	158	-19	19	2945	158	-19	19	2945	158	-19	19	2945	158	-19	19	2945
159	-15	15	2960	159	-15	15	2960	159	-15	15	2960	159	-15	15	2960	159	-15	15	2960
160	-15	15	2975	160	-15	15	2975	160	-15	15	2975	160	-15	15	2975	160	-15	15	2975
161	-15	15	2990	161	-15	15	2990	161	-15	15	2990	161	-15	15	2990	161	-15	15	2990
162	-19	19	3009	162	-19	19	3009	162	-19	19	3009	162	-19	19	3009	162	-19	19	3009
163	-31	31	3040	163	-31	31	3040	163	-31	31	3040	163	-31	31	3040	163	-31	31	3040
164	-18	18	3058	164	-18	18	3058	164	-18	18	3058	164	-18	18	3058	164	-18	18	3058
165	-15	15	3073	165	-15	15	3073	165	-15	15	3073	165	-15	15	3073	165	-15	15	3073
166	-15	15	3088	166	-15	15	3088	166	-15	15	3088	166	-15	15	3088	166	-15	15	3088
167	-15	15	3103	167	-15	15	3103	167	-15	15	3103	167	-15	15	3103	167	-15	15	3103
168	-15	15	3118	168	-15	15	3118	168	-15	15	3118	168	-15	15	3118	168	-15	15	3118
169	-17	17	3135	169	-17	17	3135	169	-17	17	3135	169	-17	17	3135	169	-17	17	3135
170	-19	19	3154	170	-19	19	3154	170	-19	19	3154	170	-19	19	3154	170	-19	19	3154
171	-19	19	3173	171	-19	19	3173	171	-19	19	3173	171	-19	19	3173	171	-19	19	3173
172	-15	15	3188	172	-15	15	3188	172	-15	15	3188	172	-15	15	3188	172	-15	15	3188
173	-15	15	3203	173	-15	15	3203	173	-15	15	3203	173	-15	15	3203	173	-15	15	3203
174	-18	18	3221	174	-18	18	3221	174	-18	18	3221	174	-18	18	3221	174	-18	18	3221
175	-15	15	3236	175	-15	15	3236	175	-15	15	3236	175	-15	15	3236	175	-15	15	3236
176	-17	17	3253	176	-17	17	3253	176	-17	17	3253	176	-17	17	3253	176	-17	17	3253
177	-19	19	3272	177	-19	19	3272	177	-19	19	3272	177	-19	19	3272	177	-19	19	3272
178	-25	25	3297	178	-25	25	3297	178	-25	25	3297	178	-25	25	3297	178	-25	25	3297
179	-17	17	3314	179	-17	17	3314	179	-17	17	3314	179	-17	17	3314	179	-17	17	3314
180	-17	17	3331	180	-17	17	3331	180	-17	17	3331	180	-17	17	3331	180	-17	17	3331
181	-15	15	3346	181	-15	15	3346	181	-15	15	3346	181	-15	15	3346	181	-15	15	3346
182	-115	16	3362	182	-115	16	3362	182	-115	16	3362	182	-115	16	3362	182	-115	16	3362
183	-21	21	3383	183	-21	21	3383	183	-21	21	3383	183	-21	21	3383	183	-21	21	3383
184	-17	17	3400	184	-17	17	3400	184	-17	17	3400	184	-17	17	3400	184	-17	17	3400
185	-19	19	3419	185	-19	19	3419	185	-19	19	3419	185	-19	19	3419	185	-19	19	3419
186	-15	15	3434	186	-15	15	3434	186	-15	15	3434	186	-15	15	3434	186	-15	15	3434
187	-18	18	3452	187	-18	18	3452	187	-18	18	3452	187	-18	18	3452	187	-18	18	3452
188	-115	16	3468	188	-115	16	3468	188	-115	16	3468	188	-115	16	3468	188	-115	16	3468
189	-15	15	3483	189	-15	15	3483	189	-15	15	3483	189	-15	15	3483	189	-15	15	3483
190	-17	17	3500	190	-17	17	3500	190	-17	17	3500	190	-17	17	3500	190	-17	17	3500
191	-17	17	3517	191	-17	17	3517	191	-17	17	3517	191	-17	17	3517	191	-17	17	3517
192	-17	17	3534	192	-17	17	3534	192	-17	17	3534	192	-17	17	3534	192	-17	17	3534
193	-15	15	3549	193	-15	15	3549	193	-15	15	3549	193	-15	15	3549	193	-15	15	3549
194	-21	21	3570	194	-21	21	3570	194	-21	21	3570	194	-21	21	3570	194	-21	21	3570
195	-25	25	3595	195	-25	25	3595	195	-25	25	3595	195	-25	25	3595	195	-25	25	3595
196	-15	15	3610	196	-15	15	3610	196	-15	15	3610	196	-15	15	3610	196	-15	15	3610
197	-17	17	3627	197	-17	17	3627	197	-17	17	3627	197	-17	17	3627	197	-17	17	3627
198	-15	15	3642	198	-15	15	3642	198	-15	15	3642	198	-15	15	3642	198	-15	15	3642
199	-15	15	3657	199	-15	15	3657	199	-15	15	3657	199	-15	15	3657	199	-15	15	3657
