Episode	Accumulated Reward	Length	Steps	Episode	Accumulated Reward	Length	Steps	Episode	Accumulated Reward	Length	Steps	Episode	Accumulated Reward	Length	Steps	Episode	Accumulated Reward	Length	Steps	Episode	Accumulated Reward	Length	Steps	Episode	Accumulated Reward	Length	Steps	Episode	Accumulated Reward	Length	Steps	Episode	Accumulated Reward	Length	Steps	Episode	Accumulated Reward	Length	Steps	Episode	Accumulated Reward	Length	Steps	Episode	Accumulated Reward	Length	Steps	Episode	Accumulated Reward	Length	Steps	Episode	Accumulated Reward	Length	Steps	Episode	Accumulated Reward	Length	Steps	Episode	Accumulated Reward	Length	Steps	Episode	Accumulated Reward	Length	Steps	Episode	Accumulated Reward	Length	Steps	Episode	Accumulated Reward	Length	Steps	Episode	Accumulated Reward	Length	Steps	Episode	Accumulated Reward	Length	Steps	Episode	Accumulated Reward	Length	Steps	Episode	Accumulated Reward	Length	Steps	Episode	Accumulated Reward	Length	Steps	Episode	Accumulated Reward	Length	Steps	Episode	Accumulated Reward	Length	Steps	Episode	Accumulated Reward	Length	Steps	Episode	Accumulated Reward	Length	Steps
0	-2698	817	817	0	-2698	817	817	0	-2698	817	817	0	-2698	817	817	0	-2698	817	817	0	-2698	817	817	0	-2698	817	817	0	-2698	817	817	0	-2698	817	817	0	-2698	817	817	0	-2698	817	817	0	-2698	817	817	0	-2698	817	817	0	-2698	817	817	0	-2698	817	817	0	-2698	817	817	0	-2698	817	817	0	-2698	817	817	0	-2698	817	817	0	-2698	817	817	0	-2698	817	817	0	-2698	817	817	0	-2698	817	817	0	-2698	817	817	0	-2698	817	817	0	-2698	817	817	0	-2698	817	817	0	-2698	817	817
1	-334	235	1052	1	-334	235	1052	1	-334	235	1052	1	-334	235	1052	1	-334	235	1052	1	-334	235	1052	1	-334	235	1052	1	-334	235	1052	1	-334	235	1052	1	-334	235	1052	1	-334	235	1052	1	-334	235	1052	1	-334	235	1052	1	-334	235	1052	1	-334	235	1052	1	-334	235	1052	1	-334	235	1052	1	-334	235	1052	1	-334	235	1052	1	-334	235	1052	1	-334	235	1052	1	-334	235	1052	1	-334	235	1052	1	-334	235	1052	1	-334	235	1052	1	-334	235	1052	1	-334	235	1052	1	-334	235	1052
2	-149	149	1201	2	-149	149	1201	2	-149	149	1201	2	-149	149	1201	2	-149	149	1201	2	-149	149	1201	2	-149	149	1201	2	-149	149	1201	2	-149	149	1201	2	-149	149	1201	2	-149	149	1201	2	-149	149	1201	2	-149	149	1201	2	-149	149	1201	2	-149	149	1201	2	-149	149	1201	2	-149	149	1201	2	-149	149	1201	2	-149	149	1201	2	-149	149	1201	2	-149	149	1201	2	-149	149	1201	2	-149	149	1201	2	-149	149	1201	2	-149	149	1201	2	-149	149	1201	2	-149	149	1201	2	-149	149	1201
3	-574	277	1478	3	-574	277	1478	3	-574	277	1478	3	-574	277	1478	3	-574	277	1478	3	-574	277	1478	3	-574	277	1478	3	-574	277	1478	3	-574	277	1478	3	-574	277	1478	3	-574	277	1478	3	-574	277	1478	3	-574	277	1478	3	-574	277	1478	3	-574	277	1478	3	-574	277	1478	3	-574	277	1478	3	-574	277	1478	3	-574	277	1478	3	-574	277	1478	3	-574	277	1478	3	-574	277	1478	3	-574	277	1478	3	-574	277	1478	3	-574	277	1478	3	-574	277	1478	3	-574	277	1478	3	-574	277	1478
4	-536	338	1816	4	-536	338	1816	4	-536	338	1816	4	-536	338	1816	4	-536	338	1816	4	-536	338	1816	4	-536	338	1816	4	-536	338	1816	4	-536	338	1816	4	-536	338	1816	4	-536	338	1816	4	-536	338	1816	4	-536	338	1816	4	-536	338	1816	4	-536	338	1816	4	-536	338	1816	4	-536	338	1816	4	-536	338	1816	4	-536	338	1816	4	-536	338	1816	4	-536	338	1816	4	-536	338	1816	4	-536	338	1816	4	-536	338	1816	4	-536	338	1816	4	-536	338	1816	4	-536	338	1816	4	-536	338	1816
5	-251	152	1968	5	-251	152	1968	5	-251	152	1968	5	-251	152	1968	5	-251	152	1968	5	-251	152	1968	5	-251	152	1968	5	-251	152	1968	5	-251	152	1968	5	-251	152	1968	5	-251	152	1968	5	-251	152	1968	5	-251	152	1968	5	-251	152	1968	5	-251	152	1968	5	-251	152	1968	5	-251	152	1968	5	-251	152	1968	5	-251	152	1968	5	-251	152	1968	5	-251	152	1968	5	-251	152	1968	5	-251	152	1968	5	-251	152	1968	5	-251	152	1968	5	-251	152	1968	5	-251	152	1968	5	-251	152	1968
6	-159	159	2127	6	-159	159	2127	6	-159	159	2127	6	-159	159	2127	6	-159	159	2127	6	-159	159	2127	6	-159	159	2127	6	-159	159	2127	6	-159	159	2127	6	-159	159	2127	6	-159	159	2127	6	-159	159	2127	6	-159	159	2127	6	-159	159	2127	6	-159	159	2127	6	-159	159	2127	6	-159	159	2127	6	-159	159	2127	6	-159	159	2127	6	-159	159	2127	6	-159	159	2127	6	-159	159	2127	6	-159	159	2127	6	-159	159	2127	6	-159	159	2127	6	-159	159	2127	6	-159	159	2127	6	-159	159	2127
7	-228	129	2256	7	-228	129	2256	7	-228	129	2256	7	-228	129	2256	7	-228	129	2256	7	-228	129	2256	7	-228	129	2256	7	-228	129	2256	7	-228	129	2256	7	-228	129	2256	7	-228	129	2256	7	-228	129	2256	7	-228	129	2256	7	-228	129	2256	7	-228	129	2256	7	-228	129	2256	7	-228	129	2256	7	-228	129	2256	7	-228	129	2256	7	-228	129	2256	7	-228	129	2256	7	-228	129	2256	7	-228	129	2256	7	-228	129	2256	7	-228	129	2256	7	-228	129	2256	7	-228	129	2256	7	-228	129	2256
8	-697	301	2557	8	-697	301	2557	8	-697	301	2557	8	-697	301	2557	8	-697	301	2557	8	-697	301	2557	8	-697	301	2557	8	-697	301	2557	8	-697	301	2557	8	-697	301	2557	8	-697	301	2557	8	-697	301	2557	8	-697	301	2557	8	-697	301	2557	8	-697	301	2557	8	-697	301	2557	8	-697	301	2557	8	-697	301	2557	8	-697	301	2557	8	-697	301	2557	8	-697	301	2557	8	-697	301	2557	8	-697	301	2557	8	-697	301	2557	8	-697	301	2557	8	-697	301	2557	8	-697	301	2557	8	-697	301	2557
9	-58	58	2615	9	-58	58	2615	9	-58	58	2615	9	-58	58	2615	9	-58	58	2615	9	-58	58	2615	9	-58	58	2615	9	-58	58	2615	9	-58	58	2615	9	-58	58	2615	9	-58	58	2615	9	-58	58	2615	9	-58	58	2615	9	-58	58	2615	9	-58	58	2615	9	-58	58	2615	9	-58	58	2615	9	-58	58	2615	9	-58	58	2615	9	-58	58	2615	9	-58	58	2615	9	-58	58	2615	9	-58	58	2615	9	-58	58	2615	9	-58	58	2615	9	-58	58	2615	9	-58	58	2615	9	-58	58	2615
10	-73	73	2688	10	-73	73	2688	10	-73	73	2688	10	-73	73	2688	10	-73	73	2688	10	-73	73	2688	10	-73	73	2688	10	-73	73	2688	10	-73	73	2688	10	-73	73	2688	10	-73	73	2688	10	-73	73	2688	10	-73	73	2688	10	-73	73	2688	10	-73	73	2688	10	-73	73	2688	10	-73	73	2688	10	-73	73	2688	10	-73	73	2688	10	-73	73	2688	10	-73	73	2688	10	-73	73	2688	10	-73	73	2688	10	-73	73	2688	10	-73	73	2688	10	-73	73	2688	10	-73	73	2688	10	-73	73	2688
11	-207	108	2796	11	-207	108	2796	11	-207	108	2796	11	-207	108	2796	11	-207	108	2796	11	-207	108	2796	11	-207	108	2796	11	-207	108	2796	11	-207	108	2796	11	-207	108	2796	11	-207	108	2796	11	-207	108	2796	11	-207	108	2796	11	-207	108	2796	11	-207	108	2796	11	-207	108	2796	11	-207	108	2796	11	-207	108	2796	11	-207	108	2796	11	-207	108	2796	11	-207	108	2796	11	-207	108	2796	11	-207	108	2796	11	-207	108	2796	11	-207	108	2796	11	-207	108	2796	11	-207	108	2796	11	-207	108	2796
12	-150	150	2946	12	-150	150	2946	12	-150	150	2946	12	-150	150	2946	12	-150	150	2946	12	-150	150	2946	12	-150	150	2946	12	-150	150	2946	12	-150	150	2946	12	-150	150	2946	12	-150	150	2946	12	-150	150	2946	12	-150	150	2946	12	-150	150	2946	12	-150	150	2946	12	-150	150	2946	12	-150	150	2946	12	-150	150	2946	12	-150	150	2946	12	-150	150	2946	12	-150	150	2946	12	-150	150	2946	12	-150	150	2946	12	-150	150	2946	12	-150	150	2946	12	-150	150	2946	12	-150	150	2946	12	-150	150	2946
13	-114	114	3060	13	-114	114	3060	13	-114	114	3060	13	-114	114	3060	13	-114	114	3060	13	-114	114	3060	13	-114	114	3060	13	-114	114	3060	13	-114	114	3060	13	-114	114	3060	13	-114	114	3060	13	-114	114	3060	13	-114	114	3060	13	-114	114	3060	13	-114	114	3060	13	-114	114	3060	13	-114	114	3060	13	-114	114	3060	13	-114	114	3060	13	-114	114	3060	13	-114	114	3060	13	-114	114	3060	13	-114	114	3060	13	-114	114	3060	13	-114	114	3060	13	-114	114	3060	13	-114	114	3060	13	-114	114	3060
14	-65	65	3125	14	-65	65	3125	14	-65	65	3125	14	-65	65	3125	14	-65	65	3125	14	-65	65	3125	14	-65	65	3125	14	-65	65	3125	14	-65	65	3125	14	-65	65	3125	14	-65	65	3125	14	-65	65	3125	14	-65	65	3125	14	-65	65	3125	14	-65	65	3125	14	-65	65	3125	14	-65	65	3125	14	-65	65	3125	14	-65	65	3125	14	-65	65	3125	14	-65	65	3125	14	-65	65	3125	14	-65	65	3125	14	-65	65	3125	14	-65	65	3125	14	-65	65	3125	14	-65	65	3125	14	-65	65	3125
15	-341	143	3268	15	-341	143	3268	15	-341	143	3268	15	-341	143	3268	15	-341	143	3268	15	-341	143	3268	15	-341	143	3268	15	-341	143	3268	15	-341	143	3268	15	-341	143	3268	15	-341	143	3268	15	-341	143	3268	15	-341	143	3268	15	-341	143	3268	15	-341	143	3268	15	-341	143	3268	15	-341	143	3268	15	-341	143	3268	15	-341	143	3268	15	-341	143	3268	15	-341	143	3268	15	-341	143	3268	15	-341	143	3268	15	-341	143	3268	15	-341	143	3268	15	-341	143	3268	15	-341	143	3268	15	-341	143	3268
16	-270	171	3439	16	-270	171	3439	16	-270	171	3439	16	-270	171	3439	16	-270	171	3439	16	-270	171	3439	16	-270	171	3439	16	-270	171	3439	16	-270	171	3439	16	-270	171	3439	16	-270	171	3439	16	-270	171	3439	16	-270	171	3439	16	-270	171	3439	16	-270	171	3439	16	-270	171	3439	16	-270	171	3439	16	-270	171	3439	16	-270	171	3439	16	-270	171	3439	16	-270	171	3439	16	-270	171	3439	16	-270	171	3439	16	-270	171	3439	16	-270	171	3439	16	-270	171	3439	16	-270	171	3439	16	-270	171	3439
17	-72	72	3511	17	-72	72	3511	17	-72	72	3511	17	-72	72	3511	17	-72	72	3511	17	-72	72	3511	17	-72	72	3511	17	-72	72	3511	17	-72	72	3511	17	-72	72	3511	17	-72	72	3511	17	-72	72	3511	17	-72	72	3511	17	-72	72	3511	17	-72	72	3511	17	-72	72	3511	17	-72	72	3511	17	-72	72	3511	17	-72	72	3511	17	-72	72	3511	17	-72	72	3511	17	-72	72	3511	17	-72	72	3511	17	-72	72	3511	17	-72	72	3511	17	-72	72	3511	17	-72	72	3511	17	-72	72	3511
18	-105	105	3616	18	-105	105	3616	18	-105	105	3616	18	-105	105	3616	18	-105	105	3616	18	-105	105	3616	18	-105	105	3616	18	-105	105	3616	18	-105	105	3616	18	-105	105	3616	18	-105	105	3616	18	-105	105	3616	18	-105	105	3616	18	-105	105	3616	18	-105	105	3616	18	-105	105	3616	18	-105	105	3616	18	-105	105	3616	18	-105	105	3616	18	-105	105	3616	18	-105	105	3616	18	-105	105	3616	18	-105	105	3616	18	-105	105	3616	18	-105	105	3616	18	-105	105	3616	18	-105	105	3616	18	-105	105	3616
19	-94	94	3710	19	-94	94	3710	19	-94	94	3710	19	-94	94	3710	19	-94	94	3710	19	-94	94	3710	19	-94	94	3710	19	-94	94	3710	19	-94	94	3710	19	-94	94	3710	19	-94	94	3710	19	-94	94	3710	19	-94	94	3710	19	-94	94	3710	19	-94	94	3710	19	-94	94	3710	19	-94	94	3710	19	-94	94	3710	19	-94	94	3710	19	-94	94	3710	19	-94	94	3710	19	-94	94	3710	19	-94	94	3710	19	-94	94	3710	19	-94	94	3710	19	-94	94	3710	19	-94	94	3710	19	-94	94	3710
20	-78	78	3788	20	-78	78	3788	20	-78	78	3788	20	-78	78	3788	20	-78	78	3788	20	-78	78	3788	20	-78	78	3788	20	-78	78	3788	20	-78	78	3788	20	-78	78	3788	20	-78	78	3788	20	-78	78	3788	20	-78	78	3788	20	-78	78	3788	20	-78	78	3788	20	-78	78	3788	20	-78	78	3788	20	-78	78	3788	20	-78	78	3788	20	-78	78	3788	20	-78	78	3788	20	-78	78	3788	20	-78	78	3788	20	-78	78	3788	20	-78	78	3788	20	-78	78	3788	20	-78	78	3788	20	-78	78	3788
21	-59	59	3847	21	-59	59	3847	21	-59	59	3847	21	-59	59	3847	21	-59	59	3847	21	-59	59	3847	21	-59	59	3847	21	-59	59	3847	21	-59	59	3847	21	-59	59	3847	21	-59	59	3847	21	-59	59	3847	21	-59	59	3847	21	-59	59	3847	21	-59	59	3847	21	-59	59	3847	21	-59	59	3847	21	-59	59	3847	21	-59	59	3847	21	-59	59	3847	21	-59	59	3847	21	-59	59	3847	21	-59	59	3847	21	-59	59	3847	21	-59	59	3847	21	-59	59	3847	21	-59	59	3847	21	-59	59	3847
22	-195	96	3943	22	-195	96	3943	22	-195	96	3943	22	-195	96	3943	22	-195	96	3943	22	-195	96	3943	22	-195	96	3943	22	-195	96	3943	22	-195	96	3943	22	-195	96	3943	22	-195	96	3943	22	-195	96	3943	22	-195	96	3943	22	-195	96	3943	22	-195	96	3943	22	-195	96	3943	22	-195	96	3943	22	-195	96	3943	22	-195	96	3943	22	-195	96	3943	22	-195	96	3943	22	-195	96	3943	22	-195	96	3943	22	-195	96	3943	22	-195	96	3943	22	-195	96	3943	22	-195	96	3943	22	-195	96	3943
23	-75	75	4018	23	-75	75	4018	23	-75	75	4018	23	-75	75	4018	23	-75	75	4018	23	-75	75	4018	23	-75	75	4018	23	-75	75	4018	23	-75	75	4018	23	-75	75	4018	23	-75	75	4018	23	-75	75	4018	23	-75	75	4018	23	-75	75	4018	23	-75	75	4018	23	-75	75	4018	23	-75	75	4018	23	-75	75	4018	23	-75	75	4018	23	-75	75	4018	23	-75	75	4018	23	-75	75	4018	23	-75	75	4018	23	-75	75	4018	23	-75	75	4018	23	-75	75	4018	23	-75	75	4018	23	-75	75	4018
24	-210	111	4129	24	-210	111	4129	24	-210	111	4129	24	-210	111	4129	24	-210	111	4129	24	-210	111	4129	24	-210	111	4129	24	-210	111	4129	24	-210	111	4129	24	-210	111	4129	24	-210	111	4129	24	-210	111	4129	24	-210	111	4129	24	-210	111	4129	24	-210	111	4129	24	-210	111	4129	24	-210	111	4129	24	-210	111	4129	24	-210	111	4129	24	-210	111	4129	24	-210	111	4129	24	-210	111	4129	24	-210	111	4129	24	-210	111	4129	24	-210	111	4129	24	-210	111	4129	24	-210	111	4129	24	-210	111	4129
25	-44	44	4173	25	-44	44	4173	25	-44	44	4173	25	-44	44	4173	25	-44	44	4173	25	-44	44	4173	25	-44	44	4173	25	-44	44	4173	25	-44	44	4173	25	-44	44	4173	25	-44	44	4173	25	-44	44	4173	25	-44	44	4173	25	-44	44	4173	25	-44	44	4173	25	-44	44	4173	25	-44	44	4173	25	-44	44	4173	25	-44	44	4173	25	-44	44	4173	25	-44	44	4173	25	-44	44	4173	25	-44	44	4173	25	-44	44	4173	25	-44	44	4173	25	-44	44	4173	25	-44	44	4173	25	-44	44	4173
26	-139	139	4312	26	-139	139	4312	26	-139	139	4312	26	-139	139	4312	26	-139	139	4312	26	-139	139	4312	26	-139	139	4312	26	-139	139	4312	26	-139	139	4312	26	-139	139	4312	26	-139	139	4312	26	-139	139	4312	26	-139	139	4312	26	-139	139	4312	26	-139	139	4312	26	-139	139	4312	26	-139	139	4312	26	-139	139	4312	26	-139	139	4312	26	-139	139	4312	26	-139	139	4312	26	-139	139	4312	26	-139	139	4312	26	-139	139	4312	26	-139	139	4312	26	-139	139	4312	26	-139	139	4312	26	-139	139	4312
27	-279	81	4393	27	-279	81	4393	27	-279	81	4393	27	-279	81	4393	27	-279	81	4393	27	-279	81	4393	27	-279	81	4393	27	-279	81	4393	27	-279	81	4393	27	-279	81	4393	27	-279	81	4393	27	-279	81	4393	27	-279	81	4393	27	-279	81	4393	27	-279	81	4393	27	-279	81	4393	27	-279	81	4393	27	-279	81	4393	27	-279	81	4393	27	-279	81	4393	27	-279	81	4393	27	-279	81	4393	27	-279	81	4393	27	-279	81	4393	27	-279	81	4393	27	-279	81	4393	27	-279	81	4393	27	-279	81	4393
28	-81	81	4474	28	-81	81	4474	28	-81	81	4474	28	-81	81	4474	28	-81	81	4474	28	-81	81	4474	28	-81	81	4474	28	-81	81	4474	28	-81	81	4474	28	-81	81	4474	28	-81	81	4474	28	-81	81	4474	28	-81	81	4474	28	-81	81	4474	28	-81	81	4474	28	-81	81	4474	28	-81	81	4474	28	-81	81	4474	28	-81	81	4474	28	-81	81	4474	28	-81	81	4474	28	-81	81	4474	28	-81	81	4474	28	-81	81	4474	28	-81	81	4474	28	-81	81	4474	28	-81	81	4474	28	-81	81	4474
29	-358	160	4634	29	-358	160	4634	29	-358	160	4634	29	-358	160	4634	29	-358	160	4634	29	-358	160	4634	29	-358	160	4634	29	-358	160	4634	29	-358	160	4634	29	-358	160	4634	29	-358	160	4634	29	-358	160	4634	29	-358	160	4634	29	-358	160	4634	29	-358	160	4634	29	-358	160	4634	29	-358	160	4634	29	-358	160	4634	29	-358	160	4634	29	-358	160	4634	29	-358	160	4634	29	-358	160	4634	29	-358	160	4634	29	-358	160	4634	29	-358	160	4634	29	-358	160	4634	29	-358	160	4634	29	-358	160	4634
30	-77	77	4711	30	-77	77	4711	30	-77	77	4711	30	-77	77	4711	30	-77	77	4711	30	-77	77	4711	30	-77	77	4711	30	-77	77	4711	30	-77	77	4711	30	-77	77	4711	30	-77	77	4711	30	-77	77	4711	30	-77	77	4711	30	-77	77	4711	30	-77	77	4711	30	-77	77	4711	30	-77	77	4711	30	-77	77	4711	30	-77	77	4711	30	-77	77	4711	30	-77	77	4711	30	-77	77	4711	30	-77	77	4711	30	-77	77	4711	30	-77	77	4711	30	-77	77	4711	30	-77	77	4711	30	-77	77	4711
31	-81	81	4792	31	-81	81	4792	31	-81	81	4792	31	-81	81	4792	31	-81	81	4792	31	-81	81	4792	31	-81	81	4792	31	-81	81	4792	31	-81	81	4792	31	-81	81	4792	31	-81	81	4792	31	-81	81	4792	31	-81	81	4792	31	-81	81	4792	31	-81	81	4792	31	-81	81	4792	31	-81	81	4792	31	-81	81	4792	31	-81	81	4792	31	-81	81	4792	31	-81	81	4792	31	-81	81	4792	31	-81	81	4792	31	-81	81	4792	31	-81	81	4792	31	-81	81	4792	31	-81	81	4792	31	-81	81	4792
32	-51	51	4843	32	-51	51	4843	32	-51	51	4843	32	-51	51	4843	32	-51	51	4843	32	-51	51	4843	32	-51	51	4843	32	-51	51	4843	32	-51	51	4843	32	-51	51	4843	32	-51	51	4843	32	-51	51	4843	32	-51	51	4843	32	-51	51	4843	32	-51	51	4843	32	-51	51	4843	32	-51	51	4843	32	-51	51	4843	32	-51	51	4843	32	-51	51	4843	32	-51	51	4843	32	-51	51	4843	32	-51	51	4843	32	-51	51	4843	32	-51	51	4843	32	-51	51	4843	32	-51	51	4843	32	-51	51	4843
33	-61	61	4904	33	-61	61	4904	33	-61	61	4904	33	-61	61	4904	33	-61	61	4904	33	-61	61	4904	33	-61	61	4904	33	-61	61	4904	33	-61	61	4904	33	-61	61	4904	33	-61	61	4904	33	-61	61	4904	33	-61	61	4904	33	-61	61	4904	33	-61	61	4904	33	-61	61	4904	33	-61	61	4904	33	-61	61	4904	33	-61	61	4904	33	-61	61	4904	33	-61	61	4904	33	-61	61	4904	33	-61	61	4904	33	-61	61	4904	33	-61	61	4904	33	-61	61	4904	33	-61	61	4904	33	-61	61	4904
34	-55	55	4959	34	-55	55	4959	34	-55	55	4959	34	-55	55	4959	34	-55	55	4959	34	-55	55	4959	34	-55	55	4959	34	-55	55	4959	34	-55	55	4959	34	-55	55	4959	34	-55	55	4959	34	-55	55	4959	34	-55	55	4959	34	-55	55	4959	34	-55	55	4959	34	-55	55	4959	34	-55	55	4959	34	-55	55	4959	34	-55	55	4959	34	-55	55	4959	34	-55	55	4959	34	-55	55	4959	34	-55	55	4959	34	-55	55	4959	34	-55	55	4959	34	-55	55	4959	34	-55	55	4959	34	-55	55	4959
35	-71	71	5030	35	-71	71	5030	35	-71	71	5030	35	-71	71	5030	35	-71	71	5030	35	-71	71	5030	35	-71	71	5030	35	-71	71	5030	35	-71	71	5030	35	-71	71	5030	35	-71	71	5030	35	-71	71	5030	35	-71	71	5030	35	-71	71	5030	35	-71	71	5030	35	-71	71	5030	35	-71	71	5030	35	-71	71	5030	35	-71	71	5030	35	-71	71	5030	35	-71	71	5030	35	-71	71	5030	35	-71	71	5030	35	-71	71	5030	35	-71	71	5030	35	-71	71	5030	35	-71	71	5030	35	-71	71	5030
36	-53	53	5083	36	-53	53	5083	36	-53	53	5083	36	-53	53	5083	36	-53	53	5083	36	-53	53	5083	36	-53	53	5083	36	-53	53	5083	36	-53	53	5083	36	-53	53	5083	36	-53	53	5083	36	-53	53	5083	36	-53	53	5083	36	-53	53	5083	36	-53	53	5083	36	-53	53	5083	36	-53	53	5083	36	-53	53	5083	36	-53	53	5083	36	-53	53	5083	36	-53	53	5083	36	-53	53	5083	36	-53	53	5083	36	-53	53	5083	36	-53	53	5083	36	-53	53	5083	36	-53	53	5083	36	-53	53	5083
37	-165	66	5149	37	-165	66	5149	37	-165	66	5149	37	-165	66	5149	37	-165	66	5149	37	-165	66	5149	37	-165	66	5149	37	-165	66	5149	37	-165	66	5149	37	-165	66	5149	37	-165	66	5149	37	-165	66	5149	37	-165	66	5149	37	-165	66	5149	37	-165	66	5149	37	-165	66	5149	37	-165	66	5149	37	-165	66	5149	37	-165	66	5149	37	-165	66	5149	37	-165	66	5149	37	-165	66	5149	37	-165	66	5149	37	-165	66	5149	37	-165	66	5149	37	-165	66	5149	37	-165	66	5149	37	-165	66	5149
38	-54	54	5203	38	-54	54	5203	38	-54	54	5203	38	-54	54	5203	38	-54	54	5203	38	-54	54	5203	38	-54	54	5203	38	-54	54	5203	38	-54	54	5203	38	-54	54	5203	38	-54	54	5203	38	-54	54	5203	38	-54	54	5203	38	-54	54	5203	38	-54	54	5203	38	-54	54	5203	38	-54	54	5203	38	-54	54	5203	38	-54	54	5203	38	-54	54	5203	38	-54	54	5203	38	-54	54	5203	38	-54	54	5203	38	-54	54	5203	38	-54	54	5203	38	-54	54	5203	38	-54	54	5203	38	-54	54	5203
39	-84	84	5287	39	-84	84	5287	39	-84	84	5287	39	-84	84	5287	39	-84	84	5287	39	-84	84	5287	39	-84	84	5287	39	-84	84	5287	39	-84	84	5287	39	-84	84	5287	39	-84	84	5287	39	-84	84	5287	39	-84	84	5287	39	-84	84	5287	39	-84	84	5287	39	-84	84	5287	39	-84	84	5287	39	-84	84	5287	39	-84	84	5287	39	-84	84	5287	39	-84	84	5287	39	-84	84	5287	39	-84	84	5287	39	-84	84	5287	39	-84	84	5287	39	-84	84	5287	39	-84	84	5287	39	-84	84	5287
40	-54	54	5341	40	-54	54	5341	40	-54	54	5341	40	-54	54	5341	40	-54	54	5341	40	-54	54	5341	40	-54	54	5341	40	-54	54	5341	40	-54	54	5341	40	-54	54	5341	40	-54	54	5341	40	-54	54	5341	40	-54	54	5341	40	-54	54	5341	40	-54	54	5341	40	-54	54	5341	40	-54	54	5341	40	-54	54	5341	40	-54	54	5341	40	-54	54	5341	40	-54	54	5341	40	-54	54	5341	40	-54	54	5341	40	-54	54	5341	40	-54	54	5341	40	-54	54	5341	40	-54	54	5341	40	-54	54	5341
41	-50	50	5391	41	-50	50	5391	41	-50	50	5391	41	-50	50	5391	41	-50	50	5391	41	-50	50	5391	41	-50	50	5391	41	-50	50	5391	41	-50	50	5391	41	-50	50	5391	41	-50	50	5391	41	-50	50	5391	41	-50	50	5391	41	-50	50	5391	41	-50	50	5391	41	-50	50	5391	41	-50	50	5391	41	-50	50	5391	41	-50	50	5391	41	-50	50	5391	41	-50	50	5391	41	-50	50	5391	41	-50	50	5391	41	-50	50	5391	41	-50	50	5391	41	-50	50	5391	41	-50	50	5391	41	-50	50	5391
42	-41	41	5432	42	-41	41	5432	42	-41	41	5432	42	-41	41	5432	42	-41	41	5432	42	-41	41	5432	42	-41	41	5432	42	-41	41	5432	42	-41	41	5432	42	-41	41	5432	42	-41	41	5432	42	-41	41	5432	42	-41	41	5432	42	-41	41	5432	42	-41	41	5432	42	-41	41	5432	42	-41	41	5432	42	-41	41	5432	42	-41	41	5432	42	-41	41	5432	42	-41	41	5432	42	-41	41	5432	42	-41	41	5432	42	-41	41	5432	42	-41	41	5432	42	-41	41	5432	42	-41	41	5432	42	-41	41	5432
43	-201	102	5534	43	-201	102	5534	43	-201	102	5534	43	-201	102	5534	43	-201	102	5534	43	-201	102	5534	43	-201	102	5534	43	-201	102	5534	43	-201	102	5534	43	-201	102	5534	43	-201	102	5534	43	-201	102	5534	43	-201	102	5534	43	-201	102	5534	43	-201	102	5534	43	-201	102	5534	43	-201	102	5534	43	-201	102	5534	43	-201	102	5534	43	-201	102	5534	43	-201	102	5534	43	-201	102	5534	43	-201	102	5534	43	-201	102	5534	43	-201	102	5534	43	-201	102	5534	43	-201	102	5534	43	-201	102	5534
44	-44	44	5578	44	-44	44	5578	44	-44	44	5578	44	-44	44	5578	44	-44	44	5578	44	-44	44	5578	44	-44	44	5578	44	-44	44	5578	44	-44	44	5578	44	-44	44	5578	44	-44	44	5578	44	-44	44	5578	44	-44	44	5578	44	-44	44	5578	44	-44	44	5578	44	-44	44	5578	44	-44	44	5578	44	-44	44	5578	44	-44	44	5578	44	-44	44	5578	44	-44	44	5578	44	-44	44	5578	44	-44	44	5578	44	-44	44	5578	44	-44	44	5578	44	-44	44	5578	44	-44	44	5578	44	-44	44	5578
45	-69	69	5647	45	-69	69	5647	45	-69	69	5647	45	-69	69	5647	45	-69	69	5647	45	-69	69	5647	45	-69	69	5647	45	-69	69	5647	45	-69	69	5647	45	-69	69	5647	45	-69	69	5647	45	-69	69	5647	45	-69	69	5647	45	-69	69	5647	45	-69	69	5647	45	-69	69	5647	45	-69	69	5647	45	-69	69	5647	45	-69	69	5647	45	-69	69	5647	45	-69	69	5647	45	-69	69	5647	45	-69	69	5647	45	-69	69	5647	45	-69	69	5647	45	-69	69	5647	45	-69	69	5647	45	-69	69	5647
46	-334	136	5783	46	-334	136	5783	46	-334	136	5783	46	-334	136	5783	46	-334	136	5783	46	-334	136	5783	46	-334	136	5783	46	-334	136	5783	46	-334	136	5783	46	-334	136	5783	46	-334	136	5783	46	-334	136	5783	46	-334	136	5783	46	-334	136	5783	46	-334	136	5783	46	-334	136	5783	46	-334	136	5783	46	-334	136	5783	46	-334	136	5783	46	-334	136	5783	46	-334	136	5783	46	-334	136	5783	46	-334	136	5783	46	-334	136	5783	46	-334	136	5783	46	-334	136	5783	46	-334	136	5783	46	-334	136	5783
47	-144	45	5828	47	-144	45	5828	47	-144	45	5828	47	-144	45	5828	47	-144	45	5828	47	-144	45	5828	47	-144	45	5828	47	-144	45	5828	47	-144	45	5828	47	-144	45	5828	47	-144	45	5828	47	-144	45	5828	47	-144	45	5828	47	-144	45	5828	47	-144	45	5828	47	-144	45	5828	47	-144	45	5828	47	-144	45	5828	47	-144	45	5828	47	-144	45	5828	47	-144	45	5828	47	-144	45	5828	47	-144	45	5828	47	-144	45	5828	47	-144	45	5828	47	-144	45	5828	47	-144	45	5828	47	-144	45	5828
48	-50	50	5878	48	-50	50	5878	48	-50	50	5878	48	-50	50	5878	48	-50	50	5878	48	-50	50	5878	48	-50	50	5878	48	-50	50	5878	48	-50	50	5878	48	-50	50	5878	48	-50	50	5878	48	-50	50	5878	48	-50	50	5878	48	-50	50	5878	48	-50	50	5878	48	-50	50	5878	48	-50	50	5878	48	-50	50	5878	48	-50	50	5878	48	-50	50	5878	48	-50	50	5878	48	-50	50	5878	48	-50	50	5878	48	-50	50	5878	48	-50	50	5878	48	-50	50	5878	48	-50	50	5878	48	-50	50	5878
49	-65	65	5943	49	-65	65	5943	49	-65	65	5943	49	-65	65	5943	49	-65	65	5943	49	-65	65	5943	49	-65	65	5943	49	-65	65	5943	49	-65	65	5943	49	-65	65	5943	49	-65	65	5943	49	-65	65	5943	49	-65	65	5943	49	-65	65	5943	49	-65	65	5943	49	-65	65	5943	49	-65	65	5943	49	-65	65	5943	49	-65	65	5943	49	-65	65	5943	49	-65	65	5943	49	-65	65	5943	49	-65	65	5943	49	-65	65	5943	49	-65	65	5943	49	-65	65	5943	49	-65	65	5943	49	-65	65	5943
50	-48	48	5991	50	-48	48	5991	50	-48	48	5991	50	-48	48	5991	50	-48	48	5991	50	-48	48	5991	50	-48	48	5991	50	-48	48	5991	50	-48	48	5991	50	-48	48	5991	50	-48	48	5991	50	-48	48	5991	50	-48	48	5991	50	-48	48	5991	50	-48	48	5991	50	-48	48	5991	50	-48	48	5991	50	-48	48	5991	50	-48	48	5991	50	-48	48	5991	50	-48	48	5991	50	-48	48	5991	50	-48	48	5991	50	-48	48	5991	50	-48	48	5991	50	-48	48	5991	50	-48	48	5991	50	-48	48	5991
51	-36	36	6027	51	-36	36	6027	51	-36	36	6027	51	-36	36	6027	51	-36	36	6027	51	-36	36	6027	51	-36	36	6027	51	-36	36	6027	51	-36	36	6027	51	-36	36	6027	51	-36	36	6027	51	-36	36	6027	51	-36	36	6027	51	-36	36	6027	51	-36	36	6027	51	-36	36	6027	51	-36	36	6027	51	-36	36	6027	51	-36	36	6027	51	-36	36	6027	51	-36	36	6027	51	-36	36	6027	51	-36	36	6027	51	-36	36	6027	51	-36	36	6027	51	-36	36	6027	51	-36	36	6027	51	-36	36	6027
52	-36	36	6063	52	-36	36	6063	52	-36	36	6063	52	-36	36	6063	52	-36	36	6063	52	-36	36	6063	52	-36	36	6063	52	-36	36	6063	52	-36	36	6063	52	-36	36	6063	52	-36	36	6063	52	-36	36	6063	52	-36	36	6063	52	-36	36	6063	52	-36	36	6063	52	-36	36	6063	52	-36	36	6063	52	-36	36	6063	52	-36	36	6063	52	-36	36	6063	52	-36	36	6063	52	-36	36	6063	52	-36	36	6063	52	-36	36	6063	52	-36	36	6063	52	-36	36	6063	52	-36	36	6063	52	-36	36	6063
53	-75	75	6138	53	-75	75	6138	53	-75	75	6138	53	-75	75	6138	53	-75	75	6138	53	-75	75	6138	53	-75	75	6138	53	-75	75	6138	53	-75	75	6138	53	-75	75	6138	53	-75	75	6138	53	-75	75	6138	53	-75	75	6138	53	-75	75	6138	53	-75	75	6138	53	-75	75	6138	53	-75	75	6138	53	-75	75	6138	53	-75	75	6138	53	-75	75	6138	53	-75	75	6138	53	-75	75	6138	53	-75	75	6138	53	-75	75	6138	53	-75	75	6138	53	-75	75	6138	53	-75	75	6138	53	-75	75	6138
54	-54	54	6192	54	-54	54	6192	54	-54	54	6192	54	-54	54	6192	54	-54	54	6192	54	-54	54	6192	54	-54	54	6192	54	-54	54	6192	54	-54	54	6192	54	-54	54	6192	54	-54	54	6192	54	-54	54	6192	54	-54	54	6192	54	-54	54	6192	54	-54	54	6192	54	-54	54	6192	54	-54	54	6192	54	-54	54	6192	54	-54	54	6192	54	-54	54	6192	54	-54	54	6192	54	-54	54	6192	54	-54	54	6192	54	-54	54	6192	54	-54	54	6192	54	-54	54	6192	54	-54	54	6192	54	-54	54	6192
55	-62	62	6254	55	-62	62	6254	55	-62	62	6254	55	-62	62	6254	55	-62	62	6254	55	-62	62	6254	55	-62	62	6254	55	-62	62	6254	55	-62	62	6254	55	-62	62	6254	55	-62	62	6254	55	-62	62	6254	55	-62	62	6254	55	-62	62	6254	55	-62	62	6254	55	-62	62	6254	55	-62	62	6254	55	-62	62	6254	55	-62	62	6254	55	-62	62	6254	55	-62	62	6254	55	-62	62	6254	55	-62	62	6254	55	-62	62	6254	55	-62	62	6254	55	-62	62	6254	55	-62	62	6254	55	-62	62	6254
56	-54	54	6308	56	-54	54	6308	56	-54	54	6308	56	-54	54	6308	56	-54	54	6308	56	-54	54	6308	56	-54	54	6308	56	-54	54	6308	56	-54	54	6308	56	-54	54	6308	56	-54	54	6308	56	-54	54	6308	56	-54	54	6308	56	-54	54	6308	56	-54	54	6308	56	-54	54	6308	56	-54	54	6308	56	-54	54	6308	56	-54	54	6308	56	-54	54	6308	56	-54	54	6308	56	-54	54	6308	56	-54	54	6308	56	-54	54	6308	56	-54	54	6308	56	-54	54	6308	56	-54	54	6308	56	-54	54	6308
57	-259	61	6369	57	-259	61	6369	57	-259	61	6369	57	-259	61	6369	57	-259	61	6369	57	-259	61	6369	57	-259	61	6369	57	-259	61	6369	57	-259	61	6369	57	-259	61	6369	57	-259	61	6369	57	-259	61	6369	57	-259	61	6369	57	-259	61	6369	57	-259	61	6369	57	-259	61	6369	57	-259	61	6369	57	-259	61	6369	57	-259	61	6369	57	-259	61	6369	57	-259	61	6369	57	-259	61	6369	57	-259	61	6369	57	-259	61	6369	57	-259	61	6369	57	-259	61	6369	57	-259	61	6369	57	-259	61	6369
58	-184	85	6454	58	-184	85	6454	58	-184	85	6454	58	-184	85	6454	58	-184	85	6454	58	-184	85	6454	58	-184	85	6454	58	-184	85	6454	58	-184	85	6454	58	-184	85	6454	58	-184	85	6454	58	-184	85	6454	58	-184	85	6454	58	-184	85	6454	58	-184	85	6454	58	-184	85	6454	58	-184	85	6454	58	-184	85	6454	58	-184	85	6454	58	-184	85	6454	58	-184	85	6454	58	-184	85	6454	58	-184	85	6454	58	-184	85	6454	58	-184	85	6454	58	-184	85	6454	58	-184	85	6454	58	-184	85	6454
59	-202	103	6557	59	-202	103	6557	59	-202	103	6557	59	-202	103	6557	59	-202	103	6557	59	-202	103	6557	59	-202	103	6557	59	-202	103	6557	59	-202	103	6557	59	-202	103	6557	59	-202	103	6557	59	-202	103	6557	59	-202	103	6557	59	-202	103	6557	59	-202	103	6557	59	-202	103	6557	59	-202	103	6557	59	-202	103	6557	59	-202	103	6557	59	-202	103	6557	59	-202	103	6557	59	-202	103	6557	59	-202	103	6557	59	-202	103	6557	59	-202	103	6557	59	-202	103	6557	59	-202	103	6557	59	-202	103	6557
60	-150	51	6608	60	-150	51	6608	60	-150	51	6608	60	-150	51	6608	60	-150	51	6608	60	-150	51	6608	60	-150	51	6608	60	-150	51	6608	60	-150	51	6608	60	-150	51	6608	60	-150	51	6608	60	-150	51	6608	60	-150	51	6608	60	-150	51	6608	60	-150	51	6608	60	-150	51	6608	60	-150	51	6608	60	-150	51	6608	60	-150	51	6608	60	-150	51	6608	60	-150	51	6608	60	-150	51	6608	60	-150	51	6608	60	-150	51	6608	60	-150	51	6608	60	-150	51	6608	60	-150	51	6608	60	-150	51	6608
61	-265	67	6675	61	-265	67	6675	61	-265	67	6675	61	-265	67	6675	61	-265	67	6675	61	-265	67	6675	61	-265	67	6675	61	-265	67	6675	61	-265	67	6675	61	-265	67	6675	61	-265	67	6675	61	-265	67	6675	61	-265	67	6675	61	-265	67	6675	61	-265	67	6675	61	-265	67	6675	61	-265	67	6675	61	-265	67	6675	61	-265	67	6675	61	-265	67	6675	61	-265	67	6675	61	-265	67	6675	61	-265	67	6675	61	-265	67	6675	61	-265	67	6675	61	-265	67	6675	61	-265	67	6675	61	-265	67	6675
62	-542	146	6821	62	-542	146	6821	62	-542	146	6821	62	-542	146	6821	62	-542	146	6821	62	-542	146	6821	62	-542	146	6821	62	-542	146	6821	62	-542	146	6821	62	-542	146	6821	62	-542	146	6821	62	-542	146	6821	62	-542	146	6821	62	-542	146	6821	62	-542	146	6821	62	-542	146	6821	62	-542	146	6821	62	-542	146	6821	62	-542	146	6821	62	-542	146	6821	62	-542	146	6821	62	-542	146	6821	62	-542	146	6821	62	-542	146	6821	62	-542	146	6821	62	-542	146	6821	62	-542	146	6821	62	-542	146	6821
63	-279	81	6902	63	-279	81	6902	63	-279	81	6902	63	-279	81	6902	63	-279	81	6902	63	-279	81	6902	63	-279	81	6902	63	-279	81	6902	63	-279	81	6902	63	-279	81	6902	63	-279	81	6902	63	-279	81	6902	63	-279	81	6902	63	-279	81	6902	63	-279	81	6902	63	-279	81	6902	63	-279	81	6902	63	-279	81	6902	63	-279	81	6902	63	-279	81	6902	63	-279	81	6902	63	-279	81	6902	63	-279	81	6902	63	-279	81	6902	63	-279	81	6902	63	-279	81	6902	63	-279	81	6902	63	-279	81	6902
64	-16	16	6918	64	-16	16	6918	64	-16	16	6918	64	-16	16	6918	64	-16	16	6918	64	-16	16	6918	64	-16	16	6918	64	-16	16	6918	64	-16	16	6918	64	-16	16	6918	64	-16	16	6918	64	-16	16	6918	64	-16	16	6918	64	-16	16	6918	64	-16	16	6918	64	-16	16	6918	64	-16	16	6918	64	-16	16	6918	64	-16	16	6918	64	-16	16	6918	64	-16	16	6918	64	-16	16	6918	64	-16	16	6918	64	-16	16	6918	64	-16	16	6918	64	-16	16	6918	64	-16	16	6918	64	-16	16	6918
65	-287	89	7007	65	-287	89	7007	65	-287	89	7007	65	-287	89	7007	65	-287	89	7007	65	-287	89	7007	65	-287	89	7007	65	-287	89	7007	65	-287	89	7007	65	-287	89	7007	65	-287	89	7007	65	-287	89	7007	65	-287	89	7007	65	-287	89	7007	65	-287	89	7007	65	-287	89	7007	65	-287	89	7007	65	-287	89	7007	65	-287	89	7007	65	-287	89	7007	65	-287	89	7007	65	-287	89	7007	65	-287	89	7007	65	-287	89	7007	65	-287	89	7007	65	-287	89	7007	65	-287	89	7007	65	-287	89	7007
66	-59	59	7066	66	-59	59	7066	66	-59	59	7066	66	-59	59	7066	66	-59	59	7066	66	-59	59	7066	66	-59	59	7066	66	-59	59	7066	66	-59	59	7066	66	-59	59	7066	66	-59	59	7066	66	-59	59	7066	66	-59	59	7066	66	-59	59	7066	66	-59	59	7066	66	-59	59	7066	66	-59	59	7066	66	-59	59	7066	66	-59	59	7066	66	-59	59	7066	66	-59	59	7066	66	-59	59	7066	66	-59	59	7066	66	-59	59	7066	66	-59	59	7066	66	-59	59	7066	66	-59	59	7066	66	-59	59	7066
67	-177	78	7144	67	-177	78	7144	67	-177	78	7144	67	-177	78	7144	67	-177	78	7144	67	-177	78	7144	67	-177	78	7144	67	-177	78	7144	67	-177	78	7144	67	-177	78	7144	67	-177	78	7144	67	-177	78	7144	67	-177	78	7144	67	-177	78	7144	67	-177	78	7144	67	-177	78	7144	67	-177	78	7144	67	-177	78	7144	67	-177	78	7144	67	-177	78	7144	67	-177	78	7144	67	-177	78	7144	67	-177	78	7144	67	-177	78	7144	67	-177	78	7144	67	-177	78	7144	67	-177	78	7144	67	-177	78	7144
68	-36	36	7180	68	-36	36	7180	68	-36	36	7180	68	-36	36	7180	68	-36	36	7180	68	-36	36	7180	68	-36	36	7180	68	-36	36	7180	68	-36	36	7180	68	-36	36	7180	68	-36	36	7180	68	-36	36	7180	68	-36	36	7180	68	-36	36	7180	68	-36	36	7180	68	-36	36	7180	68	-36	36	7180	68	-36	36	7180	68	-36	36	7180	68	-36	36	7180	68	-36	36	7180	68	-36	36	7180	68	-36	36	7180	68	-36	36	7180	68	-36	36	7180	68	-36	36	7180	68	-36	36	7180	68	-36	36	7180
69	-45	45	7225	69	-45	45	7225	69	-45	45	7225	69	-45	45	7225	69	-45	45	7225	69	-45	45	7225	69	-45	45	7225	69	-45	45	7225	69	-45	45	7225	69	-45	45	7225	69	-45	45	7225	69	-45	45	7225	69	-45	45	7225	69	-45	45	7225	69	-45	45	7225	69	-45	45	7225	69	-45	45	7225	69	-45	45	7225	69	-45	45	7225	69	-45	45	7225	69	-45	45	7225	69	-45	45	7225	69	-45	45	7225	69	-45	45	7225	69	-45	45	7225	69	-45	45	7225	69	-45	45	7225	69	-45	45	7225
70	-125	26	7251	70	-125	26	7251	70	-125	26	7251	70	-125	26	7251	70	-125	26	7251	70	-125	26	7251	70	-125	26	7251	70	-125	26	7251	70	-125	26	7251	70	-125	26	7251	70	-125	26	7251	70	-125	26	7251	70	-125	26	7251	70	-125	26	7251	70	-125	26	7251	70	-125	26	7251	70	-125	26	7251	70	-125	26	7251	70	-125	26	7251	70	-125	26	7251	70	-125	26	7251	70	-125	26	7251	70	-125	26	7251	70	-125	26	7251	70	-125	26	7251	70	-125	26	7251	70	-125	26	7251	70	-125	26	7251
71	-40	40	7291	71	-40	40	7291	71	-40	40	7291	71	-40	40	7291	71	-40	40	7291	71	-40	40	7291	71	-40	40	7291	71	-40	40	7291	71	-40	40	7291	71	-40	40	7291	71	-40	40	7291	71	-40	40	7291	71	-40	40	7291	71	-40	40	7291	71	-40	40	7291	71	-40	40	7291	71	-40	40	7291	71	-40	40	7291	71	-40	40	7291	71	-40	40	7291	71	-40	40	7291	71	-40	40	7291	71	-40	40	7291	71	-40	40	7291	71	-40	40	7291	71	-40	40	7291	71	-40	40	7291	71	-40	40	7291
72	-281	83	7374	72	-281	83	7374	72	-281	83	7374	72	-281	83	7374	72	-281	83	7374	72	-281	83	7374	72	-281	83	7374	72	-281	83	7374	72	-281	83	7374	72	-281	83	7374	72	-281	83	7374	72	-281	83	7374	72	-281	83	7374	72	-281	83	7374	72	-281	83	7374	72	-281	83	7374	72	-281	83	7374	72	-281	83	7374	72	-281	83	7374	72	-281	83	7374	72	-281	83	7374	72	-281	83	7374	72	-281	83	7374	72	-281	83	7374	72	-281	83	7374	72	-281	83	7374	72	-281	83	7374	72	-281	83	7374
73	-164	65	7439	73	-164	65	7439	73	-164	65	7439	73	-164	65	7439	73	-164	65	7439	73	-164	65	7439	73	-164	65	7439	73	-164	65	7439	73	-164	65	7439	73	-164	65	7439	73	-164	65	7439	73	-164	65	7439	73	-164	65	7439	73	-164	65	7439	73	-164	65	7439	73	-164	65	7439	73	-164	65	7439	73	-164	65	7439	73	-164	65	7439	73	-164	65	7439	73	-164	65	7439	73	-164	65	7439	73	-164	65	7439	73	-164	65	7439	73	-164	65	7439	73	-164	65	7439	73	-164	65	7439	73	-164	65	7439
74	-296	98	7537	74	-296	98	7537	74	-296	98	7537	74	-296	98	7537	74	-296	98	7537	74	-296	98	7537	74	-296	98	7537	74	-296	98	7537	74	-296	98	7537	74	-296	98	7537	74	-296	98	7537	74	-296	98	7537	74	-296	98	7537	74	-296	98	7537	74	-296	98	7537	74	-296	98	7537	74	-296	98	7537	74	-296	98	7537	74	-296	98	7537	74	-296	98	7537	74	-296	98	7537	74	-296	98	7537	74	-296	98	7537	74	-296	98	7537	74	-296	98	7537	74	-296	98	7537	74	-296	98	7537	74	-296	98	7537
75	-37	37	7574	75	-37	37	7574	75	-37	37	7574	75	-37	37	7574	75	-37	37	7574	75	-37	37	7574	75	-37	37	7574	75	-37	37	7574	75	-37	37	7574	75	-37	37	7574	75	-37	37	7574	75	-37	37	7574	75	-37	37	7574	75	-37	37	7574	75	-37	37	7574	75	-37	37	7574	75	-37	37	7574	75	-37	37	7574	75	-37	37	7574	75	-37	37	7574	75	-37	37	7574	75	-37	37	7574	75	-37	37	7574	75	-37	37	7574	75	-37	37	7574	75	-37	37	7574	75	-37	37	7574	75	-37	37	7574
76	-23	23	7597	76	-23	23	7597	76	-23	23	7597	76	-23	23	7597	76	-23	23	7597	76	-23	23	7597	76	-23	23	7597	76	-23	23	7597	76	-23	23	7597	76	-23	23	7597	76	-23	23	7597	76	-23	23	7597	76	-23	23	7597	76	-23	23	7597	76	-23	23	7597	76	-23	23	7597	76	-23	23	7597	76	-23	23	7597	76	-23	23	7597	76	-23	23	7597	76	-23	23	7597	76	-23	23	7597	76	-23	23	7597	76	-23	23	7597	76	-23	23	7597	76	-23	23	7597	76	-23	23	7597	76	-23	23	7597
77	-41	41	7638	77	-41	41	7638	77	-41	41	7638	77	-41	41	7638	77	-41	41	7638	77	-41	41	7638	77	-41	41	7638	77	-41	41	7638	77	-41	41	7638	77	-41	41	7638	77	-41	41	7638	77	-41	41	7638	77	-41	41	7638	77	-41	41	7638	77	-41	41	7638	77	-41	41	7638	77	-41	41	7638	77	-41	41	7638	77	-41	41	7638	77	-41	41	7638	77	-41	41	7638	77	-41	41	7638	77	-41	41	7638	77	-41	41	7638	77	-41	41	7638	77	-41	41	7638	77	-41	41	7638	77	-41	41	7638
78	-128	29	7667	78	-128	29	7667	78	-128	29	7667	78	-128	29	7667	78	-128	29	7667	78	-128	29	7667	78	-128	29	7667	78	-128	29	7667	78	-128	29	7667	78	-128	29	7667	78	-128	29	7667	78	-128	29	7667	78	-128	29	7667	78	-128	29	7667	78	-128	29	7667	78	-128	29	7667	78	-128	29	7667	78	-128	29	7667	78	-128	29	7667	78	-128	29	7667	78	-128	29	7667	78	-128	29	7667	78	-128	29	7667	78	-128	29	7667	78	-128	29	7667	78	-128	29	7667	78	-128	29	7667	78	-128	29	7667
79	-138	39	7706	79	-138	39	7706	79	-138	39	7706	79	-138	39	7706	79	-138	39	7706	79	-138	39	7706	79	-138	39	7706	79	-138	39	7706	79	-138	39	7706	79	-138	39	7706	79	-138	39	7706	79	-138	39	7706	79	-138	39	7706	79	-138	39	7706	79	-138	39	7706	79	-138	39	7706	79	-138	39	7706	79	-138	39	7706	79	-138	39	7706	79	-138	39	7706	79	-138	39	7706	79	-138	39	7706	79	-138	39	7706	79	-138	39	7706	79	-138	39	7706	79	-138	39	7706	79	-138	39	7706	79	-138	39	7706
80	-52	52	7758	80	-52	52	7758	80	-52	52	7758	80	-52	52	7758	80	-52	52	7758	80	-52	52	7758	80	-52	52	7758	80	-52	52	7758	80	-52	52	7758	80	-52	52	7758	80	-52	52	7758	80	-52	52	7758	80	-52	52	7758	80	-52	52	7758	80	-52	52	7758	80	-52	52	7758	80	-52	52	7758	80	-52	52	7758	80	-52	52	7758	80	-52	52	7758	80	-52	52	7758	80	-52	52	7758	80	-52	52	7758	80	-52	52	7758	80	-52	52	7758	80	-52	52	7758	80	-52	52	7758	80	-52	52	7758
81	-137	38	7796	81	-137	38	7796	81	-137	38	7796	81	-137	38	7796	81	-137	38	7796	81	-137	38	7796	81	-137	38	7796	81	-137	38	7796	81	-137	38	7796	81	-137	38	7796	81	-137	38	7796	81	-137	38	7796	81	-137	38	7796	81	-137	38	7796	81	-137	38	7796	81	-137	38	7796	81	-137	38	7796	81	-137	38	7796	81	-137	38	7796	81	-137	38	7796	81	-137	38	7796	81	-137	38	7796	81	-137	38	7796	81	-137	38	7796	81	-137	38	7796	81	-137	38	7796	81	-137	38	7796	81	-137	38	7796
82	-37	37	7833	82	-37	37	7833	82	-37	37	7833	82	-37	37	7833	82	-37	37	7833	82	-37	37	7833	82	-37	37	7833	82	-37	37	7833	82	-37	37	7833	82	-37	37	7833	82	-37	37	7833	82	-37	37	7833	82	-37	37	7833	82	-37	37	7833	82	-37	37	7833	82	-37	37	7833	82	-37	37	7833	82	-37	37	7833	82	-37	37	7833	82	-37	37	7833	82	-37	37	7833	82	-37	37	7833	82	-37	37	7833	82	-37	37	7833	82	-37	37	7833	82	-37	37	7833	82	-37	37	7833	82	-37	37	7833
83	-27	27	7860	83	-27	27	7860	83	-27	27	7860	83	-27	27	7860	83	-27	27	7860	83	-27	27	7860	83	-27	27	7860	83	-27	27	7860	83	-27	27	7860	83	-27	27	7860	83	-27	27	7860	83	-27	27	7860	83	-27	27	7860	83	-27	27	7860	83	-27	27	7860	83	-27	27	7860	83	-27	27	7860	83	-27	27	7860	83	-27	27	7860	83	-27	27	7860	83	-27	27	7860	83	-27	27	7860	83	-27	27	7860	83	-27	27	7860	83	-27	27	7860	83	-27	27	7860	83	-27	27	7860	83	-27	27	7860
84	-136	37	7897	84	-136	37	7897	84	-136	37	7897	84	-136	37	7897	84	-136	37	7897	84	-136	37	7897	84	-136	37	7897	84	-136	37	7897	84	-136	37	7897	84	-136	37	7897	84	-136	37	7897	84	-136	37	7897	84	-136	37	7897	84	-136	37	7897	84	-136	37	7897	84	-136	37	7897	84	-136	37	7897	84	-136	37	7897	84	-136	37	7897	84	-136	37	7897	84	-136	37	7897	84	-136	37	7897	84	-136	37	7897	84	-136	37	7897	84	-136	37	7897	84	-136	37	7897	84	-136	37	7897	84	-136	37	7897
85	-40	40	7937	85	-40	40	7937	85	-40	40	7937	85	-40	40	7937	85	-40	40	7937	85	-40	40	7937	85	-40	40	7937	85	-40	40	7937	85	-40	40	7937	85	-40	40	7937	85	-40	40	7937	85	-40	40	7937	85	-40	40	7937	85	-40	40	7937	85	-40	40	7937	85	-40	40	7937	85	-40	40	7937	85	-40	40	7937	85	-40	40	7937	85	-40	40	7937	85	-40	40	7937	85	-40	40	7937	85	-40	40	7937	85	-40	40	7937	85	-40	40	7937	85	-40	40	7937	85	-40	40	7937	85	-40	40	7937
86	-20	20	7957	86	-20	20	7957	86	-20	20	7957	86	-20	20	7957	86	-20	20	7957	86	-20	20	7957	86	-20	20	7957	86	-20	20	7957	86	-20	20	7957	86	-20	20	7957	86	-20	20	7957	86	-20	20	7957	86	-20	20	7957	86	-20	20	7957	86	-20	20	7957	86	-20	20	7957	86	-20	20	7957	86	-20	20	7957	86	-20	20	7957	86	-20	20	7957	86	-20	20	7957	86	-20	20	7957	86	-20	20	7957	86	-20	20	7957	86	-20	20	7957	86	-20	20	7957	86	-20	20	7957	86	-20	20	7957
87	-32	32	7989	87	-32	32	7989	87	-32	32	7989	87	-32	32	7989	87	-32	32	7989	87	-32	32	7989	87	-32	32	7989	87	-32	32	7989	87	-32	32	7989	87	-32	32	7989	87	-32	32	7989	87	-32	32	7989	87	-32	32	7989	87	-32	32	7989	87	-32	32	7989	87	-32	32	7989	87	-32	32	7989	87	-32	32	7989	87	-32	32	7989	87	-32	32	7989	87	-32	32	7989	87	-32	32	7989	87	-32	32	7989	87	-32	32	7989	87	-32	32	7989	87	-32	32	7989	87	-32	32	7989	87	-32	32	7989
88	-37	37	8026	88	-37	37	8026	88	-37	37	8026	88	-37	37	8026	88	-37	37	8026	88	-37	37	8026	88	-37	37	8026	88	-37	37	8026	88	-37	37	8026	88	-37	37	8026	88	-37	37	8026	88	-37	37	8026	88	-37	37	8026	88	-37	37	8026	88	-37	37	8026	88	-37	37	8026	88	-37	37	8026	88	-37	37	8026	88	-37	37	8026	88	-37	37	8026	88	-37	37	8026	88	-37	37	8026	88	-37	37	8026	88	-37	37	8026	88	-37	37	8026	88	-37	37	8026	88	-37	37	8026	88	-37	37	8026
89	-41	41	8067	89	-41	41	8067	89	-41	41	8067	89	-41	41	8067	89	-41	41	8067	89	-41	41	8067	89	-41	41	8067	89	-41	41	8067	89	-41	41	8067	89	-41	41	8067	89	-41	41	8067	89	-41	41	8067	89	-41	41	8067	89	-41	41	8067	89	-41	41	8067	89	-41	41	8067	89	-41	41	8067	89	-41	41	8067	89	-41	41	8067	89	-41	41	8067	89	-41	41	8067	89	-41	41	8067	89	-41	41	8067	89	-41	41	8067	89	-41	41	8067	89	-41	41	8067	89	-41	41	8067	89	-41	41	8067
90	-44	44	8111	90	-44	44	8111	90	-44	44	8111	90	-44	44	8111	90	-44	44	8111	90	-44	44	8111	90	-44	44	8111	90	-44	44	8111	90	-44	44	8111	90	-44	44	8111	90	-44	44	8111	90	-44	44	8111	90	-44	44	8111	90	-44	44	8111	90	-44	44	8111	90	-44	44	8111	90	-44	44	8111	90	-44	44	8111	90	-44	44	8111	90	-44	44	8111	90	-44	44	8111	90	-44	44	8111	90	-44	44	8111	90	-44	44	8111	90	-44	44	8111	90	-44	44	8111	90	-44	44	8111	90	-44	44	8111
91	-35	35	8146	91	-35	35	8146	91	-35	35	8146	91	-35	35	8146	91	-35	35	8146	91	-35	35	8146	91	-35	35	8146	91	-35	35	8146	91	-35	35	8146	91	-35	35	8146	91	-35	35	8146	91	-35	35	8146	91	-35	35	8146	91	-35	35	8146	91	-35	35	8146	91	-35	35	8146	91	-35	35	8146	91	-35	35	8146	91	-35	35	8146	91	-35	35	8146	91	-35	35	8146	91	-35	35	8146	91	-35	35	8146	91	-35	35	8146	91	-35	35	8146	91	-35	35	8146	91	-35	35	8146	91	-35	35	8146
92	-26	26	8172	92	-26	26	8172	92	-26	26	8172	92	-26	26	8172	92	-26	26	8172	92	-26	26	8172	92	-26	26	8172	92	-26	26	8172	92	-26	26	8172	92	-26	26	8172	92	-26	26	8172	92	-26	26	8172	92	-26	26	8172	92	-26	26	8172	92	-26	26	8172	92	-26	26	8172	92	-26	26	8172	92	-26	26	8172	92	-26	26	8172	92	-26	26	8172	92	-26	26	8172	92	-26	26	8172	92	-26	26	8172	92	-26	26	8172	92	-26	26	8172	92	-26	26	8172	92	-26	26	8172	92	-26	26	8172
93	-47	47	8219	93	-47	47	8219	93	-47	47	8219	93	-47	47	8219	93	-47	47	8219	93	-47	47	8219	93	-47	47	8219	93	-47	47	8219	93	-47	47	8219	93	-47	47	8219	93	-47	47	8219	93	-47	47	8219	93	-47	47	8219	93	-47	47	8219	93	-47	47	8219	93	-47	47	8219	93	-47	47	8219	93	-47	47	8219	93	-47	47	8219	93	-47	47	8219	93	-47	47	8219	93	-47	47	8219	93	-47	47	8219	93	-47	47	8219	93	-47	47	8219	93	-47	47	8219	93	-47	47	8219	93	-47	47	8219
94	-32	32	8251	94	-32	32	8251	94	-32	32	8251	94	-32	32	8251	94	-32	32	8251	94	-32	32	8251	94	-32	32	8251	94	-32	32	8251	94	-32	32	8251	94	-32	32	8251	94	-32	32	8251	94	-32	32	8251	94	-32	32	8251	94	-32	32	8251	94	-32	32	8251	94	-32	32	8251	94	-32	32	8251	94	-32	32	8251	94	-32	32	8251	94	-32	32	8251	94	-32	32	8251	94	-32	32	8251	94	-32	32	8251	94	-32	32	8251	94	-32	32	8251	94	-32	32	8251	94	-32	32	8251	94	-32	32	8251
95	-29	29	8280	95	-29	29	8280	95	-29	29	8280	95	-29	29	8280	95	-29	29	8280	95	-29	29	8280	95	-29	29	8280	95	-29	29	8280	95	-29	29	8280	95	-29	29	8280	95	-29	29	8280	95	-29	29	8280	95	-29	29	8280	95	-29	29	8280	95	-29	29	8280	95	-29	29	8280	95	-29	29	8280	95	-29	29	8280	95	-29	29	8280	95	-29	29	8280	95	-29	29	8280	95	-29	29	8280	95	-29	29	8280	95	-29	29	8280	95	-29	29	8280	95	-29	29	8280	95	-29	29	8280	95	-29	29	8280
96	-281	83	8363	96	-281	83	8363	96	-281	83	8363	96	-281	83	8363	96	-281	83	8363	96	-281	83	8363	96	-281	83	8363	96	-281	83	8363	96	-281	83	8363	96	-281	83	8363	96	-281	83	8363	96	-281	83	8363	96	-281	83	8363	96	-281	83	8363	96	-281	83	8363	96	-281	83	8363	96	-281	83	8363	96	-281	83	8363	96	-281	83	8363	96	-281	83	8363	96	-281	83	8363	96	-281	83	8363	96	-281	83	8363	96	-281	83	8363	96	-281	83	8363	96	-281	83	8363	96	-281	83	8363	96	-281	83	8363
97	-19	19	8382	97	-19	19	8382	97	-19	19	8382	97	-19	19	8382	97	-19	19	8382	97	-19	19	8382	97	-19	19	8382	97	-19	19	8382	97	-19	19	8382	97	-19	19	8382	97	-19	19	8382	97	-19	19	8382	97	-19	19	8382	97	-19	19	8382	97	-19	19	8382	97	-19	19	8382	97	-19	19	8382	97	-19	19	8382	97	-19	19	8382	97	-19	19	8382	97	-19	19	8382	97	-19	19	8382	97	-19	19	8382	97	-19	19	8382	97	-19	19	8382	97	-19	19	8382	97	-19	19	8382	97	-19	19	8382
98	-30	30	8412	98	-30	30	8412	98	-30	30	8412	98	-30	30	8412	98	-30	30	8412	98	-30	30	8412	98	-30	30	8412	98	-30	30	8412	98	-30	30	8412	98	-30	30	8412	98	-30	30	8412	98	-30	30	8412	98	-30	30	8412	98	-30	30	8412	98	-30	30	8412	98	-30	30	8412	98	-30	30	8412	98	-30	30	8412	98	-30	30	8412	98	-30	30	8412	98	-30	30	8412	98	-30	30	8412	98	-30	30	8412	98	-30	30	8412	98	-30	30	8412	98	-30	30	8412	98	-30	30	8412	98	-30	30	8412
99	-19	19	8431	99	-19	19	8431	99	-19	19	8431	99	-19	19	8431	99	-19	19	8431	99	-19	19	8431	99	-19	19	8431	99	-19	19	8431	99	-19	19	8431	99	-19	19	8431	99	-19	19	8431	99	-19	19	8431	99	-19	19	8431	99	-19	19	8431	99	-19	19	8431	99	-19	19	8431	99	-19	19	8431	99	-19	19	8431	99	-19	19	8431	99	-19	19	8431	99	-19	19	8431	99	-19	19	8431	99	-19	19	8431	99	-19	19	8431	99	-19	19	8431	99	-19	19	8431	99	-19	19	8431	99	-19	19	8431
100	-57	57	8488	100	-57	57	8488	100	-57	57	8488	100	-57	57	8488	100	-57	57	8488	100	-57	57	8488	100	-57	57	8488	100	-57	57	8488	100	-57	57	8488	100	-57	57	8488	100	-57	57	8488	100	-57	57	8488	100	-57	57	8488	100	-57	57	8488	100	-57	57	8488	100	-57	57	8488	100	-57	57	8488	100	-57	57	8488	100	-57	57	8488	100	-57	57	8488	100	-57	57	8488	100	-57	57	8488	100	-57	57	8488	100	-57	57	8488	100	-57	57	8488	100	-57	57	8488	100	-57	57	8488	100	-57	57	8488
101	-29	29	8517	101	-29	29	8517	101	-29	29	8517	101	-29	29	8517	101	-29	29	8517	101	-29	29	8517	101	-29	29	8517	101	-29	29	8517	101	-29	29	8517	101	-29	29	8517	101	-29	29	8517	101	-29	29	8517	101	-29	29	8517	101	-29	29	8517	101	-29	29	8517	101	-29	29	8517	101	-29	29	8517	101	-29	29	8517	101	-29	29	8517	101	-29	29	8517	101	-29	29	8517	101	-29	29	8517	101	-29	29	8517	101	-29	29	8517	101	-29	29	8517	101	-29	29	8517	101	-29	29	8517	101	-29	29	8517
102	-29	29	8546	102	-29	29	8546	102	-29	29	8546	102	-29	29	8546	102	-29	29	8546	102	-29	29	8546	102	-29	29	8546	102	-29	29	8546	102	-29	29	8546	102	-29	29	8546	102	-29	29	8546	102	-29	29	8546	102	-29	29	8546	102	-29	29	8546	102	-29	29	8546	102	-29	29	8546	102	-29	29	8546	102	-29	29	8546	102	-29	29	8546	102	-29	29	8546	102	-29	29	8546	102	-29	29	8546	102	-29	29	8546	102	-29	29	8546	102	-29	29	8546	102	-29	29	8546	102	-29	29	8546	102	-29	29	8546
103	-249	51	8597	103	-249	51	8597	103	-249	51	8597	103	-249	51	8597	103	-249	51	8597	103	-249	51	8597	103	-249	51	8597	103	-249	51	8597	103	-249	51	8597	103	-249	51	8597	103	-249	51	8597	103	-249	51	8597	103	-249	51	8597	103	-249	51	8597	103	-249	51	8597	103	-249	51	8597	103	-249	51	8597	103	-249	51	8597	103	-249	51	8597	103	-249	51	8597	103	-249	51	8597	103	-249	51	8597	103	-249	51	8597	103	-249	51	8597	103	-249	51	8597	103	-249	51	8597	103	-249	51	8597	103	-249	51	8597
104	-47	47	8644	104	-47	47	8644	104	-47	47	8644	104	-47	47	8644	104	-47	47	8644	104	-47	47	8644	104	-47	47	8644	104	-47	47	8644	104	-47	47	8644	104	-47	47	8644	104	-47	47	8644	104	-47	47	8644	104	-47	47	8644	104	-47	47	8644	104	-47	47	8644	104	-47	47	8644	104	-47	47	8644	104	-47	47	8644	104	-47	47	8644	104	-47	47	8644	104	-47	47	8644	104	-47	47	8644	104	-47	47	8644	104	-47	47	8644	104	-47	47	8644	104	-47	47	8644	104	-47	47	8644	104	-47	47	8644
105	-34	34	8678	105	-34	34	8678	105	-34	34	8678	105	-34	34	8678	105	-34	34	8678	105	-34	34	8678	105	-34	34	8678	105	-34	34	8678	105	-34	34	8678	105	-34	34	8678	105	-34	34	8678	105	-34	34	8678	105	-34	34	8678	105	-34	34	8678	105	-34	34	8678	105	-34	34	8678	105	-34	34	8678	105	-34	34	8678	105	-34	34	8678	105	-34	34	8678	105	-34	34	8678	105	-34	34	8678	105	-34	34	8678	105	-34	34	8678	105	-34	34	8678	105	-34	34	8678	105	-34	34	8678	105	-34	34	8678
106	-27	27	8705	106	-27	27	8705	106	-27	27	8705	106	-27	27	8705	106	-27	27	8705	106	-27	27	8705	106	-27	27	8705	106	-27	27	8705	106	-27	27	8705	106	-27	27	8705	106	-27	27	8705	106	-27	27	8705	106	-27	27	8705	106	-27	27	8705	106	-27	27	8705	106	-27	27	8705	106	-27	27	8705	106	-27	27	8705	106	-27	27	8705	106	-27	27	8705	106	-27	27	8705	106	-27	27	8705	106	-27	27	8705	106	-27	27	8705	106	-27	27	8705	106	-27	27	8705	106	-27	27	8705	106	-27	27	8705
107	-21	21	8726	107	-21	21	8726	107	-21	21	8726	107	-21	21	8726	107	-21	21	8726	107	-21	21	8726	107	-21	21	8726	107	-21	21	8726	107	-21	21	8726	107	-21	21	8726	107	-21	21	8726	107	-21	21	8726	107	-21	21	8726	107	-21	21	8726	107	-21	21	8726	107	-21	21	8726	107	-21	21	8726	107	-21	21	8726	107	-21	21	8726	107	-21	21	8726	107	-21	21	8726	107	-21	21	8726	107	-21	21	8726	107	-21	21	8726	107	-21	21	8726	107	-21	21	8726	107	-21	21	8726	107	-21	21	8726
108	-34	34	8760	108	-34	34	8760	108	-34	34	8760	108	-34	34	8760	108	-34	34	8760	108	-34	34	8760	108	-34	34	8760	108	-34	34	8760	108	-34	34	8760	108	-34	34	8760	108	-34	34	8760	108	-34	34	8760	108	-34	34	8760	108	-34	34	8760	108	-34	34	8760	108	-34	34	8760	108	-34	34	8760	108	-34	34	8760	108	-34	34	8760	108	-34	34	8760	108	-34	34	8760	108	-34	34	8760	108	-34	34	8760	108	-34	34	8760	108	-34	34	8760	108	-34	34	8760	108	-34	34	8760	108	-34	34	8760
109	-261	63	8823	109	-261	63	8823	109	-261	63	8823	109	-261	63	8823	109	-261	63	8823	109	-261	63	8823	109	-261	63	8823	109	-261	63	8823	109	-261	63	8823	109	-261	63	8823	109	-261	63	8823	109	-261	63	8823	109	-261	63	8823	109	-261	63	8823	109	-261	63	8823	109	-261	63	8823	109	-261	63	8823	109	-261	63	8823	109	-261	63	8823	109	-261	63	8823	109	-261	63	8823	109	-261	63	8823	109	-261	63	8823	109	-261	63	8823	109	-261	63	8823	109	-261	63	8823	109	-261	63	8823	109	-261	63	8823
110	-119	20	8843	110	-119	20	8843	110	-119	20	8843	110	-119	20	8843	110	-119	20	8843	110	-119	20	8843	110	-119	20	8843	110	-119	20	8843	110	-119	20	8843	110	-119	20	8843	110	-119	20	8843	110	-119	20	8843	110	-119	20	8843	110	-119	20	8843	110	-119	20	8843	110	-119	20	8843	110	-119	20	8843	110	-119	20	8843	110	-119	20	8843	110	-119	20	8843	110	-119	20	8843	110	-119	20	8843	110	-119	20	8843	110	-119	20	8843	110	-119	20	8843	110	-119	20	8843	110	-119	20	8843	110	-119	20	8843
111	-143	44	8887	111	-143	44	8887	111	-143	44	8887	111	-143	44	8887	111	-143	44	8887	111	-143	44	8887	111	-143	44	8887	111	-143	44	8887	111	-143	44	8887	111	-143	44	8887	111	-143	44	8887	111	-143	44	8887	111	-143	44	8887	111	-143	44	8887	111	-143	44	8887	111	-143	44	8887	111	-143	44	8887	111	-143	44	8887	111	-143	44	8887	111	-143	44	8887	111	-143	44	8887	111	-143	44	8887	111	-143	44	8887	111	-143	44	8887	111	-143	44	8887	111	-143	44	8887	111	-143	44	8887	111	-143	44	8887
112	-37	37	8924	112	-37	37	8924	112	-37	37	8924	112	-37	37	8924	112	-37	37	8924	112	-37	37	8924	112	-37	37	8924	112	-37	37	8924	112	-37	37	8924	112	-37	37	8924	112	-37	37	8924	112	-37	37	8924	112	-37	37	8924	112	-37	37	8924	112	-37	37	8924	112	-37	37	8924	112	-37	37	8924	112	-37	37	8924	112	-37	37	8924	112	-37	37	8924	112	-37	37	8924	112	-37	37	8924	112	-37	37	8924	112	-37	37	8924	112	-37	37	8924	112	-37	37	8924	112	-37	37	8924	112	-37	37	8924
113	-35	35	8959	113	-35	35	8959	113	-35	35	8959	113	-35	35	8959	113	-35	35	8959	113	-35	35	8959	113	-35	35	8959	113	-35	35	8959	113	-35	35	8959	113	-35	35	8959	113	-35	35	8959	113	-35	35	8959	113	-35	35	8959	113	-35	35	8959	113	-35	35	8959	113	-35	35	8959	113	-35	35	8959	113	-35	35	8959	113	-35	35	8959	113	-35	35	8959	113	-35	35	8959	113	-35	35	8959	113	-35	35	8959	113	-35	35	8959	113	-35	35	8959	113	-35	35	8959	113	-35	35	8959	113	-35	35	8959
114	-46	46	9005	114	-46	46	9005	114	-46	46	9005	114	-46	46	9005	114	-46	46	9005	114	-46	46	9005	114	-46	46	9005	114	-46	46	9005	114	-46	46	9005	114	-46	46	9005	114	-46	46	9005	114	-46	46	9005	114	-46	46	9005	114	-46	46	9005	114	-46	46	9005	114	-46	46	9005	114	-46	46	9005	114	-46	46	9005	114	-46	46	9005	114	-46	46	9005	114	-46	46	9005	114	-46	46	9005	114	-46	46	9005	114	-46	46	9005	114	-46	46	9005	114	-46	46	9005	114	-46	46	9005	114	-46	46	9005
115	-26	26	9031	115	-26	26	9031	115	-26	26	9031	115	-26	26	9031	115	-26	26	9031	115	-26	26	9031	115	-26	26	9031	115	-26	26	9031	115	-26	26	9031	115	-26	26	9031	115	-26	26	9031	115	-26	26	9031	115	-26	26	9031	115	-26	26	9031	115	-26	26	9031	115	-26	26	9031	115	-26	26	9031	115	-26	26	9031	115	-26	26	9031	115	-26	26	9031	115	-26	26	9031	115	-26	26	9031	115	-26	26	9031	115	-26	26	9031	115	-26	26	9031	115	-26	26	9031	115	-26	26	9031	115	-26	26	9031
116	-18	18	9049	116	-18	18	9049	116	-18	18	9049	116	-18	18	9049	116	-18	18	9049	116	-18	18	9049	116	-18	18	9049	116	-18	18	9049	116	-18	18	9049	116	-18	18	9049	116	-18	18	9049	116	-18	18	9049	116	-18	18	9049	116	-18	18	9049	116	-18	18	9049	116	-18	18	9049	116	-18	18	9049	116	-18	18	9049	116	-18	18	9049	116	-18	18	9049	116	-18	18	9049	116	-18	18	9049	116	-18	18	9049	116	-18	18	9049	116	-18	18	9049	116	-18	18	9049	116	-18	18	9049	116	-18	18	9049
117	-38	38	9087	117	-38	38	9087	117	-38	38	9087	117	-38	38	9087	117	-38	38	9087	117	-38	38	9087	117	-38	38	9087	117	-38	38	9087	117	-38	38	9087	117	-38	38	9087	117	-38	38	9087	117	-38	38	9087	117	-38	38	9087	117	-38	38	9087	117	-38	38	9087	117	-38	38	9087	117	-38	38	9087	117	-38	38	9087	117	-38	38	9087	117	-38	38	9087	117	-38	38	9087	117	-38	38	9087	117	-38	38	9087	117	-38	38	9087	117	-38	38	9087	117	-38	38	9087	117	-38	38	9087	117	-38	38	9087
118	-26	26	9113	118	-26	26	9113	118	-26	26	9113	118	-26	26	9113	118	-26	26	9113	118	-26	26	9113	118	-26	26	9113	118	-26	26	9113	118	-26	26	9113	118	-26	26	9113	118	-26	26	9113	118	-26	26	9113	118	-26	26	9113	118	-26	26	9113	118	-26	26	9113	118	-26	26	9113	118	-26	26	9113	118	-26	26	9113	118	-26	26	9113	118	-26	26	9113	118	-26	26	9113	118	-26	26	9113	118	-26	26	9113	118	-26	26	9113	118	-26	26	9113	118	-26	26	9113	118	-26	26	9113	118	-26	26	9113
119	-36	36	9149	119	-36	36	9149	119	-36	36	9149	119	-36	36	9149	119	-36	36	9149	119	-36	36	9149	119	-36	36	9149	119	-36	36	9149	119	-36	36	9149	119	-36	36	9149	119	-36	36	9149	119	-36	36	9149	119	-36	36	9149	119	-36	36	9149	119	-36	36	9149	119	-36	36	9149	119	-36	36	9149	119	-36	36	9149	119	-36	36	9149	119	-36	36	9149	119	-36	36	9149	119	-36	36	9149	119	-36	36	9149	119	-36	36	9149	119	-36	36	9149	119	-36	36	9149	119	-36	36	9149	119	-36	36	9149
120	-28	28	9177	120	-28	28	9177	120	-28	28	9177	120	-28	28	9177	120	-28	28	9177	120	-28	28	9177	120	-28	28	9177	120	-28	28	9177	120	-28	28	9177	120	-28	28	9177	120	-28	28	9177	120	-28	28	9177	120	-28	28	9177	120	-28	28	9177	120	-28	28	9177	120	-28	28	9177	120	-28	28	9177	120	-28	28	9177	120	-28	28	9177	120	-28	28	9177	120	-28	28	9177	120	-28	28	9177	120	-28	28	9177	120	-28	28	9177	120	-28	28	9177	120	-28	28	9177	120	-28	28	9177	120	-28	28	9177
121	-147	48	9225	121	-147	48	9225	121	-147	48	9225	121	-147	48	9225	121	-147	48	9225	121	-147	48	9225	121	-147	48	9225	121	-147	48	9225	121	-147	48	9225	121	-147	48	9225	121	-147	48	9225	121	-147	48	9225	121	-147	48	9225	121	-147	48	9225	121	-147	48	9225	121	-147	48	9225	121	-147	48	9225	121	-147	48	9225	121	-147	48	9225	121	-147	48	9225	121	-147	48	9225	121	-147	48	9225	121	-147	48	9225	121	-147	48	9225	121	-147	48	9225	121	-147	48	9225	121	-147	48	9225	121	-147	48	9225
122	-34	34	9259	122	-34	34	9259	122	-34	34	9259	122	-34	34	9259	122	-34	34	9259	122	-34	34	9259	122	-34	34	9259	122	-34	34	9259	122	-34	34	9259	122	-34	34	9259	122	-34	34	9259	122	-34	34	9259	122	-34	34	9259	122	-34	34	9259	122	-34	34	9259	122	-34	34	9259	122	-34	34	9259	122	-34	34	9259	122	-34	34	9259	122	-34	34	9259	122	-34	34	9259	122	-34	34	9259	122	-34	34	9259	122	-34	34	9259	122	-34	34	9259	122	-34	34	9259	122	-34	34	9259	122	-34	34	9259
123	-143	44	9303	123	-143	44	9303	123	-143	44	9303	123	-143	44	9303	123	-143	44	9303	123	-143	44	9303	123	-143	44	9303	123	-143	44	9303	123	-143	44	9303	123	-143	44	9303	123	-143	44	9303	123	-143	44	9303	123	-143	44	9303	123	-143	44	9303	123	-143	44	9303	123	-143	44	9303	123	-143	44	9303	123	-143	44	9303	123	-143	44	9303	123	-143	44	9303	123	-143	44	9303	123	-143	44	9303	123	-143	44	9303	123	-143	44	9303	123	-143	44	9303	123	-143	44	9303	123	-143	44	9303	123	-143	44	9303
124	-26	26	9329	124	-26	26	9329	124	-26	26	9329	124	-26	26	9329	124	-26	26	9329	124	-26	26	9329	124	-26	26	9329	124	-26	26	9329	124	-26	26	9329	124	-26	26	9329	124	-26	26	9329	124	-26	26	9329	124	-26	26	9329	124	-26	26	9329	124	-26	26	9329	124	-26	26	9329	124	-26	26	9329	124	-26	26	9329	124	-26	26	9329	124	-26	26	9329	124	-26	26	9329	124	-26	26	9329	124	-26	26	9329	124	-26	26	9329	124	-26	26	9329	124	-26	26	9329	124	-26	26	9329	124	-26	26	9329
125	-29	29	9358	125	-29	29	9358	125	-29	29	9358	125	-29	29	9358	125	-29	29	9358	125	-29	29	9358	125	-29	29	9358	125	-29	29	9358	125	-29	29	9358	125	-29	29	9358	125	-29	29	9358	125	-29	29	9358	125	-29	29	9358	125	-29	29	9358	125	-29	29	9358	125	-29	29	9358	125	-29	29	9358	125	-29	29	9358	125	-29	29	9358	125	-29	29	9358	125	-29	29	9358	125	-29	29	9358	125	-29	29	9358	125	-29	29	9358	125	-29	29	9358	125	-29	29	9358	125	-29	29	9358	125	-29	29	9358
126	-32	32	9390	126	-32	32	9390	126	-32	32	9390	126	-32	32	9390	126	-32	32	9390	126	-32	32	9390	126	-32	32	9390	126	-32	32	9390	126	-32	32	9390	126	-32	32	9390	126	-32	32	9390	126	-32	32	9390	126	-32	32	9390	126	-32	32	9390	126	-32	32	9390	126	-32	32	9390	126	-32	32	9390	126	-32	32	9390	126	-32	32	9390	126	-32	32	9390	126	-32	32	9390	126	-32	32	9390	126	-32	32	9390	126	-32	32	9390	126	-32	32	9390	126	-32	32	9390	126	-32	32	9390	126	-32	32	9390
127	-135	36	9426	127	-135	36	9426	127	-135	36	9426	127	-135	36	9426	127	-135	36	9426	127	-135	36	9426	127	-135	36	9426	127	-135	36	9426	127	-135	36	9426	127	-135	36	9426	127	-135	36	9426	127	-135	36	9426	127	-135	36	9426	127	-135	36	9426	127	-135	36	9426	127	-135	36	9426	127	-135	36	9426	127	-135	36	9426	127	-135	36	9426	127	-135	36	9426	127	-135	36	9426	127	-135	36	9426	127	-135	36	9426	127	-135	36	9426	127	-135	36	9426	127	-135	36	9426	127	-135	36	9426	127	-135	36	9426
128	-155	56	9482	128	-155	56	9482	128	-155	56	9482	128	-155	56	9482	128	-155	56	9482	128	-155	56	9482	128	-155	56	9482	128	-155	56	9482	128	-155	56	9482	128	-155	56	9482	128	-155	56	9482	128	-155	56	9482	128	-155	56	9482	128	-155	56	9482	128	-155	56	9482	128	-155	56	9482	128	-155	56	9482	128	-155	56	9482	128	-155	56	9482	128	-155	56	9482	128	-155	56	9482	128	-155	56	9482	128	-155	56	9482	128	-155	56	9482	128	-155	56	9482	128	-155	56	9482	128	-155	56	9482	128	-155	56	9482
129	-132	33	9515	129	-132	33	9515	129	-132	33	9515	129	-132	33	9515	129	-132	33	9515	129	-132	33	9515	129	-132	33	9515	129	-132	33	9515	129	-132	33	9515	129	-132	33	9515	129	-132	33	9515	129	-132	33	9515	129	-132	33	9515	129	-132	33	9515	129	-132	33	9515	129	-132	33	9515	129	-132	33	9515	129	-132	33	9515	129	-132	33	9515	129	-132	33	9515	129	-132	33	9515	129	-132	33	9515	129	-132	33	9515	129	-132	33	9515	129	-132	33	9515	129	-132	33	9515	129	-132	33	9515	129	-132	33	9515
130	-26	26	9541	130	-26	26	9541	130	-26	26	9541	130	-26	26	9541	130	-26	26	9541	130	-26	26	9541	130	-26	26	9541	130	-26	26	9541	130	-26	26	9541	130	-26	26	9541	130	-26	26	9541	130	-26	26	9541	130	-26	26	9541	130	-26	26	9541	130	-26	26	9541	130	-26	26	9541	130	-26	26	9541	130	-26	26	9541	130	-26	26	9541	130	-26	26	9541	130	-26	26	9541	130	-26	26	9541	130	-26	26	9541	130	-26	26	9541	130	-26	26	9541	130	-26	26	9541	130	-26	26	9541	130	-26	26	9541
131	-151	52	9593	131	-151	52	9593	131	-151	52	9593	131	-151	52	9593	131	-151	52	9593	131	-151	52	9593	131	-151	52	9593	131	-151	52	9593	131	-151	52	9593	131	-151	52	9593	131	-151	52	9593	131	-151	52	9593	131	-151	52	9593	131	-151	52	9593	131	-151	52	9593	131	-151	52	9593	131	-151	52	9593	131	-151	52	9593	131	-151	52	9593	131	-151	52	9593	131	-151	52	9593	131	-151	52	9593	131	-151	52	9593	131	-151	52	9593	131	-151	52	9593	131	-151	52	9593	131	-151	52	9593	131	-151	52	9593
132	-31	31	9624	132	-31	31	9624	132	-31	31	9624	132	-31	31	9624	132	-31	31	9624	132	-31	31	9624	132	-31	31	9624	132	-31	31	9624	132	-31	31	9624	132	-31	31	9624	132	-31	31	9624	132	-31	31	9624	132	-31	31	9624	132	-31	31	9624	132	-31	31	9624	132	-31	31	9624	132	-31	31	9624	132	-31	31	9624	132	-31	31	9624	132	-31	31	9624	132	-31	31	9624	132	-31	31	9624	132	-31	31	9624	132	-31	31	9624	132	-31	31	9624	132	-31	31	9624	132	-31	31	9624	132	-31	31	9624
133	-15	15	9639	133	-15	15	9639	133	-15	15	9639	133	-15	15	9639	133	-15	15	9639	133	-15	15	9639	133	-15	15	9639	133	-15	15	9639	133	-15	15	9639	133	-15	15	9639	133	-15	15	9639	133	-15	15	9639	133	-15	15	9639	133	-15	15	9639	133	-15	15	9639	133	-15	15	9639	133	-15	15	9639	133	-15	15	9639	133	-15	15	9639	133	-15	15	9639	133	-15	15	9639	133	-15	15	9639	133	-15	15	9639	133	-15	15	9639	133	-15	15	9639	133	-15	15	9639	133	-15	15	9639	133	-15	15	9639
134	-23	23	9662	134	-23	23	9662	134	-23	23	9662	134	-23	23	9662	134	-23	23	9662	134	-23	23	9662	134	-23	23	9662	134	-23	23	9662	134	-23	23	9662	134	-23	23	9662	134	-23	23	9662	134	-23	23	9662	134	-23	23	9662	134	-23	23	9662	134	-23	23	9662	134	-23	23	9662	134	-23	23	9662	134	-23	23	9662	134	-23	23	9662	134	-23	23	9662	134	-23	23	9662	134	-23	23	9662	134	-23	23	9662	134	-23	23	9662	134	-23	23	9662	134	-23	23	9662	134	-23	23	9662	134	-23	23	9662
135	-141	42	9704	135	-141	42	9704	135	-141	42	9704	135	-141	42	9704	135	-141	42	9704	135	-141	42	9704	135	-141	42	9704	135	-141	42	9704	135	-141	42	9704	135	-141	42	9704	135	-141	42	9704	135	-141	42	9704	135	-141	42	9704	135	-141	42	9704	135	-141	42	9704	135	-141	42	9704	135	-141	42	9704	135	-141	42	9704	135	-141	42	9704	135	-141	42	9704	135	-141	42	9704	135	-141	42	9704	135	-141	42	9704	135	-141	42	9704	135	-141	42	9704	135	-141	42	9704	135	-141	42	9704	135	-141	42	9704
136	-124	25	9729	136	-124	25	9729	136	-124	25	9729	136	-124	25	9729	136	-124	25	9729	136	-124	25	9729	136	-124	25	9729	136	-124	25	9729	136	-124	25	9729	136	-124	25	9729	136	-124	25	9729	136	-124	25	9729	136	-124	25	9729	136	-124	25	9729	136	-124	25	9729	136	-124	25	9729	136	-124	25	9729	136	-124	25	9729	136	-124	25	9729	136	-124	25	9729	136	-124	25	9729	136	-124	25	9729	136	-124	25	9729	136	-124	25	9729	136	-124	25	9729	136	-124	25	9729	136	-124	25	9729	136	-124	25	9729
137	-22	22	9751	137	-22	22	9751	137	-22	22	9751	137	-22	22	9751	137	-22	22	9751	137	-22	22	9751	137	-22	22	9751	137	-22	22	9751	137	-22	22	9751	137	-22	22	9751	137	-22	22	9751	137	-22	22	9751	137	-22	22	9751	137	-22	22	9751	137	-22	22	9751	137	-22	22	9751	137	-22	22	9751	137	-22	22	9751	137	-22	22	9751	137	-22	22	9751	137	-22	22	9751	137	-22	22	9751	137	-22	22	9751	137	-22	22	9751	137	-22	22	9751	137	-22	22	9751	137	-22	22	9751	137	-22	22	9751
138	-137	38	9789	138	-137	38	9789	138	-137	38	9789	138	-137	38	9789	138	-137	38	9789	138	-137	38	9789	138	-137	38	9789	138	-137	38	9789	138	-137	38	9789	138	-137	38	9789	138	-137	38	9789	138	-137	38	9789	138	-137	38	9789	138	-137	38	9789	138	-137	38	9789	138	-137	38	9789	138	-137	38	9789	138	-137	38	9789	138	-137	38	9789	138	-137	38	9789	138	-137	38	9789	138	-137	38	9789	138	-137	38	9789	138	-137	38	9789	138	-137	38	9789	138	-137	38	9789	138	-137	38	9789	138	-137	38	9789
139	-20	20	9809	139	-20	20	9809	139	-20	20	9809	139	-20	20	9809	139	-20	20	9809	139	-20	20	9809	139	-20	20	9809	139	-20	20	9809	139	-20	20	9809	139	-20	20	9809	139	-20	20	9809	139	-20	20	9809	139	-20	20	9809	139	-20	20	9809	139	-20	20	9809	139	-20	20	9809	139	-20	20	9809	139	-20	20	9809	139	-20	20	9809	139	-20	20	9809	139	-20	20	9809	139	-20	20	9809	139	-20	20	9809	139	-20	20	9809	139	-20	20	9809	139	-20	20	9809	139	-20	20	9809	139	-20	20	9809
140	-28	28	9837	140	-28	28	9837	140	-28	28	9837	140	-28	28	9837	140	-28	28	9837	140	-28	28	9837	140	-28	28	9837	140	-28	28	9837	140	-28	28	9837	140	-28	28	9837	140	-28	28	9837	140	-28	28	9837	140	-28	28	9837	140	-28	28	9837	140	-28	28	9837	140	-28	28	9837	140	-28	28	9837	140	-28	28	9837	140	-28	28	9837	140	-28	28	9837	140	-28	28	9837	140	-28	28	9837	140	-28	28	9837	140	-28	28	9837	140	-28	28	9837	140	-28	28	9837	140	-28	28	9837	140	-28	28	9837
141	-19	19	9856	141	-19	19	9856	141	-19	19	9856	141	-19	19	9856	141	-19	19	9856	141	-19	19	9856	141	-19	19	9856	141	-19	19	9856	141	-19	19	9856	141	-19	19	9856	141	-19	19	9856	141	-19	19	9856	141	-19	19	9856	141	-19	19	9856	141	-19	19	9856	141	-19	19	9856	141	-19	19	9856	141	-19	19	9856	141	-19	19	9856	141	-19	19	9856	141	-19	19	9856	141	-19	19	9856	141	-19	19	9856	141	-19	19	9856	141	-19	19	9856	141	-19	19	9856	141	-19	19	9856	141	-19	19	9856
142	-30	30	9886	142	-30	30	9886	142	-30	30	9886	142	-30	30	9886	142	-30	30	9886	142	-30	30	9886	142	-30	30	9886	142	-30	30	9886	142	-30	30	9886	142	-30	30	9886	142	-30	30	9886	142	-30	30	9886	142	-30	30	9886	142	-30	30	9886	142	-30	30	9886	142	-30	30	9886	142	-30	30	9886	142	-30	30	9886	142	-30	30	9886	142	-30	30	9886	142	-30	30	9886	142	-30	30	9886	142	-30	30	9886	142	-30	30	9886	142	-30	30	9886	142	-30	30	9886	142	-30	30	9886	142	-30	30	9886
143	-19	19	9905	143	-19	19	9905	143	-19	19	9905	143	-19	19	9905	143	-19	19	9905	143	-19	19	9905	143	-19	19	9905	143	-19	19	9905	143	-19	19	9905	143	-19	19	9905	143	-19	19	9905	143	-19	19	9905	143	-19	19	9905	143	-19	19	9905	143	-19	19	9905	143	-19	19	9905	143	-19	19	9905	143	-19	19	9905	143	-19	19	9905	143	-19	19	9905	143	-19	19	9905	143	-19	19	9905	143	-19	19	9905	143	-19	19	9905	143	-19	19	9905	143	-19	19	9905	143	-19	19	9905	143	-19	19	9905
144	-40	40	9945	144	-40	40	9945	144	-40	40	9945	144	-40	40	9945	144	-40	40	9945	144	-40	40	9945	144	-40	40	9945	144	-40	40	9945	144	-40	40	9945	144	-40	40	9945	144	-40	40	9945	144	-40	40	9945	144	-40	40	9945	144	-40	40	9945	144	-40	40	9945	144	-40	40	9945	144	-40	40	9945	144	-40	40	9945	144	-40	40	9945	144	-40	40	9945	144	-40	40	9945	144	-40	40	9945	144	-40	40	9945	144	-40	40	9945	144	-40	40	9945	144	-40	40	9945	144	-40	40	9945	144	-40	40	9945
145	-31	31	9976	145	-31	31	9976	145	-31	31	9976	145	-31	31	9976	145	-31	31	9976	145	-31	31	9976	145	-31	31	9976	145	-31	31	9976	145	-31	31	9976	145	-31	31	9976	145	-31	31	9976	145	-31	31	9976	145	-31	31	9976	145	-31	31	9976	145	-31	31	9976	145	-31	31	9976	145	-31	31	9976	145	-31	31	9976	145	-31	31	9976	145	-31	31	9976	145	-31	31	9976	145	-31	31	9976	145	-31	31	9976	145	-31	31	9976	145	-31	31	9976	145	-31	31	9976	145	-31	31	9976	145	-31	31	9976
146	-243	45	10021	146	-243	45	10021	146	-243	45	10021	146	-243	45	10021	146	-243	45	10021	146	-243	45	10021	146	-243	45	10021	146	-243	45	10021	146	-243	45	10021	146	-243	45	10021	146	-243	45	10021	146	-243	45	10021	146	-243	45	10021	146	-243	45	10021	146	-243	45	10021	146	-243	45	10021	146	-243	45	10021	146	-243	45	10021	146	-243	45	10021	146	-243	45	10021	146	-243	45	10021	146	-243	45	10021	146	-243	45	10021	146	-243	45	10021	146	-243	45	10021	146	-243	45	10021	146	-243	45	10021	146	-243	45	10021
147	-24	24	10045	147	-24	24	10045	147	-24	24	10045	147	-24	24	10045	147	-24	24	10045	147	-24	24	10045	147	-24	24	10045	147	-24	24	10045	147	-24	24	10045	147	-24	24	10045	147	-24	24	10045	147	-24	24	10045	147	-24	24	10045	147	-24	24	10045	147	-24	24	10045	147	-24	24	10045	147	-24	24	10045	147	-24	24	10045	147	-24	24	10045	147	-24	24	10045	147	-24	24	10045	147	-24	24	10045	147	-24	24	10045	147	-24	24	10045	147	-24	24	10045	147	-24	24	10045	147	-24	24	10045	147	-24	24	10045
148	-15	15	10060	148	-15	15	10060	148	-15	15	10060	148	-15	15	10060	148	-15	15	10060	148	-15	15	10060	148	-15	15	10060	148	-15	15	10060	148	-15	15	10060	148	-15	15	10060	148	-15	15	10060	148	-15	15	10060	148	-15	15	10060	148	-15	15	10060	148	-15	15	10060	148	-15	15	10060	148	-15	15	10060	148	-15	15	10060	148	-15	15	10060	148	-15	15	10060	148	-15	15	10060	148	-15	15	10060	148	-15	15	10060	148	-15	15	10060	148	-15	15	10060	148	-15	15	10060	148	-15	15	10060	148	-15	15	10060
149	-137	38	10098	149	-137	38	10098	149	-137	38	10098	149	-137	38	10098	149	-137	38	10098	149	-137	38	10098	149	-137	38	10098	149	-137	38	10098	149	-137	38	10098	149	-137	38	10098	149	-137	38	10098	149	-137	38	10098	149	-137	38	10098	149	-137	38	10098	149	-137	38	10098	149	-137	38	10098	149	-137	38	10098	149	-137	38	10098	149	-137	38	10098	149	-137	38	10098	149	-137	38	10098	149	-137	38	10098	149	-137	38	10098	149	-137	38	10098	149	-137	38	10098	149	-137	38	10098	149	-137	38	10098	149	-137	38	10098
150	-152	53	10151	150	-152	53	10151	150	-152	53	10151	150	-152	53	10151	150	-152	53	10151	150	-152	53	10151	150	-152	53	10151	150	-152	53	10151	150	-152	53	10151	150	-152	53	10151	150	-152	53	10151	150	-152	53	10151	150	-152	53	10151	150	-152	53	10151	150	-152	53	10151	150	-152	53	10151	150	-152	53	10151	150	-152	53	10151	150	-152	53	10151	150	-152	53	10151	150	-152	53	10151	150	-152	53	10151	150	-152	53	10151	150	-152	53	10151	150	-152	53	10151	150	-152	53	10151	150	-152	53	10151	150	-152	53	10151
151	-36	36	10187	151	-36	36	10187	151	-36	36	10187	151	-36	36	10187	151	-36	36	10187	151	-36	36	10187	151	-36	36	10187	151	-36	36	10187	151	-36	36	10187	151	-36	36	10187	151	-36	36	10187	151	-36	36	10187	151	-36	36	10187	151	-36	36	10187	151	-36	36	10187	151	-36	36	10187	151	-36	36	10187	151	-36	36	10187	151	-36	36	10187	151	-36	36	10187	151	-36	36	10187	151	-36	36	10187	151	-36	36	10187	151	-36	36	10187	151	-36	36	10187	151	-36	36	10187	151	-36	36	10187	151	-36	36	10187
152	-21	21	10208	152	-21	21	10208	152	-21	21	10208	152	-21	21	10208	152	-21	21	10208	152	-21	21	10208	152	-21	21	10208	152	-21	21	10208	152	-21	21	10208	152	-21	21	10208	152	-21	21	10208	152	-21	21	10208	152	-21	21	10208	152	-21	21	10208	152	-21	21	10208	152	-21	21	10208	152	-21	21	10208	152	-21	21	10208	152	-21	21	10208	152	-21	21	10208	152	-21	21	10208	152	-21	21	10208	152	-21	21	10208	152	-21	21	10208	152	-21	21	10208	152	-21	21	10208	152	-21	21	10208	152	-21	21	10208
153	-148	49	10257	153	-148	49	10257	153	-148	49	10257	153	-148	49	10257	153	-148	49	10257	153	-148	49	10257	153	-148	49	10257	153	-148	49	10257	153	-148	49	10257	153	-148	49	10257	153	-148	49	10257	153	-148	49	10257	153	-148	49	10257	153	-148	49	10257	153	-148	49	10257	153	-148	49	10257	153	-148	49	10257	153	-148	49	10257	153	-148	49	10257	153	-148	49	10257	153	-148	49	10257	153	-148	49	10257	153	-148	49	10257	153	-148	49	10257	153	-148	49	10257	153	-148	49	10257	153	-148	49	10257	153	-148	49	10257
154	-15	15	10272	154	-15	15	10272	154	-15	15	10272	154	-15	15	10272	154	-15	15	10272	154	-15	15	10272	154	-15	15	10272	154	-15	15	10272	154	-15	15	10272	154	-15	15	10272	154	-15	15	10272	154	-15	15	10272	154	-15	15	10272	154	-15	15	10272	154	-15	15	10272	154	-15	15	10272	154	-15	15	10272	154	-15	15	10272	154	-15	15	10272	154	-15	15	10272	154	-15	15	10272	154	-15	15	10272	154	-15	15	10272	154	-15	15	10272	154	-15	15	10272	154	-15	15	10272	154	-15	15	10272	154	-15	15	10272
155	-16	16	10288	155	-16	16	10288	155	-16	16	10288	155	-16	16	10288	155	-16	16	10288	155	-16	16	10288	155	-16	16	10288	155	-16	16	10288	155	-16	16	10288	155	-16	16	10288	155	-16	16	10288	155	-16	16	10288	155	-16	16	10288	155	-16	16	10288	155	-16	16	10288	155	-16	16	10288	155	-16	16	10288	155	-16	16	10288	155	-16	16	10288	155	-16	16	10288	155	-16	16	10288	155	-16	16	10288	155	-16	16	10288	155	-16	16	10288	155	-16	16	10288	155	-16	16	10288	155	-16	16	10288	155	-16	16	10288
156	-32	32	10320	156	-32	32	10320	156	-32	32	10320	156	-32	32	10320	156	-32	32	10320	156	-32	32	10320	156	-32	32	10320	156	-32	32	10320	156	-32	32	10320	156	-32	32	10320	156	-32	32	10320	156	-32	32	10320	156	-32	32	10320	156	-32	32	10320	156	-32	32	10320	156	-32	32	10320	156	-32	32	10320	156	-32	32	10320	156	-32	32	10320	156	-32	32	10320	156	-32	32	10320	156	-32	32	10320	156	-32	32	10320	156	-32	32	10320	156	-32	32	10320	156	-32	32	10320	156	-32	32	10320	156	-32	32	10320
157	-17	17	10337	157	-17	17	10337	157	-17	17	10337	157	-17	17	10337	157	-17	17	10337	157	-17	17	10337	157	-17	17	10337	157	-17	17	10337	157	-17	17	10337	157	-17	17	10337	157	-17	17	10337	157	-17	17	10337	157	-17	17	10337	157	-17	17	10337	157	-17	17	10337	157	-17	17	10337	157	-17	17	10337	157	-17	17	10337	157	-17	17	10337	157	-17	17	10337	157	-17	17	10337	157	-17	17	10337	157	-17	17	10337	157	-17	17	10337	157	-17	17	10337	157	-17	17	10337	157	-17	17	10337	157	-17	17	10337
158	-29	29	10366	158	-29	29	10366	158	-29	29	10366	158	-29	29	10366	158	-29	29	10366	158	-29	29	10366	158	-29	29	10366	158	-29	29	10366	158	-29	29	10366	158	-29	29	10366	158	-29	29	10366	158	-29	29	10366	158	-29	29	10366	158	-29	29	10366	158	-29	29	10366	158	-29	29	10366	158	-29	29	10366	158	-29	29	10366	158	-29	29	10366	158	-29	29	10366	158	-29	29	10366	158	-29	29	10366	158	-29	29	10366	158	-29	29	10366	158	-29	29	10366	158	-29	29	10366	158	-29	29	10366	158	-29	29	10366
159	-33	33	10399	159	-33	33	10399	159	-33	33	10399	159	-33	33	10399	159	-33	33	10399	159	-33	33	10399	159	-33	33	10399	159	-33	33	10399	159	-33	33	10399	159	-33	33	10399	159	-33	33	10399	159	-33	33	10399	159	-33	33	10399	159	-33	33	10399	159	-33	33	10399	159	-33	33	10399	159	-33	33	10399	159	-33	33	10399	159	-33	33	10399	159	-33	33	10399	159	-33	33	10399	159	-33	33	10399	159	-33	33	10399	159	-33	33	10399	159	-33	33	10399	159	-33	33	10399	159	-33	33	10399	159	-33	33	10399
160	-21	21	10420	160	-21	21	10420	160	-21	21	10420	160	-21	21	10420	160	-21	21	10420	160	-21	21	10420	160	-21	21	10420	160	-21	21	10420	160	-21	21	10420	160	-21	21	10420	160	-21	21	10420	160	-21	21	10420	160	-21	21	10420	160	-21	21	10420	160	-21	21	10420	160	-21	21	10420	160	-21	21	10420	160	-21	21	10420	160	-21	21	10420	160	-21	21	10420	160	-21	21	10420	160	-21	21	10420	160	-21	21	10420	160	-21	21	10420	160	-21	21	10420	160	-21	21	10420	160	-21	21	10420	160	-21	21	10420
161	-21	21	10441	161	-21	21	10441	161	-21	21	10441	161	-21	21	10441	161	-21	21	10441	161	-21	21	10441	161	-21	21	10441	161	-21	21	10441	161	-21	21	10441	161	-21	21	10441	161	-21	21	10441	161	-21	21	10441	161	-21	21	10441	161	-21	21	10441	161	-21	21	10441	161	-21	21	10441	161	-21	21	10441	161	-21	21	10441	161	-21	21	10441	161	-21	21	10441	161	-21	21	10441	161	-21	21	10441	161	-21	21	10441	161	-21	21	10441	161	-21	21	10441	161	-21	21	10441	161	-21	21	10441	161	-21	21	10441
162	-17	17	10458	162	-17	17	10458	162	-17	17	10458	162	-17	17	10458	162	-17	17	10458	162	-17	17	10458	162	-17	17	10458	162	-17	17	10458	162	-17	17	10458	162	-17	17	10458	162	-17	17	10458	162	-17	17	10458	162	-17	17	10458	162	-17	17	10458	162	-17	17	10458	162	-17	17	10458	162	-17	17	10458	162	-17	17	10458	162	-17	17	10458	162	-17	17	10458	162	-17	17	10458	162	-17	17	10458	162	-17	17	10458	162	-17	17	10458	162	-17	17	10458	162	-17	17	10458	162	-17	17	10458	162	-17	17	10458
163	-35	35	10493	163	-35	35	10493	163	-35	35	10493	163	-35	35	10493	163	-35	35	10493	163	-35	35	10493	163	-35	35	10493	163	-35	35	10493	163	-35	35	10493	163	-35	35	10493	163	-35	35	10493	163	-35	35	10493	163	-35	35	10493	163	-35	35	10493	163	-35	35	10493	163	-35	35	10493	163	-35	35	10493	163	-35	35	10493	163	-35	35	10493	163	-35	35	10493	163	-35	35	10493	163	-35	35	10493	163	-35	35	10493	163	-35	35	10493	163	-35	35	10493	163	-35	35	10493	163	-35	35	10493	163	-35	35	10493
164	-21	21	10514	164	-21	21	10514	164	-21	21	10514	164	-21	21	10514	164	-21	21	10514	164	-21	21	10514	164	-21	21	10514	164	-21	21	10514	164	-21	21	10514	164	-21	21	10514	164	-21	21	10514	164	-21	21	10514	164	-21	21	10514	164	-21	21	10514	164	-21	21	10514	164	-21	21	10514	164	-21	21	10514	164	-21	21	10514	164	-21	21	10514	164	-21	21	10514	164	-21	21	10514	164	-21	21	10514	164	-21	21	10514	164	-21	21	10514	164	-21	21	10514	164	-21	21	10514	164	-21	21	10514	164	-21	21	10514
165	-135	36	10550	165	-135	36	10550	165	-135	36	10550	165	-135	36	10550	165	-135	36	10550	165	-135	36	10550	165	-135	36	10550	165	-135	36	10550	165	-135	36	10550	165	-135	36	10550	165	-135	36	10550	165	-135	36	10550	165	-135	36	10550	165	-135	36	10550	165	-135	36	10550	165	-135	36	10550	165	-135	36	10550	165	-135	36	10550	165	-135	36	10550	165	-135	36	10550	165	-135	36	10550	165	-135	36	10550	165	-135	36	10550	165	-135	36	10550	165	-135	36	10550	165	-135	36	10550	165	-135	36	10550	165	-135	36	10550
166	-119	20	10570	166	-119	20	10570	166	-119	20	10570	166	-119	20	10570	166	-119	20	10570	166	-119	20	10570	166	-119	20	10570	166	-119	20	10570	166	-119	20	10570	166	-119	20	10570	166	-119	20	10570	166	-119	20	10570	166	-119	20	10570	166	-119	20	10570	166	-119	20	10570	166	-119	20	10570	166	-119	20	10570	166	-119	20	10570	166	-119	20	10570	166	-119	20	10570	166	-119	20	10570	166	-119	20	10570	166	-119	20	10570	166	-119	20	10570	166	-119	20	10570	166	-119	20	10570	166	-119	20	10570	166	-119	20	10570
167	-23	23	10593	167	-23	23	10593	167	-23	23	10593	167	-23	23	10593	167	-23	23	10593	167	-23	23	10593	167	-23	23	10593	167	-23	23	10593	167	-23	23	10593	167	-23	23	10593	167	-23	23	10593	167	-23	23	10593	167	-23	23	10593	167	-23	23	10593	167	-23	23	10593	167	-23	23	10593	167	-23	23	10593	167	-23	23	10593	167	-23	23	10593	167	-23	23	10593	167	-23	23	10593	167	-23	23	10593	167	-23	23	10593	167	-23	23	10593	167	-23	23	10593	167	-23	23	10593	167	-23	23	10593	167	-23	23	10593
168	-32	32	10625	168	-32	32	10625	168	-32	32	10625	168	-32	32	10625	168	-32	32	10625	168	-32	32	10625	168	-32	32	10625	168	-32	32	10625	168	-32	32	10625	168	-32	32	10625	168	-32	32	10625	168	-32	32	10625	168	-32	32	10625	168	-32	32	10625	168	-32	32	10625	168	-32	32	10625	168	-32	32	10625	168	-32	32	10625	168	-32	32	10625	168	-32	32	10625	168	-32	32	10625	168	-32	32	10625	168	-32	32	10625	168	-32	32	10625	168	-32	32	10625	168	-32	32	10625	168	-32	32	10625	168	-32	32	10625
169	-19	19	10644	169	-19	19	10644	169	-19	19	10644	169	-19	19	10644	169	-19	19	10644	169	-19	19	10644	169	-19	19	10644	169	-19	19	10644	169	-19	19	10644	169	-19	19	10644	169	-19	19	10644	169	-19	19	10644	169	-19	19	10644	169	-19	19	10644	169	-19	19	10644	169	-19	19	10644	169	-19	19	10644	169	-19	19	10644	169	-19	19	10644	169	-19	19	10644	169	-19	19	10644	169	-19	19	10644	169	-19	19	10644	169	-19	19	10644	169	-19	19	10644	169	-19	19	10644	169	-19	19	10644	169	-19	19	10644
170	-13	13	10657	170	-13	13	10657	170	-13	13	10657	170	-13	13	10657	170	-13	13	10657	170	-13	13	10657	170	-13	13	10657	170	-13	13	10657	170	-13	13	10657	170	-13	13	10657	170	-13	13	10657	170	-13	13	10657	170	-13	13	10657	170	-13	13	10657	170	-13	13	10657	170	-13	13	10657	170	-13	13	10657	170	-13	13	10657	170	-13	13	10657	170	-13	13	10657	170	-13	13	10657	170	-13	13	10657	170	-13	13	10657	170	-13	13	10657	170	-13	13	10657	170	-13	13	10657	170	-13	13	10657	170	-13	13	10657
171	-37	37	10694	171	-37	37	10694	171	-37	37	10694	171	-37	37	10694	171	-37	37	10694	171	-37	37	10694	171	-37	37	10694	171	-37	37	10694	171	-37	37	10694	171	-37	37	10694	171	-37	37	10694	171	-37	37	10694	171	-37	37	10694	171	-37	37	10694	171	-37	37	10694	171	-37	37	10694	171	-37	37	10694	171	-37	37	10694	171	-37	37	10694	171	-37	37	10694	171	-37	37	10694	171	-37	37	10694	171	-37	37	10694	171	-37	37	10694	171	-37	37	10694	171	-37	37	10694	171	-37	37	10694	171	-37	37	10694
172	-32	32	10726	172	-32	32	10726	172	-32	32	10726	172	-32	32	10726	172	-32	32	10726	172	-32	32	10726	172	-32	32	10726	172	-32	32	10726	172	-32	32	10726	172	-32	32	10726	172	-32	32	10726	172	-32	32	10726	172	-32	32	10726	172	-32	32	10726	172	-32	32	10726	172	-32	32	10726	172	-32	32	10726	172	-32	32	10726	172	-32	32	10726	172	-32	32	10726	172	-32	32	10726	172	-32	32	10726	172	-32	32	10726	172	-32	32	10726	172	-32	32	10726	172	-32	32	10726	172	-32	32	10726	172	-32	32	10726
173	-19	19	10745	173	-19	19	10745	173	-19	19	10745	173	-19	19	10745	173	-19	19	10745	173	-19	19	10745	173	-19	19	10745	173	-19	19	10745	173	-19	19	10745	173	-19	19	10745	173	-19	19	10745	173	-19	19	10745	173	-19	19	10745	173	-19	19	10745	173	-19	19	10745	173	-19	19	10745	173	-19	19	10745	173	-19	19	10745	173	-19	19	10745	173	-19	19	10745	173	-19	19	10745	173	-19	19	10745	173	-19	19	10745	173	-19	19	10745	173	-19	19	10745	173	-19	19	10745	173	-19	19	10745	173	-19	19	10745
174	-23	23	10768	174	-23	23	10768	174	-23	23	10768	174	-23	23	10768	174	-23	23	10768	174	-23	23	10768	174	-23	23	10768	174	-23	23	10768	174	-23	23	10768	174	-23	23	10768	174	-23	23	10768	174	-23	23	10768	174	-23	23	10768	174	-23	23	10768	174	-23	23	10768	174	-23	23	10768	174	-23	23	10768	174	-23	23	10768	174	-23	23	10768	174	-23	23	10768	174	-23	23	10768	174	-23	23	10768	174	-23	23	10768	174	-23	23	10768	174	-23	23	10768	174	-23	23	10768	174	-23	23	10768	174	-23	23	10768
175	-13	13	10781	175	-13	13	10781	175	-13	13	10781	175	-13	13	10781	175	-13	13	10781	175	-13	13	10781	175	-13	13	10781	175	-13	13	10781	175	-13	13	10781	175	-13	13	10781	175	-13	13	10781	175	-13	13	10781	175	-13	13	10781	175	-13	13	10781	175	-13	13	10781	175	-13	13	10781	175	-13	13	10781	175	-13	13	10781	175	-13	13	10781	175	-13	13	10781	175	-13	13	10781	175	-13	13	10781	175	-13	13	10781	175	-13	13	10781	175	-13	13	10781	175	-13	13	10781	175	-13	13	10781	175	-13	13	10781
176	-23	23	10804	176	-23	23	10804	176	-23	23	10804	176	-23	23	10804	176	-23	23	10804	176	-23	23	10804	176	-23	23	10804	176	-23	23	10804	176	-23	23	10804	176	-23	23	10804	176	-23	23	10804	176	-23	23	10804	176	-23	23	10804	176	-23	23	10804	176	-23	23	10804	176	-23	23	10804	176	-23	23	10804	176	-23	23	10804	176	-23	23	10804	176	-23	23	10804	176	-23	23	10804	176	-23	23	10804	176	-23	23	10804	176	-23	23	10804	176	-23	23	10804	176	-23	23	10804	176	-23	23	10804	176	-23	23	10804
177	-15	15	10819	177	-15	15	10819	177	-15	15	10819	177	-15	15	10819	177	-15	15	10819	177	-15	15	10819	177	-15	15	10819	177	-15	15	10819	177	-15	15	10819	177	-15	15	10819	177	-15	15	10819	177	-15	15	10819	177	-15	15	10819	177	-15	15	10819	177	-15	15	10819	177	-15	15	10819	177	-15	15	10819	177	-15	15	10819	177	-15	15	10819	177	-15	15	10819	177	-15	15	10819	177	-15	15	10819	177	-15	15	10819	177	-15	15	10819	177	-15	15	10819	177	-15	15	10819	177	-15	15	10819	177	-15	15	10819
178	-32	32	10851	178	-32	32	10851	178	-32	32	10851	178	-32	32	10851	178	-32	32	10851	178	-32	32	10851	178	-32	32	10851	178	-32	32	10851	178	-32	32	10851	178	-32	32	10851	178	-32	32	10851	178	-32	32	10851	178	-32	32	10851	178	-32	32	10851	178	-32	32	10851	178	-32	32	10851	178	-32	32	10851	178	-32	32	10851	178	-32	32	10851	178	-32	32	10851	178	-32	32	10851	178	-32	32	10851	178	-32	32	10851	178	-32	32	10851	178	-32	32	10851	178	-32	32	10851	178	-32	32	10851	178	-32	32	10851
179	-30	30	10881	179	-30	30	10881	179	-30	30	10881	179	-30	30	10881	179	-30	30	10881	179	-30	30	10881	179	-30	30	10881	179	-30	30	10881	179	-30	30	10881	179	-30	30	10881	179	-30	30	10881	179	-30	30	10881	179	-30	30	10881	179	-30	30	10881	179	-30	30	10881	179	-30	30	10881	179	-30	30	10881	179	-30	30	10881	179	-30	30	10881	179	-30	30	10881	179	-30	30	10881	179	-30	30	10881	179	-30	30	10881	179	-30	30	10881	179	-30	30	10881	179	-30	30	10881	179	-30	30	10881	179	-30	30	10881
180	-28	28	10909	180	-28	28	10909	180	-28	28	10909	180	-28	28	10909	180	-28	28	10909	180	-28	28	10909	180	-28	28	10909	180	-28	28	10909	180	-28	28	10909	180	-28	28	10909	180	-28	28	10909	180	-28	28	10909	180	-28	28	10909	180	-28	28	10909	180	-28	28	10909	180	-28	28	10909	180	-28	28	10909	180	-28	28	10909	180	-28	28	10909	180	-28	28	10909	180	-28	28	10909	180	-28	28	10909	180	-28	28	10909	180	-28	28	10909	180	-28	28	10909	180	-28	28	10909	180	-28	28	10909	180	-28	28	10909
181	-17	17	10926	181	-17	17	10926	181	-17	17	10926	181	-17	17	10926	181	-17	17	10926	181	-17	17	10926	181	-17	17	10926	181	-17	17	10926	181	-17	17	10926	181	-17	17	10926	181	-17	17	10926	181	-17	17	10926	181	-17	17	10926	181	-17	17	10926	181	-17	17	10926	181	-17	17	10926	181	-17	17	10926	181	-17	17	10926	181	-17	17	10926	181	-17	17	10926	181	-17	17	10926	181	-17	17	10926	181	-17	17	10926	181	-17	17	10926	181	-17	17	10926	181	-17	17	10926	181	-17	17	10926	181	-17	17	10926
182	-22	22	10948	182	-22	22	10948	182	-22	22	10948	182	-22	22	10948	182	-22	22	10948	182	-22	22	10948	182	-22	22	10948	182	-22	22	10948	182	-22	22	10948	182	-22	22	10948	182	-22	22	10948	182	-22	22	10948	182	-22	22	10948	182	-22	22	10948	182	-22	22	10948	182	-22	22	10948	182	-22	22	10948	182	-22	22	10948	182	-22	22	10948	182	-22	22	10948	182	-22	22	10948	182	-22	22	10948	182	-22	22	10948	182	-22	22	10948	182	-22	22	10948	182	-22	22	10948	182	-22	22	10948	182	-22	22	10948
183	-21	21	10969	183	-21	21	10969	183	-21	21	10969	183	-21	21	10969	183	-21	21	10969	183	-21	21	10969	183	-21	21	10969	183	-21	21	10969	183	-21	21	10969	183	-21	21	10969	183	-21	21	10969	183	-21	21	10969	183	-21	21	10969	183	-21	21	10969	183	-21	21	10969	183	-21	21	10969	183	-21	21	10969	183	-21	21	10969	183	-21	21	10969	183	-21	21	10969	183	-21	21	10969	183	-21	21	10969	183	-21	21	10969	183	-21	21	10969	183	-21	21	10969	183	-21	21	10969	183	-21	21	10969	183	-21	21	10969
184	-243	45	11014	184	-243	45	11014	184	-243	45	11014	184	-243	45	11014	184	-243	45	11014	184	-243	45	11014	184	-243	45	11014	184	-243	45	11014	184	-243	45	11014	184	-243	45	11014	184	-243	45	11014	184	-243	45	11014	184	-243	45	11014	184	-243	45	11014	184	-243	45	11014	184	-243	45	11014	184	-243	45	11014	184	-243	45	11014	184	-243	45	11014	184	-243	45	11014	184	-243	45	11014	184	-243	45	11014	184	-243	45	11014	184	-243	45	11014	184	-243	45	11014	184	-243	45	11014	184	-243	45	11014	184	-243	45	11014
185	-123	24	11038	185	-123	24	11038	185	-123	24	11038	185	-123	24	11038	185	-123	24	11038	185	-123	24	11038	185	-123	24	11038	185	-123	24	11038	185	-123	24	11038	185	-123	24	11038	185	-123	24	11038	185	-123	24	11038	185	-123	24	11038	185	-123	24	11038	185	-123	24	11038	185	-123	24	11038	185	-123	24	11038	185	-123	24	11038	185	-123	24	11038	185	-123	24	11038	185	-123	24	11038	185	-123	24	11038	185	-123	24	11038	185	-123	24	11038	185	-123	24	11038	185	-123	24	11038	185	-123	24	11038	185	-123	24	11038
186	-30	30	11068	186	-30	30	11068	186	-30	30	11068	186	-30	30	11068	186	-30	30	11068	186	-30	30	11068	186	-30	30	11068	186	-30	30	11068	186	-30	30	11068	186	-30	30	11068	186	-30	30	11068	186	-30	30	11068	186	-30	30	11068	186	-30	30	11068	186	-30	30	11068	186	-30	30	11068	186	-30	30	11068	186	-30	30	11068	186	-30	30	11068	186	-30	30	11068	186	-30	30	11068	186	-30	30	11068	186	-30	30	11068	186	-30	30	11068	186	-30	30	11068	186	-30	30	11068	186	-30	30	11068	186	-30	30	11068
187	-15	15	11083	187	-15	15	11083	187	-15	15	11083	187	-15	15	11083	187	-15	15	11083	187	-15	15	11083	187	-15	15	11083	187	-15	15	11083	187	-15	15	11083	187	-15	15	11083	187	-15	15	11083	187	-15	15	11083	187	-15	15	11083	187	-15	15	11083	187	-15	15	11083	187	-15	15	11083	187	-15	15	11083	187	-15	15	11083	187	-15	15	11083	187	-15	15	11083	187	-15	15	11083	187	-15	15	11083	187	-15	15	11083	187	-15	15	11083	187	-15	15	11083	187	-15	15	11083	187	-15	15	11083	187	-15	15	11083
188	-22	22	11105	188	-22	22	11105	188	-22	22	11105	188	-22	22	11105	188	-22	22	11105	188	-22	22	11105	188	-22	22	11105	188	-22	22	11105	188	-22	22	11105	188	-22	22	11105	188	-22	22	11105	188	-22	22	11105	188	-22	22	11105	188	-22	22	11105	188	-22	22	11105	188	-22	22	11105	188	-22	22	11105	188	-22	22	11105	188	-22	22	11105	188	-22	22	11105	188	-22	22	11105	188	-22	22	11105	188	-22	22	11105	188	-22	22	11105	188	-22	22	11105	188	-22	22	11105	188	-22	22	11105	188	-22	22	11105
189	-15	15	11120	189	-15	15	11120	189	-15	15	11120	189	-15	15	11120	189	-15	15	11120	189	-15	15	11120	189	-15	15	11120	189	-15	15	11120	189	-15	15	11120	189	-15	15	11120	189	-15	15	11120	189	-15	15	11120	189	-15	15	11120	189	-15	15	11120	189	-15	15	11120	189	-15	15	11120	189	-15	15	11120	189	-15	15	11120	189	-15	15	11120	189	-15	15	11120	189	-15	15	11120	189	-15	15	11120	189	-15	15	11120	189	-15	15	11120	189	-15	15	11120	189	-15	15	11120	189	-15	15	11120	189	-15	15	11120
190	-21	21	11141	190	-21	21	11141	190	-21	21	11141	190	-21	21	11141	190	-21	21	11141	190	-21	21	11141	190	-21	21	11141	190	-21	21	11141	190	-21	21	11141	190	-21	21	11141	190	-21	21	11141	190	-21	21	11141	190	-21	21	11141	190	-21	21	11141	190	-21	21	11141	190	-21	21	11141	190	-21	21	11141	190	-21	21	11141	190	-21	21	11141	190	-21	21	11141	190	-21	21	11141	190	-21	21	11141	190	-21	21	11141	190	-21	21	11141	190	-21	21	11141	190	-21	21	11141	190	-21	21	11141	190	-21	21	11141
191	-18	18	11159	191	-18	18	11159	191	-18	18	11159	191	-18	18	11159	191	-18	18	11159	191	-18	18	11159	191	-18	18	11159	191	-18	18	11159	191	-18	18	11159	191	-18	18	11159	191	-18	18	11159	191	-18	18	11159	191	-18	18	11159	191	-18	18	11159	191	-18	18	11159	191	-18	18	11159	191	-18	18	11159	191	-18	18	11159	191	-18	18	11159	191	-18	18	11159	191	-18	18	11159	191	-18	18	11159	191	-18	18	11159	191	-18	18	11159	191	-18	18	11159	191	-18	18	11159	191	-18	18	11159	191	-18	18	11159
192	-23	23	11182	192	-23	23	11182	192	-23	23	11182	192	-23	23	11182	192	-23	23	11182	192	-23	23	11182	192	-23	23	11182	192	-23	23	11182	192	-23	23	11182	192	-23	23	11182	192	-23	23	11182	192	-23	23	11182	192	-23	23	11182	192	-23	23	11182	192	-23	23	11182	192	-23	23	11182	192	-23	23	11182	192	-23	23	11182	192	-23	23	11182	192	-23	23	11182	192	-23	23	11182	192	-23	23	11182	192	-23	23	11182	192	-23	23	11182	192	-23	23	11182	192	-23	23	11182	192	-23	23	11182	192	-23	23	11182
193	-24	24	11206	193	-24	24	11206	193	-24	24	11206	193	-24	24	11206	193	-24	24	11206	193	-24	24	11206	193	-24	24	11206	193	-24	24	11206	193	-24	24	11206	193	-24	24	11206	193	-24	24	11206	193	-24	24	11206	193	-24	24	11206	193	-24	24	11206	193	-24	24	11206	193	-24	24	11206	193	-24	24	11206	193	-24	24	11206	193	-24	24	11206	193	-24	24	11206	193	-24	24	11206	193	-24	24	11206	193	-24	24	11206	193	-24	24	11206	193	-24	24	11206	193	-24	24	11206	193	-24	24	11206	193	-24	24	11206
194	-20	20	11226	194	-20	20	11226	194	-20	20	11226	194	-20	20	11226	194	-20	20	11226	194	-20	20	11226	194	-20	20	11226	194	-20	20	11226	194	-20	20	11226	194	-20	20	11226	194	-20	20	11226	194	-20	20	11226	194	-20	20	11226	194	-20	20	11226	194	-20	20	11226	194	-20	20	11226	194	-20	20	11226	194	-20	20	11226	194	-20	20	11226	194	-20	20	11226	194	-20	20	11226	194	-20	20	11226	194	-20	20	11226	194	-20	20	11226	194	-20	20	11226	194	-20	20	11226	194	-20	20	11226	194	-20	20	11226
195	-17	17	11243	195	-17	17	11243	195	-17	17	11243	195	-17	17	11243	195	-17	17	11243	195	-17	17	11243	195	-17	17	11243	195	-17	17	11243	195	-17	17	11243	195	-17	17	11243	195	-17	17	11243	195	-17	17	11243	195	-17	17	11243	195	-17	17	11243	195	-17	17	11243	195	-17	17	11243	195	-17	17	11243	195	-17	17	11243	195	-17	17	11243	195	-17	17	11243	195	-17	17	11243	195	-17	17	11243	195	-17	17	11243	195	-17	17	11243	195	-17	17	11243	195	-17	17	11243	195	-17	17	11243	195	-17	17	11243
196	-25	25	11268	196	-25	25	11268	196	-25	25	11268	196	-25	25	11268	196	-25	25	11268	196	-25	25	11268	196	-25	25	11268	196	-25	25	11268	196	-25	25	11268	196	-25	25	11268	196	-25	25	11268	196	-25	25	11268	196	-25	25	11268	196	-25	25	11268	196	-25	25	11268	196	-25	25	11268	196	-25	25	11268	196	-25	25	11268	196	-25	25	11268	196	-25	25	11268	196	-25	25	11268	196	-25	25	11268	196	-25	25	11268	196	-25	25	11268	196	-25	25	11268	196	-25	25	11268	196	-25	25	11268	196	-25	25	11268
197	-13	13	11281	197	-13	13	11281	197	-13	13	11281	197	-13	13	11281	197	-13	13	11281	197	-13	13	11281	197	-13	13	11281	197	-13	13	11281	197	-13	13	11281	197	-13	13	11281	197	-13	13	11281	197	-13	13	11281	197	-13	13	11281	197	-13	13	11281	197	-13	13	11281	197	-13	13	11281	197	-13	13	11281	197	-13	13	11281	197	-13	13	11281	197	-13	13	11281	197	-13	13	11281	197	-13	13	11281	197	-13	13	11281	197	-13	13	11281	197	-13	13	11281	197	-13	13	11281	197	-13	13	11281	197	-13	13	11281
198	-13	13	11294	198	-13	13	11294	198	-13	13	11294	198	-13	13	11294	198	-13	13	11294	198	-13	13	11294	198	-13	13	11294	198	-13	13	11294	198	-13	13	11294	198	-13	13	11294	198	-13	13	11294	198	-13	13	11294	198	-13	13	11294	198	-13	13	11294	198	-13	13	11294	198	-13	13	11294	198	-13	13	11294	198	-13	13	11294	198	-13	13	11294	198	-13	13	11294	198	-13	13	11294	198	-13	13	11294	198	-13	13	11294	198	-13	13	11294	198	-13	13	11294	198	-13	13	11294	198	-13	13	11294	198	-13	13	11294
199	-142	43	11337	199	-142	43	11337	199	-142	43	11337	199	-142	43	11337	199	-142	43	11337	199	-142	43	11337	199	-142	43	11337	199	-142	43	11337	199	-142	43	11337	199	-142	43	11337	199	-142	43	11337	199	-142	43	11337	199	-142	43	11337	199	-142	43	11337	199	-142	43	11337	199	-142	43	11337	199	-142	43	11337	199	-142	43	11337	199	-142	43	11337	199	-142	43	11337	199	-142	43	11337	199	-142	43	11337	199	-142	43	11337	199	-142	43	11337	199	-142	43	11337	199	-142	43	11337	199	-142	43	11337	199	-142	43	11337
