Episode	Accumulated Reward	Length	Steps	Episode	Accumulated Reward	Length	Steps	Episode	Accumulated Reward	Length	Steps	Episode	Accumulated Reward	Length	Steps	Episode	Accumulated Reward	Length	Steps	Episode	Accumulated Reward	Length	Steps	Episode	Accumulated Reward	Length	Steps	Episode	Accumulated Reward	Length	Steps
0	-15	15	15	0	-15	15	15	0	-15	15	15	0	-15	15	15	0	-15	15	15	0	-15	15	15	0	-15	15	15	0	-15	15	15
1	-13	13	28	1	-13	13	28	1	-13	13	28	1	-13	13	28	1	-13	13	28	1	-13	13	28	1	-13	13	28	1	-13	13	28
2	-18	18	46	2	-18	18	46	2	-18	18	46	2	-18	18	46	2	-18	18	46	2	-18	18	46	2	-18	18	46	2	-18	18	46
3	-223	25	71	3	-223	25	71	3	-223	25	71	3	-223	25	71	3	-223	25	71	3	-223	25	71	3	-223	25	71	3	-223	25	71
4	-13	13	84	4	-13	13	84	4	-13	13	84	4	-13	13	84	4	-13	13	84	4	-13	13	84	4	-13	13	84	4	-13	13	84
5	-13	13	97	5	-13	13	97	5	-13	13	97	5	-13	13	97	5	-13	13	97	5	-13	13	97	5	-13	13	97	5	-13	13	97
6	-222	24	121	6	-222	24	121	6	-222	24	121	6	-222	24	121	6	-222	24	121	6	-222	24	121	6	-222	24	121	6	-222	24	121
7	-15	15	136	7	-15	15	136	7	-15	15	136	7	-15	15	136	7	-15	15	136	7	-15	15	136	7	-15	15	136	7	-15	15	136
8	-13	13	149	8	-13	13	149	8	-13	13	149	8	-13	13	149	8	-13	13	149	8	-13	13	149	8	-13	13	149	8	-13	13	149
9	-13	13	162	9	-13	13	162	9	-13	13	162	9	-13	13	162	9	-13	13	162	9	-13	13	162	9	-13	13	162	9	-13	13	162
10	-127	28	190	10	-127	28	190	10	-127	28	190	10	-127	28	190	10	-127	28	190	10	-127	28	190	10	-127	28	190	10	-127	28	190
11	-16	16	206	11	-16	16	206	11	-16	16	206	11	-16	16	206	11	-16	16	206	11	-16	16	206	11	-16	16	206	11	-16	16	206
12	-13	13	219	12	-13	13	219	12	-13	13	219	12	-13	13	219	12	-13	13	219	12	-13	13	219	12	-13	13	219	12	-13	13	219
13	-116	17	236	13	-116	17	236	13	-116	17	236	13	-116	17	236	13	-116	17	236	13	-116	17	236	13	-116	17	236	13	-116	17	236
14	-121	22	258	14	-121	22	258	14	-121	22	258	14	-121	22	258	14	-121	22	258	14	-121	22	258	14	-121	22	258	14	-121	22	258
15	-15	15	273	15	-15	15	273	15	-15	15	273	15	-15	15	273	15	-15	15	273	15	-15	15	273	15	-15	15	273	15	-15	15	273
16	-15	15	288	16	-15	15	288	16	-15	15	288	16	-15	15	288	16	-15	15	288	16	-15	15	288	16	-15	15	288	16	-15	15	288
17	-17	17	305	17	-17	17	305	17	-17	17	305	17	-17	17	305	17	-17	17	305	17	-17	17	305	17	-17	17	305	17	-17	17	305
18	-15	15	320	18	-15	15	320	18	-15	15	320	18	-15	15	320	18	-15	15	320	18	-15	15	320	18	-15	15	320	18	-15	15	320
19	-13	13	333	19	-13	13	333	19	-13	13	333	19	-13	13	333	19	-13	13	333	19	-13	13	333	19	-13	13	333	19	-13	13	333
20	-13	13	346	20	-13	13	346	20	-13	13	346	20	-13	13	346	20	-13	13	346	20	-13	13	346	20	-13	13	346	20	-13	13	346
21	-13	13	359	21	-13	13	359	21	-13	13	359	21	-13	13	359	21	-13	13	359	21	-13	13	359	21	-13	13	359	21	-13	13	359
22	-13	13	372	22	-13	13	372	22	-13	13	372	22	-13	13	372	22	-13	13	372	22	-13	13	372	22	-13	13	372	22	-13	13	372
23	-13	13	385	23	-13	13	385	23	-13	13	385	23	-13	13	385	23	-13	13	385	23	-13	13	385	23	-13	13	385	23	-13	13	385
24	-337	40	425	24	-337	40	425	24	-337	40	425	24	-337	40	425	24	-337	40	425	24	-337	40	425	24	-337	40	425	24	-337	40	425
25	-15	15	440	25	-15	15	440	25	-15	15	440	25	-15	15	440	25	-15	15	440	25	-15	15	440	25	-15	15	440	25	-15	15	440
26	-117	18	458	26	-117	18	458	26	-117	18	458	26	-117	18	458	26	-117	18	458	26	-117	18	458	26	-117	18	458	26	-117	18	458
27	-14	14	472	27	-14	14	472	27	-14	14	472	27	-14	14	472	27	-14	14	472	27	-14	14	472	27	-14	14	472	27	-14	14	472
28	-223	25	497	28	-223	25	497	28	-223	25	497	28	-223	25	497	28	-223	25	497	28	-223	25	497	28	-223	25	497	28	-223	25	497
29	-13	13	510	29	-13	13	510	29	-13	13	510	29	-13	13	510	29	-13	13	510	29	-13	13	510	29	-13	13	510	29	-13	13	510
30	-13	13	523	30	-13	13	523	30	-13	13	523	30	-13	13	523	30	-13	13	523	30	-13	13	523	30	-13	13	523	30	-13	13	523
31	-119	20	543	31	-119	20	543	31	-119	20	543	31	-119	20	543	31	-119	20	543	31	-119	20	543	31	-119	20	543	31	-119	20	543
32	-17	17	560	32	-17	17	560	32	-17	17	560	32	-17	17	560	32	-17	17	560	32	-17	17	560	32	-17	17	560	32	-17	17	560
33	-19	19	579	33	-19	19	579	33	-19	19	579	33	-19	19	579	33	-19	19	579	33	-19	19	579	33	-19	19	579	33	-19	19	579
34	-15	15	594	34	-15	15	594	34	-15	15	594	34	-15	15	594	34	-15	15	594	34	-15	15	594	34	-15	15	594	34	-15	15	594
35	-117	18	612	35	-117	18	612	35	-117	18	612	35	-117	18	612	35	-117	18	612	35	-117	18	612	35	-117	18	612	35	-117	18	612
36	-15	15	627	36	-15	15	627	36	-15	15	627	36	-15	15	627	36	-15	15	627	36	-15	15	627	36	-15	15	627	36	-15	15	627
37	-13	13	640	37	-13	13	640	37	-13	13	640	37	-13	13	640	37	-13	13	640	37	-13	13	640	37	-13	13	640	37	-13	13	640
38	-19	19	659	38	-19	19	659	38	-19	19	659	38	-19	19	659	38	-19	19	659	38	-19	19	659	38	-19	19	659	38	-19	19	659
39	-13	13	672	39	-13	13	672	39	-13	13	672	39	-13	13	672	39	-13	13	672	39	-13	13	672	39	-13	13	672	39	-13	13	672
40	-14	14	686	40	-14	14	686	40	-14	14	686	40	-14	14	686	40	-14	14	686	40	-14	14	686	40	-14	14	686	40	-14	14	686
41	-19	19	705	41	-19	19	705	41	-19	19	705	41	-19	19	705	41	-19	19	705	41	-19	19	705	41	-19	19	705	41	-19	19	705
42	-13	13	718	42	-13	13	718	42	-13	13	718	42	-13	13	718	42	-13	13	718	42	-13	13	718	42	-13	13	718	42	-13	13	718
43	-13	13	731	43	-13	13	731	43	-13	13	731	43	-13	13	731	43	-13	13	731	43	-13	13	731	43	-13	13	731	43	-13	13	731
44	-16	16	747	44	-16	16	747	44	-16	16	747	44	-16	16	747	44	-16	16	747	44	-16	16	747	44	-16	16	747	44	-16	16	747
45	-13	13	760	45	-13	13	760	45	-13	13	760	45	-13	13	760	45	-13	13	760	45	-13	13	760	45	-13	13	760	45	-13	13	760
46	-15	15	775	46	-15	15	775	46	-15	15	775	46	-15	15	775	46	-15	15	775	46	-15	15	775	46	-15	15	775	46	-15	15	775
47	-13	13	788	47	-13	13	788	47	-13	13	788	47	-13	13	788	47	-13	13	788	47	-13	13	788	47	-13	13	788	47	-13	13	788
48	-13	13	801	48	-13	13	801	48	-13	13	801	48	-13	13	801	48	-13	13	801	48	-13	13	801	48	-13	13	801	48	-13	13	801
49	-13	13	814	49	-13	13	814	49	-13	13	814	49	-13	13	814	49	-13	13	814	49	-13	13	814	49	-13	13	814	49	-13	13	814
50	-15	15	829	50	-15	15	829	50	-15	15	829	50	-15	15	829	50	-15	15	829	50	-15	15	829	50	-15	15	829	50	-15	15	829
51	-20	20	849	51	-20	20	849	51	-20	20	849	51	-20	20	849	51	-20	20	849	51	-20	20	849	51	-20	20	849	51	-20	20	849
52	-17	17	866	52	-17	17	866	52	-17	17	866	52	-17	17	866	52	-17	17	866	52	-17	17	866	52	-17	17	866	52	-17	17	866
53	-15	15	881	53	-15	15	881	53	-15	15	881	53	-15	15	881	53	-15	15	881	53	-15	15	881	53	-15	15	881	53	-15	15	881
54	-14	14	895	54	-14	14	895	54	-14	14	895	54	-14	14	895	54	-14	14	895	54	-14	14	895	54	-14	14	895	54	-14	14	895
55	-13	13	908	55	-13	13	908	55	-13	13	908	55	-13	13	908	55	-13	13	908	55	-13	13	908	55	-13	13	908	55	-13	13	908
56	-13	13	921	56	-13	13	921	56	-13	13	921	56	-13	13	921	56	-13	13	921	56	-13	13	921	56	-13	13	921	56	-13	13	921
57	-15	15	936	57	-15	15	936	57	-15	15	936	57	-15	15	936	57	-15	15	936	57	-15	15	936	57	-15	15	936	57	-15	15	936
58	-15	15	951	58	-15	15	951	58	-15	15	951	58	-15	15	951	58	-15	15	951	58	-15	15	951	58	-15	15	951	58	-15	15	951
59	-15	15	966	59	-15	15	966	59	-15	15	966	59	-15	15	966	59	-15	15	966	59	-15	15	966	59	-15	15	966	59	-15	15	966
60	-119	20	986	60	-119	20	986	60	-119	20	986	60	-119	20	986	60	-119	20	986	60	-119	20	986	60	-119	20	986	60	-119	20	986
61	-13	13	999	61	-13	13	999	61	-13	13	999	61	-13	13	999	61	-13	13	999	61	-13	13	999	61	-13	13	999	61	-13	13	999
62	-13	13	1012	62	-13	13	1012	62	-13	13	1012	62	-13	13	1012	62	-13	13	1012	62	-13	13	1012	62	-13	13	1012	62	-13	13	1012
63	-13	13	1025	63	-13	13	1025	63	-13	13	1025	63	-13	13	1025	63	-13	13	1025	63	-13	13	1025	63	-13	13	1025	63	-13	13	1025
64	-13	13	1038	64	-13	13	1038	64	-13	13	1038	64	-13	13	1038	64	-13	13	1038	64	-13	13	1038	64	-13	13	1038	64	-13	13	1038
65	-15	15	1053	65	-15	15	1053	65	-15	15	1053	65	-15	15	1053	65	-15	15	1053	65	-15	15	1053	65	-15	15	1053	65	-15	15	1053
66	-14	14	1067	66	-14	14	1067	66	-14	14	1067	66	-14	14	1067	66	-14	14	1067	66	-14	14	1067	66	-14	14	1067	66	-14	14	1067
67	-14	14	1081	67	-14	14	1081	67	-14	14	1081	67	-14	14	1081	67	-14	14	1081	67	-14	14	1081	67	-14	14	1081	67	-14	14	1081
68	-15	15	1096	68	-15	15	1096	68	-15	15	1096	68	-15	15	1096	68	-15	15	1096	68	-15	15	1096	68	-15	15	1096	68	-15	15	1096
69	-115	16	1112	69	-115	16	1112	69	-115	16	1112	69	-115	16	1112	69	-115	16	1112	69	-115	16	1112	69	-115	16	1112	69	-115	16	1112
70	-13	13	1125	70	-13	13	1125	70	-13	13	1125	70	-13	13	1125	70	-13	13	1125	70	-13	13	1125	70	-13	13	1125	70	-13	13	1125
71	-13	13	1138	71	-13	13	1138	71	-13	13	1138	71	-13	13	1138	71	-13	13	1138	71	-13	13	1138	71	-13	13	1138	71	-13	13	1138
72	-15	15	1153	72	-15	15	1153	72	-15	15	1153	72	-15	15	1153	72	-15	15	1153	72	-15	15	1153	72	-15	15	1153	72	-15	15	1153
73	-17	17	1170	73	-17	17	1170	73	-17	17	1170	73	-17	17	1170	73	-17	17	1170	73	-17	17	1170	73	-17	17	1170	73	-17	17	1170
74	-15	15	1185	74	-15	15	1185	74	-15	15	1185	74	-15	15	1185	74	-15	15	1185	74	-15	15	1185	74	-15	15	1185	74	-15	15	1185
75	-13	13	1198	75	-13	13	1198	75	-13	13	1198	75	-13	13	1198	75	-13	13	1198	75	-13	13	1198	75	-13	13	1198	75	-13	13	1198
76	-13	13	1211	76	-13	13	1211	76	-13	13	1211	76	-13	13	1211	76	-13	13	1211	76	-13	13	1211	76	-13	13	1211	76	-13	13	1211
77	-124	25	1236	77	-124	25	1236	77	-124	25	1236	77	-124	25	1236	77	-124	25	1236	77	-124	25	1236	77	-124	25	1236	77	-124	25	1236
78	-13	13	1249	78	-13	13	1249	78	-13	13	1249	78	-13	13	1249	78	-13	13	1249	78	-13	13	1249	78	-13	13	1249	78	-13	13	1249
79	-13	13	1262	79	-13	13	1262	79	-13	13	1262	79	-13	13	1262	79	-13	13	1262	79	-13	13	1262	79	-13	13	1262	79	-13	13	1262
80	-332	35	1297	80	-332	35	1297	80	-332	35	1297	80	-332	35	1297	80	-332	35	1297	80	-332	35	1297	80	-332	35	1297	80	-332	35	1297
81	-15	15	1312	81	-15	15	1312	81	-15	15	1312	81	-15	15	1312	81	-15	15	1312	81	-15	15	1312	81	-15	15	1312	81	-15	15	1312
82	-15	15	1327	82	-15	15	1327	82	-15	15	1327	82	-15	15	1327	82	-15	15	1327	82	-15	15	1327	82	-15	15	1327	82	-15	15	1327
83	-14	14	1341	83	-14	14	1341	83	-14	14	1341	83	-14	14	1341	83	-14	14	1341	83	-14	14	1341	83	-14	14	1341	83	-14	14	1341
84	-15	15	1356	84	-15	15	1356	84	-15	15	1356	84	-15	15	1356	84	-15	15	1356	84	-15	15	1356	84	-15	15	1356	84	-15	15	1356
85	-15	15	1371	85	-15	15	1371	85	-15	15	1371	85	-15	15	1371	85	-15	15	1371	85	-15	15	1371	85	-15	15	1371	85	-15	15	1371
86	-119	20	1391	86	-119	20	1391	86	-119	20	1391	86	-119	20	1391	86	-119	20	1391	86	-119	20	1391	86	-119	20	1391	86	-119	20	1391
87	-13	13	1404	87	-13	13	1404	87	-13	13	1404	87	-13	13	1404	87	-13	13	1404	87	-13	13	1404	87	-13	13	1404	87	-13	13	1404
88	-13	13	1417	88	-13	13	1417	88	-13	13	1417	88	-13	13	1417	88	-13	13	1417	88	-13	13	1417	88	-13	13	1417	88	-13	13	1417
89	-13	13	1430	89	-13	13	1430	89	-13	13	1430	89	-13	13	1430	89	-13	13	1430	89	-13	13	1430	89	-13	13	1430	89	-13	13	1430
90	-15	15	1445	90	-15	15	1445	90	-15	15	1445	90	-15	15	1445	90	-15	15	1445	90	-15	15	1445	90	-15	15	1445	90	-15	15	1445
91	-18	18	1463	91	-18	18	1463	91	-18	18	1463	91	-18	18	1463	91	-18	18	1463	91	-18	18	1463	91	-18	18	1463	91	-18	18	1463
92	-119	20	1483	92	-119	20	1483	92	-119	20	1483	92	-119	20	1483	92	-119	20	1483	92	-119	20	1483	92	-119	20	1483	92	-119	20	1483
93	-13	13	1496	93	-13	13	1496	93	-13	13	1496	93	-13	13	1496	93	-13	13	1496	93	-13	13	1496	93	-13	13	1496	93	-13	13	1496
94	-17	17	1513	94	-17	17	1513	94	-17	17	1513	94	-17	17	1513	94	-17	17	1513	94	-17	17	1513	94	-17	17	1513	94	-17	17	1513
95	-14	14	1527	95	-14	14	1527	95	-14	14	1527	95	-14	14	1527	95	-14	14	1527	95	-14	14	1527	95	-14	14	1527	95	-14	14	1527
96	-13	13	1540	96	-13	13	1540	96	-13	13	1540	96	-13	13	1540	96	-13	13	1540	96	-13	13	1540	96	-13	13	1540	96	-13	13	1540
97	-13	13	1553	97	-13	13	1553	97	-13	13	1553	97	-13	13	1553	97	-13	13	1553	97	-13	13	1553	97	-13	13	1553	97	-13	13	1553
98	-15	15	1568	98	-15	15	1568	98	-15	15	1568	98	-15	15	1568	98	-15	15	1568	98	-15	15	1568	98	-15	15	1568	98	-15	15	1568
99	-13	13	1581	99	-13	13	1581	99	-13	13	1581	99	-13	13	1581	99	-13	13	1581	99	-13	13	1581	99	-13	13	1581	99	-13	13	1581
100	-13	13	1594	100	-13	13	1594	100	-13	13	1594	100	-13	13	1594	100	-13	13	1594	100	-13	13	1594	100	-13	13	1594	100	-13	13	1594
101	-13	13	1607	101	-13	13	1607	101	-13	13	1607	101	-13	13	1607	101	-13	13	1607	101	-13	13	1607	101	-13	13	1607	101	-13	13	1607
102	-15	15	1622	102	-15	15	1622	102	-15	15	1622	102	-15	15	1622	102	-15	15	1622	102	-15	15	1622	102	-15	15	1622	102	-15	15	1622
103	-13	13	1635	103	-13	13	1635	103	-13	13	1635	103	-13	13	1635	103	-13	13	1635	103	-13	13	1635	103	-13	13	1635	103	-13	13	1635
104	-13	13	1648	104	-13	13	1648	104	-13	13	1648	104	-13	13	1648	104	-13	13	1648	104	-13	13	1648	104	-13	13	1648	104	-13	13	1648
105	-121	22	1670	105	-121	22	1670	105	-121	22	1670	105	-121	22	1670	105	-121	22	1670	105	-121	22	1670	105	-121	22	1670	105	-121	22	1670
106	-15	15	1685	106	-15	15	1685	106	-15	15	1685	106	-15	15	1685	106	-15	15	1685	106	-15	15	1685	106	-15	15	1685	106	-15	15	1685
107	-13	13	1698	107	-13	13	1698	107	-13	13	1698	107	-13	13	1698	107	-13	13	1698	107	-13	13	1698	107	-13	13	1698	107	-13	13	1698
108	-121	22	1720	108	-121	22	1720	108	-121	22	1720	108	-121	22	1720	108	-121	22	1720	108	-121	22	1720	108	-121	22	1720	108	-121	22	1720
109	-17	17	1737	109	-17	17	1737	109	-17	17	1737	109	-17	17	1737	109	-17	17	1737	109	-17	17	1737	109	-17	17	1737	109	-17	17	1737
110	-19	19	1756	110	-19	19	1756	110	-19	19	1756	110	-19	19	1756	110	-19	19	1756	110	-19	19	1756	110	-19	19	1756	110	-19	19	1756
111	-13	13	1769	111	-13	13	1769	111	-13	13	1769	111	-13	13	1769	111	-13	13	1769	111	-13	13	1769	111	-13	13	1769	111	-13	13	1769
112	-13	13	1782	112	-13	13	1782	112	-13	13	1782	112	-13	13	1782	112	-13	13	1782	112	-13	13	1782	112	-13	13	1782	112	-13	13	1782
113	-13	13	1795	113	-13	13	1795	113	-13	13	1795	113	-13	13	1795	113	-13	13	1795	113	-13	13	1795	113	-13	13	1795	113	-13	13	1795
114	-13	13	1808	114	-13	13	1808	114	-13	13	1808	114	-13	13	1808	114	-13	13	1808	114	-13	13	1808	114	-13	13	1808	114	-13	13	1808
115	-13	13	1821	115	-13	13	1821	115	-13	13	1821	115	-13	13	1821	115	-13	13	1821	115	-13	13	1821	115	-13	13	1821	115	-13	13	1821
116	-13	13	1834	116	-13	13	1834	116	-13	13	1834	116	-13	13	1834	116	-13	13	1834	116	-13	13	1834	116	-13	13	1834	116	-13	13	1834
117	-13	13	1847	117	-13	13	1847	117	-13	13	1847	117	-13	13	1847	117	-13	13	1847	117	-13	13	1847	117	-13	13	1847	117	-13	13	1847
118	-13	13	1860	118	-13	13	1860	118	-13	13	1860	118	-13	13	1860	118	-13	13	1860	118	-13	13	1860	118	-13	13	1860	118	-13	13	1860
119	-15	15	1875	119	-15	15	1875	119	-15	15	1875	119	-15	15	1875	119	-15	15	1875	119	-15	15	1875	119	-15	15	1875	119	-15	15	1875
120	-226	28	1903	120	-226	28	1903	120	-226	28	1903	120	-226	28	1903	120	-226	28	1903	120	-226	28	1903	120	-226	28	1903	120	-226	28	1903
121	-13	13	1916	121	-13	13	1916	121	-13	13	1916	121	-13	13	1916	121	-13	13	1916	121	-13	13	1916	121	-13	13	1916	121	-13	13	1916
122	-15	15	1931	122	-15	15	1931	122	-15	15	1931	122	-15	15	1931	122	-15	15	1931	122	-15	15	1931	122	-15	15	1931	122	-15	15	1931
123	-13	13	1944	123	-13	13	1944	123	-13	13	1944	123	-13	13	1944	123	-13	13	1944	123	-13	13	1944	123	-13	13	1944	123	-13	13	1944
124	-13	13	1957	124	-13	13	1957	124	-13	13	1957	124	-13	13	1957	124	-13	13	1957	124	-13	13	1957	124	-13	13	1957	124	-13	13	1957
125	-13	13	1970	125	-13	13	1970	125	-13	13	1970	125	-13	13	1970	125	-13	13	1970	125	-13	13	1970	125	-13	13	1970	125	-13	13	1970
126	-14	14	1984	126	-14	14	1984	126	-14	14	1984	126	-14	14	1984	126	-14	14	1984	126	-14	14	1984	126	-14	14	1984	126	-14	14	1984
127	-13	13	1997	127	-13	13	1997	127	-13	13	1997	127	-13	13	1997	127	-13	13	1997	127	-13	13	1997	127	-13	13	1997	127	-13	13	1997
128	-13	13	2010	128	-13	13	2010	128	-13	13	2010	128	-13	13	2010	128	-13	13	2010	128	-13	13	2010	128	-13	13	2010	128	-13	13	2010
129	-13	13	2023	129	-13	13	2023	129	-13	13	2023	129	-13	13	2023	129	-13	13	2023	129	-13	13	2023	129	-13	13	2023	129	-13	13	2023
130	-15	15	2038	130	-15	15	2038	130	-15	15	2038	130	-15	15	2038	130	-15	15	2038	130	-15	15	2038	130	-15	15	2038	130	-15	15	2038
131	-128	29	2067	131	-128	29	2067	131	-128	29	2067	131	-128	29	2067	131	-128	29	2067	131	-128	29	2067	131	-128	29	2067	131	-128	29	2067
132	-17	17	2084	132	-17	17	2084	132	-17	17	2084	132	-17	17	2084	132	-17	17	2084	132	-17	17	2084	132	-17	17	2084	132	-17	17	2084
133	-13	13	2097	133	-13	13	2097	133	-13	13	2097	133	-13	13	2097	133	-13	13	2097	133	-13	13	2097	133	-13	13	2097	133	-13	13	2097
134	-13	13	2110	134	-13	13	2110	134	-13	13	2110	134	-13	13	2110	134	-13	13	2110	134	-13	13	2110	134	-13	13	2110	134	-13	13	2110
135	-15	15	2125	135	-15	15	2125	135	-15	15	2125	135	-15	15	2125	135	-15	15	2125	135	-15	15	2125	135	-15	15	2125	135	-15	15	2125
136	-13	13	2138	136	-13	13	2138	136	-13	13	2138	136	-13	13	2138	136	-13	13	2138	136	-13	13	2138	136	-13	13	2138	136	-13	13	2138
137	-18	18	2156	137	-18	18	2156	137	-18	18	2156	137	-18	18	2156	137	-18	18	2156	137	-18	18	2156	137	-18	18	2156	137	-18	18	2156
138	-13	13	2169	138	-13	13	2169	138	-13	13	2169	138	-13	13	2169	138	-13	13	2169	138	-13	13	2169	138	-13	13	2169	138	-13	13	2169
139	-13	13	2182	139	-13	13	2182	139	-13	13	2182	139	-13	13	2182	139	-13	13	2182	139	-13	13	2182	139	-13	13	2182	139	-13	13	2182
140	-233	35	2217	140	-233	35	2217	140	-233	35	2217	140	-233	35	2217	140	-233	35	2217	140	-233	35	2217	140	-233	35	2217	140	-233	35	2217
141	-13	13	2230	141	-13	13	2230	141	-13	13	2230	141	-13	13	2230	141	-13	13	2230	141	-13	13	2230	141	-13	13	2230	141	-13	13	2230
142	-115	16	2246	142	-115	16	2246	142	-115	16	2246	142	-115	16	2246	142	-115	16	2246	142	-115	16	2246	142	-115	16	2246	142	-115	16	2246
143	-126	27	2273	143	-126	27	2273	143	-126	27	2273	143	-126	27	2273	143	-126	27	2273	143	-126	27	2273	143	-126	27	2273	143	-126	27	2273
144	-124	25	2298	144	-124	25	2298	144	-124	25	2298	144	-124	25	2298	144	-124	25	2298	144	-124	25	2298	144	-124	25	2298	144	-124	25	2298
145	-17	17	2315	145	-17	17	2315	145	-17	17	2315	145	-17	17	2315	145	-17	17	2315	145	-17	17	2315	145	-17	17	2315	145	-17	17	2315
146	-13	13	2328	146	-13	13	2328	146	-13	13	2328	146	-13	13	2328	146	-13	13	2328	146	-13	13	2328	146	-13	13	2328	146	-13	13	2328
147	-15	15	2343	147	-15	15	2343	147	-15	15	2343	147	-15	15	2343	147	-15	15	2343	147	-15	15	2343	147	-15	15	2343	147	-15	15	2343
148	-125	26	2369	148	-125	26	2369	148	-125	26	2369	148	-125	26	2369	148	-125	26	2369	148	-125	26	2369	148	-125	26	2369	148	-125	26	2369
149	-13	13	2382	149	-13	13	2382	149	-13	13	2382	149	-13	13	2382	149	-13	13	2382	149	-13	13	2382	149	-13	13	2382	149	-13	13	2382
150	-118	19	2401	150	-118	19	2401	150	-118	19	2401	150	-118	19	2401	150	-118	19	2401	150	-118	19	2401	150	-118	19	2401	150	-118	19	2401
151	-15	15	2416	151	-15	15	2416	151	-15	15	2416	151	-15	15	2416	151	-15	15	2416	151	-15	15	2416	151	-15	15	2416	151	-15	15	2416
152	-17	17	2433	152	-17	17	2433	152	-17	17	2433	152	-17	17	2433	152	-17	17	2433	152	-17	17	2433	152	-17	17	2433	152	-17	17	2433
153	-17	17	2450	153	-17	17	2450	153	-17	17	2450	153	-17	17	2450	153	-17	17	2450	153	-17	17	2450	153	-17	17	2450	153	-17	17	2450
154	-126	27	2477	154	-126	27	2477	154	-126	27	2477	154	-126	27	2477	154	-126	27	2477	154	-126	27	2477	154	-126	27	2477	154	-126	27	2477
155	-122	23	2500	155	-122	23	2500	155	-122	23	2500	155	-122	23	2500	155	-122	23	2500	155	-122	23	2500	155	-122	23	2500	155	-122	23	2500
156	-15	15	2515	156	-15	15	2515	156	-15	15	2515	156	-15	15	2515	156	-15	15	2515	156	-15	15	2515	156	-15	15	2515	156	-15	15	2515
157	-13	13	2528	157	-13	13	2528	157	-13	13	2528	157	-13	13	2528	157	-13	13	2528	157	-13	13	2528	157	-13	13	2528	157	-13	13	2528
158	-13	13	2541	158	-13	13	2541	158	-13	13	2541	158	-13	13	2541	158	-13	13	2541	158	-13	13	2541	158	-13	13	2541	158	-13	13	2541
159	-17	17	2558	159	-17	17	2558	159	-17	17	2558	159	-17	17	2558	159	-17	17	2558	159	-17	17	2558	159	-17	17	2558	159	-17	17	2558
160	-17	17	2575	160	-17	17	2575	160	-17	17	2575	160	-17	17	2575	160	-17	17	2575	160	-17	17	2575	160	-17	17	2575	160	-17	17	2575
161	-117	18	2593	161	-117	18	2593	161	-117	18	2593	161	-117	18	2593	161	-117	18	2593	161	-117	18	2593	161	-117	18	2593	161	-117	18	2593
162	-120	21	2614	162	-120	21	2614	162	-120	21	2614	162	-120	21	2614	162	-120	21	2614	162	-120	21	2614	162	-120	21	2614	162	-120	21	2614
163	-15	15	2629	163	-15	15	2629	163	-15	15	2629	163	-15	15	2629	163	-15	15	2629	163	-15	15	2629	163	-15	15	2629	163	-15	15	2629
164	-13	13	2642	164	-13	13	2642	164	-13	13	2642	164	-13	13	2642	164	-13	13	2642	164	-13	13	2642	164	-13	13	2642	164	-13	13	2642
165	-15	15	2657	165	-15	15	2657	165	-15	15	2657	165	-15	15	2657	165	-15	15	2657	165	-15	15	2657	165	-15	15	2657	165	-15	15	2657
166	-13	13	2670	166	-13	13	2670	166	-13	13	2670	166	-13	13	2670	166	-13	13	2670	166	-13	13	2670	166	-13	13	2670	166	-13	13	2670
167	-13	13	2683	167	-13	13	2683	167	-13	13	2683	167	-13	13	2683	167	-13	13	2683	167	-13	13	2683	167	-13	13	2683	167	-13	13	2683
168	-13	13	2696	168	-13	13	2696	168	-13	13	2696	168	-13	13	2696	168	-13	13	2696	168	-13	13	2696	168	-13	13	2696	168	-13	13	2696
169	-13	13	2709	169	-13	13	2709	169	-13	13	2709	169	-13	13	2709	169	-13	13	2709	169	-13	13	2709	169	-13	13	2709	169	-13	13	2709
170	-121	22	2731	170	-121	22	2731	170	-121	22	2731	170	-121	22	2731	170	-121	22	2731	170	-121	22	2731	170	-121	22	2731	170	-121	22	2731
171	-13	13	2744	171	-13	13	2744	171	-13	13	2744	171	-13	13	2744	171	-13	13	2744	171	-13	13	2744	171	-13	13	2744	171	-13	13	2744
172	-119	20	2764	172	-119	20	2764	172	-119	20	2764	172	-119	20	2764	172	-119	20	2764	172	-119	20	2764	172	-119	20	2764	172	-119	20	2764
173	-19	19	2783	173	-19	19	2783	173	-19	19	2783	173	-19	19	2783	173	-19	19	2783	173	-19	19	2783	173	-19	19	2783	173	-19	19	2783
174	-17	17	2800	174	-17	17	2800	174	-17	17	2800	174	-17	17	2800	174	-17	17	2800	174	-17	17	2800	174	-17	17	2800	174	-17	17	2800
175	-15	15	2815	175	-15	15	2815	175	-15	15	2815	175	-15	15	2815	175	-15	15	2815	175	-15	15	2815	175	-15	15	2815	175	-15	15	2815
176	-13	13	2828	176	-13	13	2828	176	-13	13	2828	176	-13	13	2828	176	-13	13	2828	176	-13	13	2828	176	-13	13	2828	176	-13	13	2828
177	-17	17	2845	177	-17	17	2845	177	-17	17	2845	177	-17	17	2845	177	-17	17	2845	177	-17	17	2845	177	-17	17	2845	177	-17	17	2845
178	-115	16	2861	178	-115	16	2861	178	-115	16	2861	178	-115	16	2861	178	-115	16	2861	178	-115	16	2861	178	-115	16	2861	178	-115	16	2861
179	-13	13	2874	179	-13	13	2874	179	-13	13	2874	179	-13	13	2874	179	-13	13	2874	179	-13	13	2874	179	-13	13	2874	179	-13	13	2874
180	-129	30	2904	180	-129	30	2904	180	-129	30	2904	180	-129	30	2904	180	-129	30	2904	180	-129	30	2904	180	-129	30	2904	180	-129	30	2904
181	-13	13	2917	181	-13	13	2917	181	-13	13	2917	181	-13	13	2917	181	-13	13	2917	181	-13	13	2917	181	-13	13	2917	181	-13	13	2917
182	-13	13	2930	182	-13	13	2930	182	-13	13	2930	182	-13	13	2930	182	-13	13	2930	182	-13	13	2930	182	-13	13	2930	182	-13	13	2930
183	-13	13	2943	183	-13	13	2943	183	-13	13	2943	183	-13	13	2943	183	-13	13	2943	183	-13	13	2943	183	-13	13	2943	183	-13	13	2943
184	-227	29	2972	184	-227	29	2972	184	-227	29	2972	184	-227	29	2972	184	-227	29	2972	184	-227	29	2972	184	-227	29	2972	184	-227	29	2972
185	-17	17	2989	185	-17	17	2989	185	-17	17	2989	185	-17	17	2989	185	-17	17	2989	185	-17	17	2989	185	-17	17	2989	185	-17	17	2989
186	-19	19	3008	186	-19	19	3008	186	-19	19	3008	186	-19	19	3008	186	-19	19	3008	186	-19	19	3008	186	-19	19	3008	186	-19	19	3008
187	-13	13	3021	187	-13	13	3021	187	-13	13	3021	187	-13	13	3021	187	-13	13	3021	187	-13	13	3021	187	-13	13	3021	187	-13	13	3021
188	-124	25	3046	188	-124	25	3046	188	-124	25	3046	188	-124	25	3046	188	-124	25	3046	188	-124	25	3046	188	-124	25	3046	188	-124	25	3046
189	-127	28	3074	189	-127	28	3074	189	-127	28	3074	189	-127	28	3074	189	-127	28	3074	189	-127	28	3074	189	-127	28	3074	189	-127	28	3074
190	-234	36	3110	190	-234	36	3110	190	-234	36	3110	190	-234	36	3110	190	-234	36	3110	190	-234	36	3110	190	-234	36	3110	190	-234	36	3110
191	-13	13	3123	191	-13	13	3123	191	-13	13	3123	191	-13	13	3123	191	-13	13	3123	191	-13	13	3123	191	-13	13	3123	191	-13	13	3123
192	-13	13	3136	192	-13	13	3136	192	-13	13	3136	192	-13	13	3136	192	-13	13	3136	192	-13	13	3136	192	-13	13	3136	192	-13	13	3136
193	-15	15	3151	193	-15	15	3151	193	-15	15	3151	193	-15	15	3151	193	-15	15	3151	193	-15	15	3151	193	-15	15	3151	193	-15	15	3151
194	-15	15	3166	194	-15	15	3166	194	-15	15	3166	194	-15	15	3166	194	-15	15	3166	194	-15	15	3166	194	-15	15	3166	194	-15	15	3166
195	-13	13	3179	195	-13	13	3179	195	-13	13	3179	195	-13	13	3179	195	-13	13	3179	195	-13	13	3179	195	-13	13	3179	195	-13	13	3179
196	-13	13	3192	196	-13	13	3192	196	-13	13	3192	196	-13	13	3192	196	-13	13	3192	196	-13	13	3192	196	-13	13	3192	196	-13	13	3192
197	-15	15	3207	197	-15	15	3207	197	-15	15	3207	197	-15	15	3207	197	-15	15	3207	197	-15	15	3207	197	-15	15	3207	197	-15	15	3207
198	-128	29	3236	198	-128	29	3236	198	-128	29	3236	198	-128	29	3236	198	-128	29	3236	198	-128	29	3236	198	-128	29	3236	198	-128	29	3236
199	-15	15	3251	199	-15	15	3251	199	-15	15	3251	199	-15	15	3251	199	-15	15	3251	199	-15	15	3251	199	-15	15	3251	199	-15	15	3251
