Episode	Accumulated Reward	Length	Steps
0	-2385	1098	1098
1	-2085	1095	2193
2	-799	403	2596
3	-442	244	2840
4	-431	233	3073
5	-221	122	3195
6	-34	34	3229
7	-23	23	3252
8	-21	21	3273
9	-20	20	3293
10	-26	26	3319
11	-30	30	3349
12	-34	34	3383
13	-27	27	3410
14	-25	25	3435
15	-148	49	3484
16	-36	36	3520
17	-19	19	3539
18	-19	19	3558
19	-26	26	3584
20	-24	24	3608
21	-28	28	3636
22	-24	24	3660
23	-20	20	3680
24	-23	23	3703
25	-26	26	3729
26	-20	20	3749
27	-21	21	3770
28	-20	20	3790
29	-19	19	3809
30	-27	27	3836
31	-23	23	3859
32	-20	20	3879
33	-18	18	3897
34	-19	19	3916
35	-22	22	3938
36	-24	24	3962
37	-19	19	3981
38	-19	19	4000
39	-21	21	4021
40	-22	22	4043
41	-21	21	4064
42	-24	24	4088
43	-21	21	4109
44	-20	20	4129
45	-28	28	4157
46	-19	19	4176
47	-20	20	4196
48	-20	20	4216
49	-22	22	4238
50	-19	19	4257
51	-22	22	4279
52	-20	20	4299
53	-24	24	4323
54	-31	31	4354
55	-23	23	4377
56	-24	24	4401
57	-20	20	4421
58	-45	45	4466
59	-25	25	4491
60	-43	43	4534
61	-22	22	4556
62	-22	22	4578
63	-26	26	4604
64	-19	19	4623
65	-21	21	4644
66	-124	25	4669
67	-19	19	4688
68	-19	19	4707
69	-20	20	4727
70	-23	23	4750
71	-23	23	4773
72	-19	19	4792
73	-19	19	4811
74	-22	22	4833
75	-19	19	4852
76	-25	25	4877
77	-19	19	4896
78	-23	23	4919
79	-21	21	4940
80	-21	21	4961
81	-20	20	4981
82	-21	21	5002
83	-22	22	5024
84	-21	21	5045
85	-24	24	5069
86	-19	19	5088
87	-21	21	5109
88	-19	19	5128
89	-21	21	5149
90	-21	21	5170
91	-22	22	5192
92	-19	19	5211
93	-21	21	5232
94	-21	21	5253
95	-21	21	5274
96	-21	21	5295
97	-23	23	5318
98	-24	24	5342
99	-23	23	5365
100	-19	19	5384
101	-22	22	5406
102	-21	21	5427
103	-19	19	5446
104	-19	19	5465
105	-19	19	5484
106	-22	22	5506
107	-22	22	5528
108	-20	20	5548
109	-21	21	5569
110	-24	24	5593
111	-20	20	5613
112	-20	20	5633
113	-23	23	5656
114	-25	25	5681
115	-20	20	5701
116	-21	21	5722
117	-21	21	5743
118	-25	25	5768
119	-20	20	5788
120	-19	19	5807
121	-23	23	5830
122	-21	21	5851
123	-21	21	5872
124	-19	19	5891
125	-17	17	5908
126	-21	21	5929
127	-22	22	5951
128	-19	19	5970
129	-23	23	5993
130	-20	20	6013
131	-23	23	6036
132	-21	21	6057
133	-22	22	6079
134	-23	23	6102
135	-21	21	6123
136	-23	23	6146
137	-19	19	6165
138	-23	23	6188
139	-23	23	6211
140	-21	21	6232
141	-122	23	6255
142	-19	19	6274
143	-25	25	6299
144	-19	19	6318
145	-19	19	6337
146	-19	19	6356
147	-19	19	6375
148	-22	22	6397
149	-19	19	6416
150	-22	22	6438
151	-21	21	6459
152	-19	19	6478
153	-22	22	6500
154	-20	20	6520
155	-21	21	6541
156	-19	19	6560
157	-21	21	6581
158	-21	21	6602
159	-21	21	6623
160	-20	20	6643
161	-27	27	6670
162	-19	19	6689
163	-20	20	6709
164	-19	19	6728
165	-20	20	6748
166	-26	26	6774
167	-25	25	6799
168	-19	19	6818
169	-21	21	6839
170	-19	19	6858
171	-20	20	6878
172	-19	19	6897
173	-19	19	6916
174	-20	20	6936
175	-19	19	6955
176	-20	20	6975
177	-21	21	6996
178	-19	19	7015
179	-26	26	7041
180	-19	19	7060
181	-22	22	7082
182	-25	25	7107
183	-27	27	7134
184	-20	20	7154
185	-25	25	7179
186	-23	23	7202
187	-20	20	7222
188	-25	25	7247
189	-19	19	7266
190	-17	17	7283
191	-20	20	7303
192	-23	23	7326
193	-25	25	7351
194	-25	25	7376
195	-19	19	7395
196	-24	24	7419
197	-19	19	7438
198	-21	21	7459
199	-24	24	7483
200	-23	23	7506
201	-24	24	7530
202	-122	23	7553
203	-23	23	7576
204	-22	22	7598
205	-22	22	7620
206	-24	24	7644
207	-19	19	7663
208	-19	19	7682
209	-20	20	7702
210	-23	23	7725
211	-21	21	7746
212	-23	23	7769
213	-19	19	7788
214	-23	23	7811
215	-23	23	7834
216	-21	21	7855
217	-20	20	7875
218	-22	22	7897
219	-23	23	7920
220	-20	20	7940
221	-20	20	7960
222	-25	25	7985
223	-19	19	8004
224	-22	22	8026
225	-20	20	8046
226	-23	23	8069
227	-23	23	8092
228	-23	23	8115
229	-21	21	8136
230	-24	24	8160
231	-20	20	8180
232	-21	21	8201
233	-21	21	8222
234	-261	63	8285
235	-17	17	8302
236	-20	20	8322
237	-22	22	8344
238	-21	21	8365
239	-18	18	8383
240	-18	18	8401
241	-19	19	8420
242	-17	17	8437
243	-19	19	8456
244	-19	19	8475
245	-19	19	8494
246	-17	17	8511
247	-19	19	8530
248	-17	17	8547
249	-19	19	8566
250	-118	19	8585
251	-20	20	8605
252	-18	18	8623
253	-19	19	8642
254	-19	19	8661
255	-17	17	8678
256	-17	17	8695
257	-18	18	8713
258	-19	19	8732
259	-22	22	8754
260	-19	19	8773
261	-22	22	8795
262	-19	19	8814
263	-17	17	8831
264	-18	18	8849
265	-18	18	8867
266	-21	21	8888
267	-21	21	8909
268	-118	19	8928
269	-23	23	8951
270	-21	21	8972
271	-20	20	8992
272	-17	17	9009
273	-17	17	9026
274	-19	19	9045
275	-17	17	9062
276	-19	19	9081
277	-28	28	9109
278	-17	17	9126
279	-21	21	9147
280	-17	17	9164
281	-19	19	9183
282	-22	22	9205
283	-18	18	9223
284	-17	17	9240
285	-20	20	9260
286	-20	20	9280
287	-21	21	9301
288	-21	21	9322
289	-18	18	9340
290	-17	17	9357
291	-17	17	9374
292	-118	19	9393
293	-17	17	9410
294	-20	20	9430
295	-123	24	9454
296	-19	19	9473
297	-17	17	9490
298	-21	21	9511
299	-18	18	9529
300	-21	21	9550
301	-21	21	9571
302	-18	18	9589
303	-21	21	9610
304	-19	19	9629
305	-21	21	9650
306	-19	19	9669
307	-23	23	9692
308	-19	19	9711
309	-17	17	9728
310	-19	19	9747
311	-21	21	9768
312	-17	17	9785
313	-19	19	9804
314	-19	19	9823
315	-23	23	9846
316	-19	19	9865
317	-22	22	9887
318	-18	18	9905
319	-19	19	9924
320	-20	20	9944
321	-17	17	9961
322	-21	21	9982
323	-19	19	10001
324	-24	24	10025
325	-19	19	10044
326	-19	19	10063
327	-24	24	10087
328	-23	23	10110
329	-23	23	10133
330	-21	21	10154
331	-25	25	10179
332	-18	18	10197
333	-19	19	10216
334	-19	19	10235
335	-19	19	10254
336	-21	21	10275
337	-17	17	10292
338	-20	20	10312
339	-18	18	10330
340	-19	19	10349
341	-19	19	10368
342	-19	19	10387
343	-19	19	10406
344	-17	17	10423
345	-23	23	10446
346	-18	18	10464
347	-21	21	10485
348	-18	18	10503
349	-21	21	10524
350	-24	24	10548
351	-19	19	10567
352	-19	19	10586
353	-17	17	10603
354	-23	23	10626
355	-17	17	10643
356	-21	21	10664
357	-17	17	10681
358	-23	23	10704
359	-18	18	10722
360	-21	21	10743
361	-17	17	10760
362	-20	20	10780
363	-21	21	10801
364	-30	30	10831
365	-17	17	10848
366	-21	21	10869
367	-18	18	10887
368	-17	17	10904
369	-18	18	10922
370	-19	19	10941
371	-20	20	10961
372	-18	18	10979
373	-17	17	10996
374	-19	19	11015
375	-21	21	11036
376	-18	18	11054
377	-19	19	11073
378	-19	19	11092
379	-18	18	11110
380	-18	18	11128
381	-18	18	11146
382	-19	19	11165
383	-18	18	11183
384	-19	19	11202
385	-21	21	11223
386	-23	23	11246
387	-25	25	11271
388	-25	25	11296
389	-19	19	11315
390	-19	19	11334
391	-21	21	11355
392	-17	17	11372
393	-126	27	11399
394	-17	17	11416
395	-20	20	11436
396	-17	17	11453
397	-19	19	11472
398	-17	17	11489
399	-21	21	11510
400	-17	17	11527
401	-20	20	11547
402	-17	17	11564
403	-18	18	11582
404	-18	18	11600
405	-17	17	11617
406	-17	17	11634
407	-17	17	11651
408	-19	19	11670
409	-21	21	11691
410	-19	19	11710
411	-18	18	11728
412	-21	21	11749
413	-118	19	11768
414	-19	19	11787
415	-17	17	11804
416	-19	19	11823
417	-17	17	11840
418	-17	17	11857
419	-22	22	11879
420	-21	21	11900
421	-19	19	11919
422	-23	23	11942
423	-19	19	11961
424	-17	17	11978
425	-17	17	11995
426	-24	24	12019
427	-18	18	12037
428	-19	19	12056
429	-17	17	12073
430	-118	19	12092
431	-17	17	12109
432	-17	17	12126
433	-17	17	12143
434	-23	23	12166
435	-18	18	12184
436	-19	19	12203
437	-19	19	12222
438	-19	19	12241
439	-21	21	12262
440	-18	18	12280
441	-17	17	12297
442	-121	22	12319
443	-17	17	12336
444	-18	18	12354
445	-25	25	12379
446	-17	17	12396
447	-21	21	12417
448	-19	19	12436
449	-19	19	12455
450	-20	20	12475
451	-24	24	12499
452	-17	17	12516
453	-19	19	12535
454	-17	17	12552
455	-18	18	12570
456	-17	17	12587
457	-19	19	12606
458	-17	17	12623
459	-17	17	12640
460	-20	20	12660
461	-17	17	12677
462	-18	18	12695
463	-19	19	12714
464	-19	19	12733
465	-17	17	12750
466	-19	19	12769
467	-18	18	12787
468	-17	17	12804
469	-22	22	12826
470	-17	17	12843
471	-22	22	12865
472	-17	17	12882
473	-17	17	12899
474	-22	22	12921
475	-17	17	12938
476	-19	19	12957
477	-19	19	12976
478	-19	19	12995
479	-19	19	13014
480	-18	18	13032
481	-17	17	13049
482	-19	19	13068
483	-19	19	13087
484	-19	19	13106
485	-18	18	13124
486	-20	20	13144
487	-21	21	13165
488	-20	20	13185
489	-17	17	13202
490	-17	17	13219
491	-20	20	13239
492	-21	21	13260
493	-17	17	13277
494	-19	19	13296
495	-20	20	13316
496	-18	18	13334
497	-17	17	13351
498	-21	21	13372
499	-119	20	13392
