Episode	Accumulated Reward	Length	Steps	Episode	Accumulated Reward	Length	Steps	Episode	Accumulated Reward	Length	Steps	Episode	Accumulated Reward	Length	Steps	Episode	Accumulated Reward	Length	Steps	Episode	Accumulated Reward	Length	Steps	Episode	Accumulated Reward	Length	Steps	Episode	Accumulated Reward	Length	Steps	Episode	Accumulated Reward	Length	Steps	Episode	Accumulated Reward	Length	Steps
0	-200.0	200	200	0	-200.0	200	200	0	-200.0	200	200	0	-200.0	200	200	0	-200.0	200	200	0	-200.0	200	200	0	-200.0	200	200	0	-200.0	200	200	0	-200.0	200	200	0	-200.0	200	200
1	-200.0	200	400	1	-200.0	200	400	1	-200.0	200	400	1	-200.0	200	400	1	-200.0	200	400	1	-200.0	200	400	1	-200.0	200	400	1	-200.0	200	400	1	-200.0	200	400	1	-200.0	200	400
2	-200.0	200	600	2	-200.0	200	600	2	-200.0	200	600	2	-200.0	200	600	2	-200.0	200	600	2	-200.0	200	600	2	-200.0	200	600	2	-200.0	200	600	2	-200.0	200	600	2	-200.0	200	600
3	-200.0	200	800	3	-200.0	200	800	3	-200.0	200	800	3	-200.0	200	800	3	-200.0	200	800	3	-200.0	200	800	3	-200.0	200	800	3	-200.0	200	800	3	-200.0	200	800	3	-200.0	200	800
4	-200.0	200	1000	4	-200.0	200	1000	4	-200.0	200	1000	4	-200.0	200	1000	4	-200.0	200	1000	4	-200.0	200	1000	4	-200.0	200	1000	4	-200.0	200	1000	4	-200.0	200	1000	4	-200.0	200	1000
5	-200.0	200	1200	5	-200.0	200	1200	5	-200.0	200	1200	5	-200.0	200	1200	5	-200.0	200	1200	5	-200.0	200	1200	5	-200.0	200	1200	5	-200.0	200	1200	5	-200.0	200	1200	5	-200.0	200	1200
6	-200.0	200	1400	6	-200.0	200	1400	6	-200.0	200	1400	6	-200.0	200	1400	6	-200.0	200	1400	6	-200.0	200	1400	6	-200.0	200	1400	6	-200.0	200	1400	6	-200.0	200	1400	6	-200.0	200	1400
7	-200.0	200	1600	7	-200.0	200	1600	7	-200.0	200	1600	7	-200.0	200	1600	7	-200.0	200	1600	7	-200.0	200	1600	7	-200.0	200	1600	7	-200.0	200	1600	7	-200.0	200	1600	7	-200.0	200	1600
8	-191.0	191	1791	8	-191.0	191	1791	8	-191.0	191	1791	8	-191.0	191	1791	8	-191.0	191	1791	8	-191.0	191	1791	8	-191.0	191	1791	8	-191.0	191	1791	8	-191.0	191	1791	8	-191.0	191	1791
9	-200.0	200	1991	9	-200.0	200	1991	9	-200.0	200	1991	9	-200.0	200	1991	9	-200.0	200	1991	9	-200.0	200	1991	9	-200.0	200	1991	9	-200.0	200	1991	9	-200.0	200	1991	9	-200.0	200	1991
10	-200.0	200	2191	10	-200.0	200	2191	10	-200.0	200	2191	10	-200.0	200	2191	10	-200.0	200	2191	10	-200.0	200	2191	10	-200.0	200	2191	10	-200.0	200	2191	10	-200.0	200	2191	10	-200.0	200	2191
11	-200.0	200	2391	11	-200.0	200	2391	11	-200.0	200	2391	11	-200.0	200	2391	11	-200.0	200	2391	11	-200.0	200	2391	11	-200.0	200	2391	11	-200.0	200	2391	11	-200.0	200	2391	11	-200.0	200	2391
12	-200.0	200	2591	12	-200.0	200	2591	12	-200.0	200	2591	12	-200.0	200	2591	12	-200.0	200	2591	12	-200.0	200	2591	12	-200.0	200	2591	12	-200.0	200	2591	12	-200.0	200	2591	12	-200.0	200	2591
13	-200.0	200	2791	13	-200.0	200	2791	13	-200.0	200	2791	13	-200.0	200	2791	13	-200.0	200	2791	13	-200.0	200	2791	13	-200.0	200	2791	13	-200.0	200	2791	13	-200.0	200	2791	13	-200.0	200	2791
14	-200.0	200	2991	14	-200.0	200	2991	14	-200.0	200	2991	14	-200.0	200	2991	14	-200.0	200	2991	14	-200.0	200	2991	14	-200.0	200	2991	14	-200.0	200	2991	14	-200.0	200	2991	14	-200.0	200	2991
15	-200.0	200	3191	15	-200.0	200	3191	15	-200.0	200	3191	15	-200.0	200	3191	15	-200.0	200	3191	15	-200.0	200	3191	15	-200.0	200	3191	15	-200.0	200	3191	15	-200.0	200	3191	15	-200.0	200	3191
16	-200.0	200	3391	16	-200.0	200	3391	16	-200.0	200	3391	16	-200.0	200	3391	16	-200.0	200	3391	16	-200.0	200	3391	16	-200.0	200	3391	16	-200.0	200	3391	16	-200.0	200	3391	16	-200.0	200	3391
17	-200.0	200	3591	17	-200.0	200	3591	17	-200.0	200	3591	17	-200.0	200	3591	17	-200.0	200	3591	17	-200.0	200	3591	17	-200.0	200	3591	17	-200.0	200	3591	17	-200.0	200	3591	17	-200.0	200	3591
18	-165.0	165	3756	18	-165.0	165	3756	18	-165.0	165	3756	18	-165.0	165	3756	18	-165.0	165	3756	18	-165.0	165	3756	18	-165.0	165	3756	18	-165.0	165	3756	18	-165.0	165	3756	18	-165.0	165	3756
19	-200.0	200	3956	19	-200.0	200	3956	19	-200.0	200	3956	19	-200.0	200	3956	19	-200.0	200	3956	19	-200.0	200	3956	19	-200.0	200	3956	19	-200.0	200	3956	19	-200.0	200	3956	19	-200.0	200	3956
20	-200.0	200	4156	20	-200.0	200	4156	20	-200.0	200	4156	20	-200.0	200	4156	20	-200.0	200	4156	20	-200.0	200	4156	20	-200.0	200	4156	20	-200.0	200	4156	20	-200.0	200	4156	20	-200.0	200	4156
21	-200.0	200	4356	21	-200.0	200	4356	21	-200.0	200	4356	21	-200.0	200	4356	21	-200.0	200	4356	21	-200.0	200	4356	21	-200.0	200	4356	21	-200.0	200	4356	21	-200.0	200	4356	21	-200.0	200	4356
22	-200.0	200	4556	22	-200.0	200	4556	22	-200.0	200	4556	22	-200.0	200	4556	22	-200.0	200	4556	22	-200.0	200	4556	22	-200.0	200	4556	22	-200.0	200	4556	22	-200.0	200	4556	22	-200.0	200	4556
23	-159.0	159	4715	23	-159.0	159	4715	23	-159.0	159	4715	23	-159.0	159	4715	23	-159.0	159	4715	23	-159.0	159	4715	23	-159.0	159	4715	23	-159.0	159	4715	23	-159.0	159	4715	23	-159.0	159	4715
24	-156.0	156	4871	24	-156.0	156	4871	24	-156.0	156	4871	24	-156.0	156	4871	24	-156.0	156	4871	24	-156.0	156	4871	24	-156.0	156	4871	24	-156.0	156	4871	24	-156.0	156	4871	24	-156.0	156	4871
25	-161.0	161	5032	25	-161.0	161	5032	25	-161.0	161	5032	25	-161.0	161	5032	25	-161.0	161	5032	25	-161.0	161	5032	25	-161.0	161	5032	25	-161.0	161	5032	25	-161.0	161	5032	25	-161.0	161	5032
26	-168.0	168	5200	26	-168.0	168	5200	26	-168.0	168	5200	26	-168.0	168	5200	26	-168.0	168	5200	26	-168.0	168	5200	26	-168.0	168	5200	26	-168.0	168	5200	26	-168.0	168	5200	26	-168.0	168	5200
27	-159.0	159	5359	27	-159.0	159	5359	27	-159.0	159	5359	27	-159.0	159	5359	27	-159.0	159	5359	27	-159.0	159	5359	27	-159.0	159	5359	27	-159.0	159	5359	27	-159.0	159	5359	27	-159.0	159	5359
28	-160.0	160	5519	28	-160.0	160	5519	28	-160.0	160	5519	28	-160.0	160	5519	28	-160.0	160	5519	28	-160.0	160	5519	28	-160.0	160	5519	28	-160.0	160	5519	28	-160.0	160	5519	28	-160.0	160	5519
29	-152.0	152	5671	29	-152.0	152	5671	29	-152.0	152	5671	29	-152.0	152	5671	29	-152.0	152	5671	29	-152.0	152	5671	29	-152.0	152	5671	29	-152.0	152	5671	29	-152.0	152	5671	29	-152.0	152	5671
30	-151.0	151	5822	30	-151.0	151	5822	30	-151.0	151	5822	30	-151.0	151	5822	30	-151.0	151	5822	30	-151.0	151	5822	30	-151.0	151	5822	30	-151.0	151	5822	30	-151.0	151	5822	30	-151.0	151	5822
31	-157.0	157	5979	31	-157.0	157	5979	31	-157.0	157	5979	31	-157.0	157	5979	31	-157.0	157	5979	31	-157.0	157	5979	31	-157.0	157	5979	31	-157.0	157	5979	31	-157.0	157	5979	31	-157.0	157	5979
32	-200.0	200	6179	32	-200.0	200	6179	32	-200.0	200	6179	32	-200.0	200	6179	32	-200.0	200	6179	32	-200.0	200	6179	32	-200.0	200	6179	32	-200.0	200	6179	32	-200.0	200	6179	32	-200.0	200	6179
33	-157.0	157	6336	33	-157.0	157	6336	33	-157.0	157	6336	33	-157.0	157	6336	33	-157.0	157	6336	33	-157.0	157	6336	33	-157.0	157	6336	33	-157.0	157	6336	33	-157.0	157	6336	33	-157.0	157	6336
34	-167.0	167	6503	34	-167.0	167	6503	34	-167.0	167	6503	34	-167.0	167	6503	34	-167.0	167	6503	34	-167.0	167	6503	34	-167.0	167	6503	34	-167.0	167	6503	34	-167.0	167	6503	34	-167.0	167	6503
35	-161.0	161	6664	35	-161.0	161	6664	35	-161.0	161	6664	35	-161.0	161	6664	35	-161.0	161	6664	35	-161.0	161	6664	35	-161.0	161	6664	35	-161.0	161	6664	35	-161.0	161	6664	35	-161.0	161	6664
36	-154.0	154	6818	36	-154.0	154	6818	36	-154.0	154	6818	36	-154.0	154	6818	36	-154.0	154	6818	36	-154.0	154	6818	36	-154.0	154	6818	36	-154.0	154	6818	36	-154.0	154	6818	36	-154.0	154	6818
37	-150.0	150	6968	37	-150.0	150	6968	37	-150.0	150	6968	37	-150.0	150	6968	37	-150.0	150	6968	37	-150.0	150	6968	37	-150.0	150	6968	37	-150.0	150	6968	37	-150.0	150	6968	37	-150.0	150	6968
38	-193.0	193	7161	38	-193.0	193	7161	38	-193.0	193	7161	38	-193.0	193	7161	38	-193.0	193	7161	38	-193.0	193	7161	38	-193.0	193	7161	38	-193.0	193	7161	38	-193.0	193	7161	38	-193.0	193	7161
39	-200.0	200	7361	39	-200.0	200	7361	39	-200.0	200	7361	39	-200.0	200	7361	39	-200.0	200	7361	39	-200.0	200	7361	39	-200.0	200	7361	39	-200.0	200	7361	39	-200.0	200	7361	39	-200.0	200	7361
40	-189.0	189	7550	40	-189.0	189	7550	40	-189.0	189	7550	40	-189.0	189	7550	40	-189.0	189	7550	40	-189.0	189	7550	40	-189.0	189	7550	40	-189.0	189	7550	40	-189.0	189	7550	40	-189.0	189	7550
41	-175.0	175	7725	41	-175.0	175	7725	41	-175.0	175	7725	41	-175.0	175	7725	41	-175.0	175	7725	41	-175.0	175	7725	41	-175.0	175	7725	41	-175.0	175	7725	41	-175.0	175	7725	41	-175.0	175	7725
42	-149.0	149	7874	42	-149.0	149	7874	42	-149.0	149	7874	42	-149.0	149	7874	42	-149.0	149	7874	42	-149.0	149	7874	42	-149.0	149	7874	42	-149.0	149	7874	42	-149.0	149	7874	42	-149.0	149	7874
43	-200.0	200	8074	43	-200.0	200	8074	43	-200.0	200	8074	43	-200.0	200	8074	43	-200.0	200	8074	43	-200.0	200	8074	43	-200.0	200	8074	43	-200.0	200	8074	43	-200.0	200	8074	43	-200.0	200	8074
44	-200.0	200	8274	44	-200.0	200	8274	44	-200.0	200	8274	44	-200.0	200	8274	44	-200.0	200	8274	44	-200.0	200	8274	44	-200.0	200	8274	44	-200.0	200	8274	44	-200.0	200	8274	44	-200.0	200	8274
45	-200.0	200	8474	45	-200.0	200	8474	45	-200.0	200	8474	45	-200.0	200	8474	45	-200.0	200	8474	45	-200.0	200	8474	45	-200.0	200	8474	45	-200.0	200	8474	45	-200.0	200	8474	45	-200.0	200	8474
46	-141.0	141	8615	46	-141.0	141	8615	46	-141.0	141	8615	46	-141.0	141	8615	46	-141.0	141	8615	46	-141.0	141	8615	46	-141.0	141	8615	46	-141.0	141	8615	46	-141.0	141	8615	46	-141.0	141	8615
47	-186.0	186	8801	47	-186.0	186	8801	47	-186.0	186	8801	47	-186.0	186	8801	47	-186.0	186	8801	47	-186.0	186	8801	47	-186.0	186	8801	47	-186.0	186	8801	47	-186.0	186	8801	47	-186.0	186	8801
48	-183.0	183	8984	48	-183.0	183	8984	48	-183.0	183	8984	48	-183.0	183	8984	48	-183.0	183	8984	48	-183.0	183	8984	48	-183.0	183	8984	48	-183.0	183	8984	48	-183.0	183	8984	48	-183.0	183	8984
49	-149.0	149	9133	49	-149.0	149	9133	49	-149.0	149	9133	49	-149.0	149	9133	49	-149.0	149	9133	49	-149.0	149	9133	49	-149.0	149	9133	49	-149.0	149	9133	49	-149.0	149	9133	49	-149.0	149	9133
50	-148.0	148	9281	50	-148.0	148	9281	50	-148.0	148	9281	50	-148.0	148	9281	50	-148.0	148	9281	50	-148.0	148	9281	50	-148.0	148	9281	50	-148.0	148	9281	50	-148.0	148	9281	50	-148.0	148	9281
51	-176.0	176	9457	51	-176.0	176	9457	51	-176.0	176	9457	51	-176.0	176	9457	51	-176.0	176	9457	51	-176.0	176	9457	51	-176.0	176	9457	51	-176.0	176	9457	51	-176.0	176	9457	51	-176.0	176	9457
52	-178.0	178	9635	52	-178.0	178	9635	52	-178.0	178	9635	52	-178.0	178	9635	52	-178.0	178	9635	52	-178.0	178	9635	52	-178.0	178	9635	52	-178.0	178	9635	52	-178.0	178	9635	52	-178.0	178	9635
53	-200.0	200	9835	53	-200.0	200	9835	53	-200.0	200	9835	53	-200.0	200	9835	53	-200.0	200	9835	53	-200.0	200	9835	53	-200.0	200	9835	53	-200.0	200	9835	53	-200.0	200	9835	53	-200.0	200	9835
54	-146.0	146	9981	54	-146.0	146	9981	54	-146.0	146	9981	54	-146.0	146	9981	54	-146.0	146	9981	54	-146.0	146	9981	54	-146.0	146	9981	54	-146.0	146	9981	54	-146.0	146	9981	54	-146.0	146	9981
55	-200.0	200	10181	55	-200.0	200	10181	55	-200.0	200	10181	55	-200.0	200	10181	55	-200.0	200	10181	55	-200.0	200	10181	55	-200.0	200	10181	55	-200.0	200	10181	55	-200.0	200	10181	55	-200.0	200	10181
56	-200.0	200	10381	56	-200.0	200	10381	56	-200.0	200	10381	56	-200.0	200	10381	56	-200.0	200	10381	56	-200.0	200	10381	56	-200.0	200	10381	56	-200.0	200	10381	56	-200.0	200	10381	56	-200.0	200	10381
57	-145.0	145	10526	57	-145.0	145	10526	57	-145.0	145	10526	57	-145.0	145	10526	57	-145.0	145	10526	57	-145.0	145	10526	57	-145.0	145	10526	57	-145.0	145	10526	57	-145.0	145	10526	57	-145.0	145	10526
58	-198.0	198	10724	58	-198.0	198	10724	58	-198.0	198	10724	58	-198.0	198	10724	58	-198.0	198	10724	58	-198.0	198	10724	58	-198.0	198	10724	58	-198.0	198	10724	58	-198.0	198	10724	58	-198.0	198	10724
59	-188.0	188	10912	59	-188.0	188	10912	59	-188.0	188	10912	59	-188.0	188	10912	59	-188.0	188	10912	59	-188.0	188	10912	59	-188.0	188	10912	59	-188.0	188	10912	59	-188.0	188	10912	59	-188.0	188	10912
60	-162.0	162	11074	60	-162.0	162	11074	60	-162.0	162	11074	60	-162.0	162	11074	60	-162.0	162	11074	60	-162.0	162	11074	60	-162.0	162	11074	60	-162.0	162	11074	60	-162.0	162	11074	60	-162.0	162	11074
61	-110.0	110	11184	61	-110.0	110	11184	61	-110.0	110	11184	61	-110.0	110	11184	61	-110.0	110	11184	61	-110.0	110	11184	61	-110.0	110	11184	61	-110.0	110	11184	61	-110.0	110	11184	61	-110.0	110	11184
62	-109.0	109	11293	62	-109.0	109	11293	62	-109.0	109	11293	62	-109.0	109	11293	62	-109.0	109	11293	62	-109.0	109	11293	62	-109.0	109	11293	62	-109.0	109	11293	62	-109.0	109	11293	62	-109.0	109	11293
63	-155.0	155	11448	63	-155.0	155	11448	63	-155.0	155	11448	63	-155.0	155	11448	63	-155.0	155	11448	63	-155.0	155	11448	63	-155.0	155	11448	63	-155.0	155	11448	63	-155.0	155	11448	63	-155.0	155	11448
64	-155.0	155	11603	64	-155.0	155	11603	64	-155.0	155	11603	64	-155.0	155	11603	64	-155.0	155	11603	64	-155.0	155	11603	64	-155.0	155	11603	64	-155.0	155	11603	64	-155.0	155	11603	64	-155.0	155	11603
65	-143.0	143	11746	65	-143.0	143	11746	65	-143.0	143	11746	65	-143.0	143	11746	65	-143.0	143	11746	65	-143.0	143	11746	65	-143.0	143	11746	65	-143.0	143	11746	65	-143.0	143	11746	65	-143.0	143	11746
66	-176.0	176	11922	66	-176.0	176	11922	66	-176.0	176	11922	66	-176.0	176	11922	66	-176.0	176	11922	66	-176.0	176	11922	66	-176.0	176	11922	66	-176.0	176	11922	66	-176.0	176	11922	66	-176.0	176	11922
67	-174.0	174	12096	67	-174.0	174	12096	67	-174.0	174	12096	67	-174.0	174	12096	67	-174.0	174	12096	67	-174.0	174	12096	67	-174.0	174	12096	67	-174.0	174	12096	67	-174.0	174	12096	67	-174.0	174	12096
68	-150.0	150	12246	68	-150.0	150	12246	68	-150.0	150	12246	68	-150.0	150	12246	68	-150.0	150	12246	68	-150.0	150	12246	68	-150.0	150	12246	68	-150.0	150	12246	68	-150.0	150	12246	68	-150.0	150	12246
69	-157.0	157	12403	69	-157.0	157	12403	69	-157.0	157	12403	69	-157.0	157	12403	69	-157.0	157	12403	69	-157.0	157	12403	69	-157.0	157	12403	69	-157.0	157	12403	69	-157.0	157	12403	69	-157.0	157	12403
70	-156.0	156	12559	70	-156.0	156	12559	70	-156.0	156	12559	70	-156.0	156	12559	70	-156.0	156	12559	70	-156.0	156	12559	70	-156.0	156	12559	70	-156.0	156	12559	70	-156.0	156	12559	70	-156.0	156	12559
71	-200.0	200	12759	71	-200.0	200	12759	71	-200.0	200	12759	71	-200.0	200	12759	71	-200.0	200	12759	71	-200.0	200	12759	71	-200.0	200	12759	71	-200.0	200	12759	71	-200.0	200	12759	71	-200.0	200	12759
72	-148.0	148	12907	72	-148.0	148	12907	72	-148.0	148	12907	72	-148.0	148	12907	72	-148.0	148	12907	72	-148.0	148	12907	72	-148.0	148	12907	72	-148.0	148	12907	72	-148.0	148	12907	72	-148.0	148	12907
73	-143.0	143	13050	73	-143.0	143	13050	73	-143.0	143	13050	73	-143.0	143	13050	73	-143.0	143	13050	73	-143.0	143	13050	73	-143.0	143	13050	73	-143.0	143	13050	73	-143.0	143	13050	73	-143.0	143	13050
74	-152.0	152	13202	74	-152.0	152	13202	74	-152.0	152	13202	74	-152.0	152	13202	74	-152.0	152	13202	74	-152.0	152	13202	74	-152.0	152	13202	74	-152.0	152	13202	74	-152.0	152	13202	74	-152.0	152	13202
75	-145.0	145	13347	75	-145.0	145	13347	75	-145.0	145	13347	75	-145.0	145	13347	75	-145.0	145	13347	75	-145.0	145	13347	75	-145.0	145	13347	75	-145.0	145	13347	75	-145.0	145	13347	75	-145.0	145	13347
76	-200.0	200	13547	76	-200.0	200	13547	76	-200.0	200	13547	76	-200.0	200	13547	76	-200.0	200	13547	76	-200.0	200	13547	76	-200.0	200	13547	76	-200.0	200	13547	76	-200.0	200	13547	76	-200.0	200	13547
77	-112.0	112	13659	77	-112.0	112	13659	77	-112.0	112	13659	77	-112.0	112	13659	77	-112.0	112	13659	77	-112.0	112	13659	77	-112.0	112	13659	77	-112.0	112	13659	77	-112.0	112	13659	77	-112.0	112	13659
78	-191.0	191	13850	78	-191.0	191	13850	78	-191.0	191	13850	78	-191.0	191	13850	78	-191.0	191	13850	78	-191.0	191	13850	78	-191.0	191	13850	78	-191.0	191	13850	78	-191.0	191	13850	78	-191.0	191	13850
79	-115.0	115	13965	79	-115.0	115	13965	79	-115.0	115	13965	79	-115.0	115	13965	79	-115.0	115	13965	79	-115.0	115	13965	79	-115.0	115	13965	79	-115.0	115	13965	79	-115.0	115	13965	79	-115.0	115	13965
80	-112.0	112	14077	80	-112.0	112	14077	80	-112.0	112	14077	80	-112.0	112	14077	80	-112.0	112	14077	80	-112.0	112	14077	80	-112.0	112	14077	80	-112.0	112	14077	80	-112.0	112	14077	80	-112.0	112	14077
81	-172.0	172	14249	81	-172.0	172	14249	81	-172.0	172	14249	81	-172.0	172	14249	81	-172.0	172	14249	81	-172.0	172	14249	81	-172.0	172	14249	81	-172.0	172	14249	81	-172.0	172	14249	81	-172.0	172	14249
82	-147.0	147	14396	82	-147.0	147	14396	82	-147.0	147	14396	82	-147.0	147	14396	82	-147.0	147	14396	82	-147.0	147	14396	82	-147.0	147	14396	82	-147.0	147	14396	82	-147.0	147	14396	82	-147.0	147	14396
83	-148.0	148	14544	83	-148.0	148	14544	83	-148.0	148	14544	83	-148.0	148	14544	83	-148.0	148	14544	83	-148.0	148	14544	83	-148.0	148	14544	83	-148.0	148	14544	83	-148.0	148	14544	83	-148.0	148	14544
84	-168.0	168	14712	84	-168.0	168	14712	84	-168.0	168	14712	84	-168.0	168	14712	84	-168.0	168	14712	84	-168.0	168	14712	84	-168.0	168	14712	84	-168.0	168	14712	84	-168.0	168	14712	84	-168.0	168	14712
85	-200.0	200	14912	85	-200.0	200	14912	85	-200.0	200	14912	85	-200.0	200	14912	85	-200.0	200	14912	85	-200.0	200	14912	85	-200.0	200	14912	85	-200.0	200	14912	85	-200.0	200	14912	85	-200.0	200	14912
86	-173.0	173	15085	86	-173.0	173	15085	86	-173.0	173	15085	86	-173.0	173	15085	86	-173.0	173	15085	86	-173.0	173	15085	86	-173.0	173	15085	86	-173.0	173	15085	86	-173.0	173	15085	86	-173.0	173	15085
87	-137.0	137	15222	87	-137.0	137	15222	87	-137.0	137	15222	87	-137.0	137	15222	87	-137.0	137	15222	87	-137.0	137	15222	87	-137.0	137	15222	87	-137.0	137	15222	87	-137.0	137	15222	87	-137.0	137	15222
88	-150.0	150	15372	88	-150.0	150	15372	88	-150.0	150	15372	88	-150.0	150	15372	88	-150.0	150	15372	88	-150.0	150	15372	88	-150.0	150	15372	88	-150.0	150	15372	88	-150.0	150	15372	88	-150.0	150	15372
89	-147.0	147	15519	89	-147.0	147	15519	89	-147.0	147	15519	89	-147.0	147	15519	89	-147.0	147	15519	89	-147.0	147	15519	89	-147.0	147	15519	89	-147.0	147	15519	89	-147.0	147	15519	89	-147.0	147	15519
90	-146.0	146	15665	90	-146.0	146	15665	90	-146.0	146	15665	90	-146.0	146	15665	90	-146.0	146	15665	90	-146.0	146	15665	90	-146.0	146	15665	90	-146.0	146	15665	90	-146.0	146	15665	90	-146.0	146	15665
91	-146.0	146	15811	91	-146.0	146	15811	91	-146.0	146	15811	91	-146.0	146	15811	91	-146.0	146	15811	91	-146.0	146	15811	91	-146.0	146	15811	91	-146.0	146	15811	91	-146.0	146	15811	91	-146.0	146	15811
92	-174.0	174	15985	92	-174.0	174	15985	92	-174.0	174	15985	92	-174.0	174	15985	92	-174.0	174	15985	92	-174.0	174	15985	92	-174.0	174	15985	92	-174.0	174	15985	92	-174.0	174	15985	92	-174.0	174	15985
93	-143.0	143	16128	93	-143.0	143	16128	93	-143.0	143	16128	93	-143.0	143	16128	93	-143.0	143	16128	93	-143.0	143	16128	93	-143.0	143	16128	93	-143.0	143	16128	93	-143.0	143	16128	93	-143.0	143	16128
94	-138.0	138	16266	94	-138.0	138	16266	94	-138.0	138	16266	94	-138.0	138	16266	94	-138.0	138	16266	94	-138.0	138	16266	94	-138.0	138	16266	94	-138.0	138	16266	94	-138.0	138	16266	94	-138.0	138	16266
95	-143.0	143	16409	95	-143.0	143	16409	95	-143.0	143	16409	95	-143.0	143	16409	95	-143.0	143	16409	95	-143.0	143	16409	95	-143.0	143	16409	95	-143.0	143	16409	95	-143.0	143	16409	95	-143.0	143	16409
96	-146.0	146	16555	96	-146.0	146	16555	96	-146.0	146	16555	96	-146.0	146	16555	96	-146.0	146	16555	96	-146.0	146	16555	96	-146.0	146	16555	96	-146.0	146	16555	96	-146.0	146	16555	96	-146.0	146	16555
97	-143.0	143	16698	97	-143.0	143	16698	97	-143.0	143	16698	97	-143.0	143	16698	97	-143.0	143	16698	97	-143.0	143	16698	97	-143.0	143	16698	97	-143.0	143	16698	97	-143.0	143	16698	97	-143.0	143	16698
98	-155.0	155	16853	98	-155.0	155	16853	98	-155.0	155	16853	98	-155.0	155	16853	98	-155.0	155	16853	98	-155.0	155	16853	98	-155.0	155	16853	98	-155.0	155	16853	98	-155.0	155	16853	98	-155.0	155	16853
99	-187.0	187	17040	99	-187.0	187	17040	99	-187.0	187	17040	99	-187.0	187	17040	99	-187.0	187	17040	99	-187.0	187	17040	99	-187.0	187	17040	99	-187.0	187	17040	99	-187.0	187	17040	99	-187.0	187	17040
100	-157.0	157	17197	100	-157.0	157	17197	100	-157.0	157	17197	100	-157.0	157	17197	100	-157.0	157	17197	100	-157.0	157	17197	100	-157.0	157	17197	100	-157.0	157	17197	100	-157.0	157	17197	100	-157.0	157	17197
101	-111.0	111	17308	101	-111.0	111	17308	101	-111.0	111	17308	101	-111.0	111	17308	101	-111.0	111	17308	101	-111.0	111	17308	101	-111.0	111	17308	101	-111.0	111	17308	101	-111.0	111	17308	101	-111.0	111	17308
102	-149.0	149	17457	102	-149.0	149	17457	102	-149.0	149	17457	102	-149.0	149	17457	102	-149.0	149	17457	102	-149.0	149	17457	102	-149.0	149	17457	102	-149.0	149	17457	102	-149.0	149	17457	102	-149.0	149	17457
103	-157.0	157	17614	103	-157.0	157	17614	103	-157.0	157	17614	103	-157.0	157	17614	103	-157.0	157	17614	103	-157.0	157	17614	103	-157.0	157	17614	103	-157.0	157	17614	103	-157.0	157	17614	103	-157.0	157	17614
104	-148.0	148	17762	104	-148.0	148	17762	104	-148.0	148	17762	104	-148.0	148	17762	104	-148.0	148	17762	104	-148.0	148	17762	104	-148.0	148	17762	104	-148.0	148	17762	104	-148.0	148	17762	104	-148.0	148	17762
105	-145.0	145	17907	105	-145.0	145	17907	105	-145.0	145	17907	105	-145.0	145	17907	105	-145.0	145	17907	105	-145.0	145	17907	105	-145.0	145	17907	105	-145.0	145	17907	105	-145.0	145	17907	105	-145.0	145	17907
106	-137.0	137	18044	106	-137.0	137	18044	106	-137.0	137	18044	106	-137.0	137	18044	106	-137.0	137	18044	106	-137.0	137	18044	106	-137.0	137	18044	106	-137.0	137	18044	106	-137.0	137	18044	106	-137.0	137	18044
107	-132.0	132	18176	107	-132.0	132	18176	107	-132.0	132	18176	107	-132.0	132	18176	107	-132.0	132	18176	107	-132.0	132	18176	107	-132.0	132	18176	107	-132.0	132	18176	107	-132.0	132	18176	107	-132.0	132	18176
108	-200.0	200	18376	108	-200.0	200	18376	108	-200.0	200	18376	108	-200.0	200	18376	108	-200.0	200	18376	108	-200.0	200	18376	108	-200.0	200	18376	108	-200.0	200	18376	108	-200.0	200	18376	108	-200.0	200	18376
109	-200.0	200	18576	109	-200.0	200	18576	109	-200.0	200	18576	109	-200.0	200	18576	109	-200.0	200	18576	109	-200.0	200	18576	109	-200.0	200	18576	109	-200.0	200	18576	109	-200.0	200	18576	109	-200.0	200	18576
110	-200.0	200	18776	110	-200.0	200	18776	110	-200.0	200	18776	110	-200.0	200	18776	110	-200.0	200	18776	110	-200.0	200	18776	110	-200.0	200	18776	110	-200.0	200	18776	110	-200.0	200	18776	110	-200.0	200	18776
111	-181.0	181	18957	111	-181.0	181	18957	111	-181.0	181	18957	111	-181.0	181	18957	111	-181.0	181	18957	111	-181.0	181	18957	111	-181.0	181	18957	111	-181.0	181	18957	111	-181.0	181	18957	111	-181.0	181	18957
112	-147.0	147	19104	112	-147.0	147	19104	112	-147.0	147	19104	112	-147.0	147	19104	112	-147.0	147	19104	112	-147.0	147	19104	112	-147.0	147	19104	112	-147.0	147	19104	112	-147.0	147	19104	112	-147.0	147	19104
113	-172.0	172	19276	113	-172.0	172	19276	113	-172.0	172	19276	113	-172.0	172	19276	113	-172.0	172	19276	113	-172.0	172	19276	113	-172.0	172	19276	113	-172.0	172	19276	113	-172.0	172	19276	113	-172.0	172	19276
114	-141.0	141	19417	114	-141.0	141	19417	114	-141.0	141	19417	114	-141.0	141	19417	114	-141.0	141	19417	114	-141.0	141	19417	114	-141.0	141	19417	114	-141.0	141	19417	114	-141.0	141	19417	114	-141.0	141	19417
115	-138.0	138	19555	115	-138.0	138	19555	115	-138.0	138	19555	115	-138.0	138	19555	115	-138.0	138	19555	115	-138.0	138	19555	115	-138.0	138	19555	115	-138.0	138	19555	115	-138.0	138	19555	115	-138.0	138	19555
116	-190.0	190	19745	116	-190.0	190	19745	116	-190.0	190	19745	116	-190.0	190	19745	116	-190.0	190	19745	116	-190.0	190	19745	116	-190.0	190	19745	116	-190.0	190	19745	116	-190.0	190	19745	116	-190.0	190	19745
117	-192.0	192	19937	117	-192.0	192	19937	117	-192.0	192	19937	117	-192.0	192	19937	117	-192.0	192	19937	117	-192.0	192	19937	117	-192.0	192	19937	117	-192.0	192	19937	117	-192.0	192	19937	117	-192.0	192	19937
118	-157.0	157	20094	118	-157.0	157	20094	118	-157.0	157	20094	118	-157.0	157	20094	118	-157.0	157	20094	118	-157.0	157	20094	118	-157.0	157	20094	118	-157.0	157	20094	118	-157.0	157	20094	118	-157.0	157	20094
119	-174.0	174	20268	119	-174.0	174	20268	119	-174.0	174	20268	119	-174.0	174	20268	119	-174.0	174	20268	119	-174.0	174	20268	119	-174.0	174	20268	119	-174.0	174	20268	119	-174.0	174	20268	119	-174.0	174	20268
120	-177.0	177	20445	120	-177.0	177	20445	120	-177.0	177	20445	120	-177.0	177	20445	120	-177.0	177	20445	120	-177.0	177	20445	120	-177.0	177	20445	120	-177.0	177	20445	120	-177.0	177	20445	120	-177.0	177	20445
121	-152.0	152	20597	121	-152.0	152	20597	121	-152.0	152	20597	121	-152.0	152	20597	121	-152.0	152	20597	121	-152.0	152	20597	121	-152.0	152	20597	121	-152.0	152	20597	121	-152.0	152	20597	121	-152.0	152	20597
122	-145.0	145	20742	122	-145.0	145	20742	122	-145.0	145	20742	122	-145.0	145	20742	122	-145.0	145	20742	122	-145.0	145	20742	122	-145.0	145	20742	122	-145.0	145	20742	122	-145.0	145	20742	122	-145.0	145	20742
123	-200.0	200	20942	123	-200.0	200	20942	123	-200.0	200	20942	123	-200.0	200	20942	123	-200.0	200	20942	123	-200.0	200	20942	123	-200.0	200	20942	123	-200.0	200	20942	123	-200.0	200	20942	123	-200.0	200	20942
124	-156.0	156	21098	124	-156.0	156	21098	124	-156.0	156	21098	124	-156.0	156	21098	124	-156.0	156	21098	124	-156.0	156	21098	124	-156.0	156	21098	124	-156.0	156	21098	124	-156.0	156	21098	124	-156.0	156	21098
125	-108.0	108	21206	125	-108.0	108	21206	125	-108.0	108	21206	125	-108.0	108	21206	125	-108.0	108	21206	125	-108.0	108	21206	125	-108.0	108	21206	125	-108.0	108	21206	125	-108.0	108	21206	125	-108.0	108	21206
126	-112.0	112	21318	126	-112.0	112	21318	126	-112.0	112	21318	126	-112.0	112	21318	126	-112.0	112	21318	126	-112.0	112	21318	126	-112.0	112	21318	126	-112.0	112	21318	126	-112.0	112	21318	126	-112.0	112	21318
127	-154.0	154	21472	127	-154.0	154	21472	127	-154.0	154	21472	127	-154.0	154	21472	127	-154.0	154	21472	127	-154.0	154	21472	127	-154.0	154	21472	127	-154.0	154	21472	127	-154.0	154	21472	127	-154.0	154	21472
128	-146.0	146	21618	128	-146.0	146	21618	128	-146.0	146	21618	128	-146.0	146	21618	128	-146.0	146	21618	128	-146.0	146	21618	128	-146.0	146	21618	128	-146.0	146	21618	128	-146.0	146	21618	128	-146.0	146	21618
129	-123.0	123	21741	129	-123.0	123	21741	129	-123.0	123	21741	129	-123.0	123	21741	129	-123.0	123	21741	129	-123.0	123	21741	129	-123.0	123	21741	129	-123.0	123	21741	129	-123.0	123	21741	129	-123.0	123	21741
130	-159.0	159	21900	130	-159.0	159	21900	130	-159.0	159	21900	130	-159.0	159	21900	130	-159.0	159	21900	130	-159.0	159	21900	130	-159.0	159	21900	130	-159.0	159	21900	130	-159.0	159	21900	130	-159.0	159	21900
131	-145.0	145	22045	131	-145.0	145	22045	131	-145.0	145	22045	131	-145.0	145	22045	131	-145.0	145	22045	131	-145.0	145	22045	131	-145.0	145	22045	131	-145.0	145	22045	131	-145.0	145	22045	131	-145.0	145	22045
132	-142.0	142	22187	132	-142.0	142	22187	132	-142.0	142	22187	132	-142.0	142	22187	132	-142.0	142	22187	132	-142.0	142	22187	132	-142.0	142	22187	132	-142.0	142	22187	132	-142.0	142	22187	132	-142.0	142	22187
133	-132.0	132	22319	133	-132.0	132	22319	133	-132.0	132	22319	133	-132.0	132	22319	133	-132.0	132	22319	133	-132.0	132	22319	133	-132.0	132	22319	133	-132.0	132	22319	133	-132.0	132	22319	133	-132.0	132	22319
134	-112.0	112	22431	134	-112.0	112	22431	134	-112.0	112	22431	134	-112.0	112	22431	134	-112.0	112	22431	134	-112.0	112	22431	134	-112.0	112	22431	134	-112.0	112	22431	134	-112.0	112	22431	134	-112.0	112	22431
135	-143.0	143	22574	135	-143.0	143	22574	135	-143.0	143	22574	135	-143.0	143	22574	135	-143.0	143	22574	135	-143.0	143	22574	135	-143.0	143	22574	135	-143.0	143	22574	135	-143.0	143	22574	135	-143.0	143	22574
136	-139.0	139	22713	136	-139.0	139	22713	136	-139.0	139	22713	136	-139.0	139	22713	136	-139.0	139	22713	136	-139.0	139	22713	136	-139.0	139	22713	136	-139.0	139	22713	136	-139.0	139	22713	136	-139.0	139	22713
137	-107.0	107	22820	137	-107.0	107	22820	137	-107.0	107	22820	137	-107.0	107	22820	137	-107.0	107	22820	137	-107.0	107	22820	137	-107.0	107	22820	137	-107.0	107	22820	137	-107.0	107	22820	137	-107.0	107	22820
138	-109.0	109	22929	138	-109.0	109	22929	138	-109.0	109	22929	138	-109.0	109	22929	138	-109.0	109	22929	138	-109.0	109	22929	138	-109.0	109	22929	138	-109.0	109	22929	138	-109.0	109	22929	138	-109.0	109	22929
139	-107.0	107	23036	139	-107.0	107	23036	139	-107.0	107	23036	139	-107.0	107	23036	139	-107.0	107	23036	139	-107.0	107	23036	139	-107.0	107	23036	139	-107.0	107	23036	139	-107.0	107	23036	139	-107.0	107	23036
140	-200.0	200	23236	140	-200.0	200	23236	140	-200.0	200	23236	140	-200.0	200	23236	140	-200.0	200	23236	140	-200.0	200	23236	140	-200.0	200	23236	140	-200.0	200	23236	140	-200.0	200	23236	140	-200.0	200	23236
141	-112.0	112	23348	141	-112.0	112	23348	141	-112.0	112	23348	141	-112.0	112	23348	141	-112.0	112	23348	141	-112.0	112	23348	141	-112.0	112	23348	141	-112.0	112	23348	141	-112.0	112	23348	141	-112.0	112	23348
142	-137.0	137	23485	142	-137.0	137	23485	142	-137.0	137	23485	142	-137.0	137	23485	142	-137.0	137	23485	142	-137.0	137	23485	142	-137.0	137	23485	142	-137.0	137	23485	142	-137.0	137	23485	142	-137.0	137	23485
143	-177.0	177	23662	143	-177.0	177	23662	143	-177.0	177	23662	143	-177.0	177	23662	143	-177.0	177	23662	143	-177.0	177	23662	143	-177.0	177	23662	143	-177.0	177	23662	143	-177.0	177	23662	143	-177.0	177	23662
144	-175.0	175	23837	144	-175.0	175	23837	144	-175.0	175	23837	144	-175.0	175	23837	144	-175.0	175	23837	144	-175.0	175	23837	144	-175.0	175	23837	144	-175.0	175	23837	144	-175.0	175	23837	144	-175.0	175	23837
145	-155.0	155	23992	145	-155.0	155	23992	145	-155.0	155	23992	145	-155.0	155	23992	145	-155.0	155	23992	145	-155.0	155	23992	145	-155.0	155	23992	145	-155.0	155	23992	145	-155.0	155	23992	145	-155.0	155	23992
146	-165.0	165	24157	146	-165.0	165	24157	146	-165.0	165	24157	146	-165.0	165	24157	146	-165.0	165	24157	146	-165.0	165	24157	146	-165.0	165	24157	146	-165.0	165	24157	146	-165.0	165	24157	146	-165.0	165	24157
147	-175.0	175	24332	147	-175.0	175	24332	147	-175.0	175	24332	147	-175.0	175	24332	147	-175.0	175	24332	147	-175.0	175	24332	147	-175.0	175	24332	147	-175.0	175	24332	147	-175.0	175	24332	147	-175.0	175	24332
148	-111.0	111	24443	148	-111.0	111	24443	148	-111.0	111	24443	148	-111.0	111	24443	148	-111.0	111	24443	148	-111.0	111	24443	148	-111.0	111	24443	148	-111.0	111	24443	148	-111.0	111	24443	148	-111.0	111	24443
149	-107.0	107	24550	149	-107.0	107	24550	149	-107.0	107	24550	149	-107.0	107	24550	149	-107.0	107	24550	149	-107.0	107	24550	149	-107.0	107	24550	149	-107.0	107	24550	149	-107.0	107	24550	149	-107.0	107	24550
150	-107.0	107	24657	150	-107.0	107	24657	150	-107.0	107	24657	150	-107.0	107	24657	150	-107.0	107	24657	150	-107.0	107	24657	150	-107.0	107	24657	150	-107.0	107	24657	150	-107.0	107	24657	150	-107.0	107	24657
151	-109.0	109	24766	151	-109.0	109	24766	151	-109.0	109	24766	151	-109.0	109	24766	151	-109.0	109	24766	151	-109.0	109	24766	151	-109.0	109	24766	151	-109.0	109	24766	151	-109.0	109	24766	151	-109.0	109	24766
152	-105.0	105	24871	152	-105.0	105	24871	152	-105.0	105	24871	152	-105.0	105	24871	152	-105.0	105	24871	152	-105.0	105	24871	152	-105.0	105	24871	152	-105.0	105	24871	152	-105.0	105	24871	152	-105.0	105	24871
153	-114.0	114	24985	153	-114.0	114	24985	153	-114.0	114	24985	153	-114.0	114	24985	153	-114.0	114	24985	153	-114.0	114	24985	153	-114.0	114	24985	153	-114.0	114	24985	153	-114.0	114	24985	153	-114.0	114	24985
154	-159.0	159	25144	154	-159.0	159	25144	154	-159.0	159	25144	154	-159.0	159	25144	154	-159.0	159	25144	154	-159.0	159	25144	154	-159.0	159	25144	154	-159.0	159	25144	154	-159.0	159	25144	154	-159.0	159	25144
155	-106.0	106	25250	155	-106.0	106	25250	155	-106.0	106	25250	155	-106.0	106	25250	155	-106.0	106	25250	155	-106.0	106	25250	155	-106.0	106	25250	155	-106.0	106	25250	155	-106.0	106	25250	155	-106.0	106	25250
156	-106.0	106	25356	156	-106.0	106	25356	156	-106.0	106	25356	156	-106.0	106	25356	156	-106.0	106	25356	156	-106.0	106	25356	156	-106.0	106	25356	156	-106.0	106	25356	156	-106.0	106	25356	156	-106.0	106	25356
157	-104.0	104	25460	157	-104.0	104	25460	157	-104.0	104	25460	157	-104.0	104	25460	157	-104.0	104	25460	157	-104.0	104	25460	157	-104.0	104	25460	157	-104.0	104	25460	157	-104.0	104	25460	157	-104.0	104	25460
158	-104.0	104	25564	158	-104.0	104	25564	158	-104.0	104	25564	158	-104.0	104	25564	158	-104.0	104	25564	158	-104.0	104	25564	158	-104.0	104	25564	158	-104.0	104	25564	158	-104.0	104	25564	158	-104.0	104	25564
159	-94.0	94	25658	159	-94.0	94	25658	159	-94.0	94	25658	159	-94.0	94	25658	159	-94.0	94	25658	159	-94.0	94	25658	159	-94.0	94	25658	159	-94.0	94	25658	159	-94.0	94	25658	159	-94.0	94	25658
160	-111.0	111	25769	160	-111.0	111	25769	160	-111.0	111	25769	160	-111.0	111	25769	160	-111.0	111	25769	160	-111.0	111	25769	160	-111.0	111	25769	160	-111.0	111	25769	160	-111.0	111	25769	160	-111.0	111	25769
161	-139.0	139	25908	161	-139.0	139	25908	161	-139.0	139	25908	161	-139.0	139	25908	161	-139.0	139	25908	161	-139.0	139	25908	161	-139.0	139	25908	161	-139.0	139	25908	161	-139.0	139	25908	161	-139.0	139	25908
162	-107.0	107	26015	162	-107.0	107	26015	162	-107.0	107	26015	162	-107.0	107	26015	162	-107.0	107	26015	162	-107.0	107	26015	162	-107.0	107	26015	162	-107.0	107	26015	162	-107.0	107	26015	162	-107.0	107	26015
163	-107.0	107	26122	163	-107.0	107	26122	163	-107.0	107	26122	163	-107.0	107	26122	163	-107.0	107	26122	163	-107.0	107	26122	163	-107.0	107	26122	163	-107.0	107	26122	163	-107.0	107	26122	163	-107.0	107	26122
164	-133.0	133	26255	164	-133.0	133	26255	164	-133.0	133	26255	164	-133.0	133	26255	164	-133.0	133	26255	164	-133.0	133	26255	164	-133.0	133	26255	164	-133.0	133	26255	164	-133.0	133	26255	164	-133.0	133	26255
165	-150.0	150	26405	165	-150.0	150	26405	165	-150.0	150	26405	165	-150.0	150	26405	165	-150.0	150	26405	165	-150.0	150	26405	165	-150.0	150	26405	165	-150.0	150	26405	165	-150.0	150	26405	165	-150.0	150	26405
166	-138.0	138	26543	166	-138.0	138	26543	166	-138.0	138	26543	166	-138.0	138	26543	166	-138.0	138	26543	166	-138.0	138	26543	166	-138.0	138	26543	166	-138.0	138	26543	166	-138.0	138	26543	166	-138.0	138	26543
167	-140.0	140	26683	167	-140.0	140	26683	167	-140.0	140	26683	167	-140.0	140	26683	167	-140.0	140	26683	167	-140.0	140	26683	167	-140.0	140	26683	167	-140.0	140	26683	167	-140.0	140	26683	167	-140.0	140	26683
168	-158.0	158	26841	168	-158.0	158	26841	168	-158.0	158	26841	168	-158.0	158	26841	168	-158.0	158	26841	168	-158.0	158	26841	168	-158.0	158	26841	168	-158.0	158	26841	168	-158.0	158	26841	168	-158.0	158	26841
169	-147.0	147	26988	169	-147.0	147	26988	169	-147.0	147	26988	169	-147.0	147	26988	169	-147.0	147	26988	169	-147.0	147	26988	169	-147.0	147	26988	169	-147.0	147	26988	169	-147.0	147	26988	169	-147.0	147	26988
170	-140.0	140	27128	170	-140.0	140	27128	170	-140.0	140	27128	170	-140.0	140	27128	170	-140.0	140	27128	170	-140.0	140	27128	170	-140.0	140	27128	170	-140.0	140	27128	170	-140.0	140	27128	170	-140.0	140	27128
171	-137.0	137	27265	171	-137.0	137	27265	171	-137.0	137	27265	171	-137.0	137	27265	171	-137.0	137	27265	171	-137.0	137	27265	171	-137.0	137	27265	171	-137.0	137	27265	171	-137.0	137	27265	171	-137.0	137	27265
172	-137.0	137	27402	172	-137.0	137	27402	172	-137.0	137	27402	172	-137.0	137	27402	172	-137.0	137	27402	172	-137.0	137	27402	172	-137.0	137	27402	172	-137.0	137	27402	172	-137.0	137	27402	172	-137.0	137	27402
173	-141.0	141	27543	173	-141.0	141	27543	173	-141.0	141	27543	173	-141.0	141	27543	173	-141.0	141	27543	173	-141.0	141	27543	173	-141.0	141	27543	173	-141.0	141	27543	173	-141.0	141	27543	173	-141.0	141	27543
174	-140.0	140	27683	174	-140.0	140	27683	174	-140.0	140	27683	174	-140.0	140	27683	174	-140.0	140	27683	174	-140.0	140	27683	174	-140.0	140	27683	174	-140.0	140	27683	174	-140.0	140	27683	174	-140.0	140	27683
175	-138.0	138	27821	175	-138.0	138	27821	175	-138.0	138	27821	175	-138.0	138	27821	175	-138.0	138	27821	175	-138.0	138	27821	175	-138.0	138	27821	175	-138.0	138	27821	175	-138.0	138	27821	175	-138.0	138	27821
176	-137.0	137	27958	176	-137.0	137	27958	176	-137.0	137	27958	176	-137.0	137	27958	176	-137.0	137	27958	176	-137.0	137	27958	176	-137.0	137	27958	176	-137.0	137	27958	176	-137.0	137	27958	176	-137.0	137	27958
177	-136.0	136	28094	177	-136.0	136	28094	177	-136.0	136	28094	177	-136.0	136	28094	177	-136.0	136	28094	177	-136.0	136	28094	177	-136.0	136	28094	177	-136.0	136	28094	177	-136.0	136	28094	177	-136.0	136	28094
178	-138.0	138	28232	178	-138.0	138	28232	178	-138.0	138	28232	178	-138.0	138	28232	178	-138.0	138	28232	178	-138.0	138	28232	178	-138.0	138	28232	178	-138.0	138	28232	178	-138.0	138	28232	178	-138.0	138	28232
179	-137.0	137	28369	179	-137.0	137	28369	179	-137.0	137	28369	179	-137.0	137	28369	179	-137.0	137	28369	179	-137.0	137	28369	179	-137.0	137	28369	179	-137.0	137	28369	179	-137.0	137	28369	179	-137.0	137	28369
180	-137.0	137	28506	180	-137.0	137	28506	180	-137.0	137	28506	180	-137.0	137	28506	180	-137.0	137	28506	180	-137.0	137	28506	180	-137.0	137	28506	180	-137.0	137	28506	180	-137.0	137	28506	180	-137.0	137	28506
181	-142.0	142	28648	181	-142.0	142	28648	181	-142.0	142	28648	181	-142.0	142	28648	181	-142.0	142	28648	181	-142.0	142	28648	181	-142.0	142	28648	181	-142.0	142	28648	181	-142.0	142	28648	181	-142.0	142	28648
182	-139.0	139	28787	182	-139.0	139	28787	182	-139.0	139	28787	182	-139.0	139	28787	182	-139.0	139	28787	182	-139.0	139	28787	182	-139.0	139	28787	182	-139.0	139	28787	182	-139.0	139	28787	182	-139.0	139	28787
183	-139.0	139	28926	183	-139.0	139	28926	183	-139.0	139	28926	183	-139.0	139	28926	183	-139.0	139	28926	183	-139.0	139	28926	183	-139.0	139	28926	183	-139.0	139	28926	183	-139.0	139	28926	183	-139.0	139	28926
184	-140.0	140	29066	184	-140.0	140	29066	184	-140.0	140	29066	184	-140.0	140	29066	184	-140.0	140	29066	184	-140.0	140	29066	184	-140.0	140	29066	184	-140.0	140	29066	184	-140.0	140	29066	184	-140.0	140	29066
185	-144.0	144	29210	185	-144.0	144	29210	185	-144.0	144	29210	185	-144.0	144	29210	185	-144.0	144	29210	185	-144.0	144	29210	185	-144.0	144	29210	185	-144.0	144	29210	185	-144.0	144	29210	185	-144.0	144	29210
186	-144.0	144	29354	186	-144.0	144	29354	186	-144.0	144	29354	186	-144.0	144	29354	186	-144.0	144	29354	186	-144.0	144	29354	186	-144.0	144	29354	186	-144.0	144	29354	186	-144.0	144	29354	186	-144.0	144	29354
187	-139.0	139	29493	187	-139.0	139	29493	187	-139.0	139	29493	187	-139.0	139	29493	187	-139.0	139	29493	187	-139.0	139	29493	187	-139.0	139	29493	187	-139.0	139	29493	187	-139.0	139	29493	187	-139.0	139	29493
188	-140.0	140	29633	188	-140.0	140	29633	188	-140.0	140	29633	188	-140.0	140	29633	188	-140.0	140	29633	188	-140.0	140	29633	188	-140.0	140	29633	188	-140.0	140	29633	188	-140.0	140	29633	188	-140.0	140	29633
189	-107.0	107	29740	189	-107.0	107	29740	189	-107.0	107	29740	189	-107.0	107	29740	189	-107.0	107	29740	189	-107.0	107	29740	189	-107.0	107	29740	189	-107.0	107	29740	189	-107.0	107	29740	189	-107.0	107	29740
190	-157.0	157	29897	190	-157.0	157	29897	190	-157.0	157	29897	190	-157.0	157	29897	190	-157.0	157	29897	190	-157.0	157	29897	190	-157.0	157	29897	190	-157.0	157	29897	190	-157.0	157	29897	190	-157.0	157	29897
191	-156.0	156	30053	191	-156.0	156	30053	191	-156.0	156	30053	191	-156.0	156	30053	191	-156.0	156	30053	191	-156.0	156	30053	191	-156.0	156	30053	191	-156.0	156	30053	191	-156.0	156	30053	191	-156.0	156	30053
192	-143.0	143	30196	192	-143.0	143	30196	192	-143.0	143	30196	192	-143.0	143	30196	192	-143.0	143	30196	192	-143.0	143	30196	192	-143.0	143	30196	192	-143.0	143	30196	192	-143.0	143	30196	192	-143.0	143	30196
193	-143.0	143	30339	193	-143.0	143	30339	193	-143.0	143	30339	193	-143.0	143	30339	193	-143.0	143	30339	193	-143.0	143	30339	193	-143.0	143	30339	193	-143.0	143	30339	193	-143.0	143	30339	193	-143.0	143	30339
194	-144.0	144	30483	194	-144.0	144	30483	194	-144.0	144	30483	194	-144.0	144	30483	194	-144.0	144	30483	194	-144.0	144	30483	194	-144.0	144	30483	194	-144.0	144	30483	194	-144.0	144	30483	194	-144.0	144	30483
195	-139.0	139	30622	195	-139.0	139	30622	195	-139.0	139	30622	195	-139.0	139	30622	195	-139.0	139	30622	195	-139.0	139	30622	195	-139.0	139	30622	195	-139.0	139	30622	195	-139.0	139	30622	195	-139.0	139	30622
196	-140.0	140	30762	196	-140.0	140	30762	196	-140.0	140	30762	196	-140.0	140	30762	196	-140.0	140	30762	196	-140.0	140	30762	196	-140.0	140	30762	196	-140.0	140	30762	196	-140.0	140	30762	196	-140.0	140	30762
197	-139.0	139	30901	197	-139.0	139	30901	197	-139.0	139	30901	197	-139.0	139	30901	197	-139.0	139	30901	197	-139.0	139	30901	197	-139.0	139	30901	197	-139.0	139	30901	197	-139.0	139	30901	197	-139.0	139	30901
198	-140.0	140	31041	198	-140.0	140	31041	198	-140.0	140	31041	198	-140.0	140	31041	198	-140.0	140	31041	198	-140.0	140	31041	198	-140.0	140	31041	198	-140.0	140	31041	198	-140.0	140	31041	198	-140.0	140	31041
199	-145.0	145	31186	199	-145.0	145	31186	199	-145.0	145	31186	199	-145.0	145	31186	199	-145.0	145	31186	199	-145.0	145	31186	199	-145.0	145	31186	199	-145.0	145	31186	199	-145.0	145	31186	199	-145.0	145	31186
200	-135.0	135	31321	200	-135.0	135	31321	200	-135.0	135	31321	200	-135.0	135	31321	200	-135.0	135	31321	200	-135.0	135	31321	200	-135.0	135	31321	200	-135.0	135	31321	200	-135.0	135	31321	200	-135.0	135	31321
201	-114.0	114	31435	201	-114.0	114	31435	201	-114.0	114	31435	201	-114.0	114	31435	201	-114.0	114	31435	201	-114.0	114	31435	201	-114.0	114	31435	201	-114.0	114	31435	201	-114.0	114	31435	201	-114.0	114	31435
202	-140.0	140	31575	202	-140.0	140	31575	202	-140.0	140	31575	202	-140.0	140	31575	202	-140.0	140	31575	202	-140.0	140	31575	202	-140.0	140	31575	202	-140.0	140	31575	202	-140.0	140	31575	202	-140.0	140	31575
203	-171.0	171	31746	203	-171.0	171	31746	203	-171.0	171	31746	203	-171.0	171	31746	203	-171.0	171	31746	203	-171.0	171	31746	203	-171.0	171	31746	203	-171.0	171	31746	203	-171.0	171	31746	203	-171.0	171	31746
204	-108.0	108	31854	204	-108.0	108	31854	204	-108.0	108	31854	204	-108.0	108	31854	204	-108.0	108	31854	204	-108.0	108	31854	204	-108.0	108	31854	204	-108.0	108	31854	204	-108.0	108	31854	204	-108.0	108	31854
205	-111.0	111	31965	205	-111.0	111	31965	205	-111.0	111	31965	205	-111.0	111	31965	205	-111.0	111	31965	205	-111.0	111	31965	205	-111.0	111	31965	205	-111.0	111	31965	205	-111.0	111	31965	205	-111.0	111	31965
206	-107.0	107	32072	206	-107.0	107	32072	206	-107.0	107	32072	206	-107.0	107	32072	206	-107.0	107	32072	206	-107.0	107	32072	206	-107.0	107	32072	206	-107.0	107	32072	206	-107.0	107	32072	206	-107.0	107	32072
207	-107.0	107	32179	207	-107.0	107	32179	207	-107.0	107	32179	207	-107.0	107	32179	207	-107.0	107	32179	207	-107.0	107	32179	207	-107.0	107	32179	207	-107.0	107	32179	207	-107.0	107	32179	207	-107.0	107	32179
208	-189.0	189	32368	208	-189.0	189	32368	208	-189.0	189	32368	208	-189.0	189	32368	208	-189.0	189	32368	208	-189.0	189	32368	208	-189.0	189	32368	208	-189.0	189	32368	208	-189.0	189	32368	208	-189.0	189	32368
209	-107.0	107	32475	209	-107.0	107	32475	209	-107.0	107	32475	209	-107.0	107	32475	209	-107.0	107	32475	209	-107.0	107	32475	209	-107.0	107	32475	209	-107.0	107	32475	209	-107.0	107	32475	209	-107.0	107	32475
210	-110.0	110	32585	210	-110.0	110	32585	210	-110.0	110	32585	210	-110.0	110	32585	210	-110.0	110	32585	210	-110.0	110	32585	210	-110.0	110	32585	210	-110.0	110	32585	210	-110.0	110	32585	210	-110.0	110	32585
211	-156.0	156	32741	211	-156.0	156	32741	211	-156.0	156	32741	211	-156.0	156	32741	211	-156.0	156	32741	211	-156.0	156	32741	211	-156.0	156	32741	211	-156.0	156	32741	211	-156.0	156	32741	211	-156.0	156	32741
212	-139.0	139	32880	212	-139.0	139	32880	212	-139.0	139	32880	212	-139.0	139	32880	212	-139.0	139	32880	212	-139.0	139	32880	212	-139.0	139	32880	212	-139.0	139	32880	212	-139.0	139	32880	212	-139.0	139	32880
213	-110.0	110	32990	213	-110.0	110	32990	213	-110.0	110	32990	213	-110.0	110	32990	213	-110.0	110	32990	213	-110.0	110	32990	213	-110.0	110	32990	213	-110.0	110	32990	213	-110.0	110	32990	213	-110.0	110	32990
214	-105.0	105	33095	214	-105.0	105	33095	214	-105.0	105	33095	214	-105.0	105	33095	214	-105.0	105	33095	214	-105.0	105	33095	214	-105.0	105	33095	214	-105.0	105	33095	214	-105.0	105	33095	214	-105.0	105	33095
215	-87.0	87	33182	215	-87.0	87	33182	215	-87.0	87	33182	215	-87.0	87	33182	215	-87.0	87	33182	215	-87.0	87	33182	215	-87.0	87	33182	215	-87.0	87	33182	215	-87.0	87	33182	215	-87.0	87	33182
216	-150.0	150	33332	216	-150.0	150	33332	216	-150.0	150	33332	216	-150.0	150	33332	216	-150.0	150	33332	216	-150.0	150	33332	216	-150.0	150	33332	216	-150.0	150	33332	216	-150.0	150	33332	216	-150.0	150	33332
217	-138.0	138	33470	217	-138.0	138	33470	217	-138.0	138	33470	217	-138.0	138	33470	217	-138.0	138	33470	217	-138.0	138	33470	217	-138.0	138	33470	217	-138.0	138	33470	217	-138.0	138	33470	217	-138.0	138	33470
218	-135.0	135	33605	218	-135.0	135	33605	218	-135.0	135	33605	218	-135.0	135	33605	218	-135.0	135	33605	218	-135.0	135	33605	218	-135.0	135	33605	218	-135.0	135	33605	218	-135.0	135	33605	218	-135.0	135	33605
219	-106.0	106	33711	219	-106.0	106	33711	219	-106.0	106	33711	219	-106.0	106	33711	219	-106.0	106	33711	219	-106.0	106	33711	219	-106.0	106	33711	219	-106.0	106	33711	219	-106.0	106	33711	219	-106.0	106	33711
220	-134.0	134	33845	220	-134.0	134	33845	220	-134.0	134	33845	220	-134.0	134	33845	220	-134.0	134	33845	220	-134.0	134	33845	220	-134.0	134	33845	220	-134.0	134	33845	220	-134.0	134	33845	220	-134.0	134	33845
221	-141.0	141	33986	221	-141.0	141	33986	221	-141.0	141	33986	221	-141.0	141	33986	221	-141.0	141	33986	221	-141.0	141	33986	221	-141.0	141	33986	221	-141.0	141	33986	221	-141.0	141	33986	221	-141.0	141	33986
222	-107.0	107	34093	222	-107.0	107	34093	222	-107.0	107	34093	222	-107.0	107	34093	222	-107.0	107	34093	222	-107.0	107	34093	222	-107.0	107	34093	222	-107.0	107	34093	222	-107.0	107	34093	222	-107.0	107	34093
223	-149.0	149	34242	223	-149.0	149	34242	223	-149.0	149	34242	223	-149.0	149	34242	223	-149.0	149	34242	223	-149.0	149	34242	223	-149.0	149	34242	223	-149.0	149	34242	223	-149.0	149	34242	223	-149.0	149	34242
224	-136.0	136	34378	224	-136.0	136	34378	224	-136.0	136	34378	224	-136.0	136	34378	224	-136.0	136	34378	224	-136.0	136	34378	224	-136.0	136	34378	224	-136.0	136	34378	224	-136.0	136	34378	224	-136.0	136	34378
225	-134.0	134	34512	225	-134.0	134	34512	225	-134.0	134	34512	225	-134.0	134	34512	225	-134.0	134	34512	225	-134.0	134	34512	225	-134.0	134	34512	225	-134.0	134	34512	225	-134.0	134	34512	225	-134.0	134	34512
226	-134.0	134	34646	226	-134.0	134	34646	226	-134.0	134	34646	226	-134.0	134	34646	226	-134.0	134	34646	226	-134.0	134	34646	226	-134.0	134	34646	226	-134.0	134	34646	226	-134.0	134	34646	226	-134.0	134	34646
227	-107.0	107	34753	227	-107.0	107	34753	227	-107.0	107	34753	227	-107.0	107	34753	227	-107.0	107	34753	227	-107.0	107	34753	227	-107.0	107	34753	227	-107.0	107	34753	227	-107.0	107	34753	227	-107.0	107	34753
228	-130.0	130	34883	228	-130.0	130	34883	228	-130.0	130	34883	228	-130.0	130	34883	228	-130.0	130	34883	228	-130.0	130	34883	228	-130.0	130	34883	228	-130.0	130	34883	228	-130.0	130	34883	228	-130.0	130	34883
229	-126.0	126	35009	229	-126.0	126	35009	229	-126.0	126	35009	229	-126.0	126	35009	229	-126.0	126	35009	229	-126.0	126	35009	229	-126.0	126	35009	229	-126.0	126	35009	229	-126.0	126	35009	229	-126.0	126	35009
230	-138.0	138	35147	230	-138.0	138	35147	230	-138.0	138	35147	230	-138.0	138	35147	230	-138.0	138	35147	230	-138.0	138	35147	230	-138.0	138	35147	230	-138.0	138	35147	230	-138.0	138	35147	230	-138.0	138	35147
231	-108.0	108	35255	231	-108.0	108	35255	231	-108.0	108	35255	231	-108.0	108	35255	231	-108.0	108	35255	231	-108.0	108	35255	231	-108.0	108	35255	231	-108.0	108	35255	231	-108.0	108	35255	231	-108.0	108	35255
232	-137.0	137	35392	232	-137.0	137	35392	232	-137.0	137	35392	232	-137.0	137	35392	232	-137.0	137	35392	232	-137.0	137	35392	232	-137.0	137	35392	232	-137.0	137	35392	232	-137.0	137	35392	232	-137.0	137	35392
233	-138.0	138	35530	233	-138.0	138	35530	233	-138.0	138	35530	233	-138.0	138	35530	233	-138.0	138	35530	233	-138.0	138	35530	233	-138.0	138	35530	233	-138.0	138	35530	233	-138.0	138	35530	233	-138.0	138	35530
234	-109.0	109	35639	234	-109.0	109	35639	234	-109.0	109	35639	234	-109.0	109	35639	234	-109.0	109	35639	234	-109.0	109	35639	234	-109.0	109	35639	234	-109.0	109	35639	234	-109.0	109	35639	234	-109.0	109	35639
235	-108.0	108	35747	235	-108.0	108	35747	235	-108.0	108	35747	235	-108.0	108	35747	235	-108.0	108	35747	235	-108.0	108	35747	235	-108.0	108	35747	235	-108.0	108	35747	235	-108.0	108	35747	235	-108.0	108	35747
236	-105.0	105	35852	236	-105.0	105	35852	236	-105.0	105	35852	236	-105.0	105	35852	236	-105.0	105	35852	236	-105.0	105	35852	236	-105.0	105	35852	236	-105.0	105	35852	236	-105.0	105	35852	236	-105.0	105	35852
237	-108.0	108	35960	237	-108.0	108	35960	237	-108.0	108	35960	237	-108.0	108	35960	237	-108.0	108	35960	237	-108.0	108	35960	237	-108.0	108	35960	237	-108.0	108	35960	237	-108.0	108	35960	237	-108.0	108	35960
238	-108.0	108	36068	238	-108.0	108	36068	238	-108.0	108	36068	238	-108.0	108	36068	238	-108.0	108	36068	238	-108.0	108	36068	238	-108.0	108	36068	238	-108.0	108	36068	238	-108.0	108	36068	238	-108.0	108	36068
239	-134.0	134	36202	239	-134.0	134	36202	239	-134.0	134	36202	239	-134.0	134	36202	239	-134.0	134	36202	239	-134.0	134	36202	239	-134.0	134	36202	239	-134.0	134	36202	239	-134.0	134	36202	239	-134.0	134	36202
240	-107.0	107	36309	240	-107.0	107	36309	240	-107.0	107	36309	240	-107.0	107	36309	240	-107.0	107	36309	240	-107.0	107	36309	240	-107.0	107	36309	240	-107.0	107	36309	240	-107.0	107	36309	240	-107.0	107	36309
241	-107.0	107	36416	241	-107.0	107	36416	241	-107.0	107	36416	241	-107.0	107	36416	241	-107.0	107	36416	241	-107.0	107	36416	241	-107.0	107	36416	241	-107.0	107	36416	241	-107.0	107	36416	241	-107.0	107	36416
242	-108.0	108	36524	242	-108.0	108	36524	242	-108.0	108	36524	242	-108.0	108	36524	242	-108.0	108	36524	242	-108.0	108	36524	242	-108.0	108	36524	242	-108.0	108	36524	242	-108.0	108	36524	242	-108.0	108	36524
243	-108.0	108	36632	243	-108.0	108	36632	243	-108.0	108	36632	243	-108.0	108	36632	243	-108.0	108	36632	243	-108.0	108	36632	243	-108.0	108	36632	243	-108.0	108	36632	243	-108.0	108	36632	243	-108.0	108	36632
244	-108.0	108	36740	244	-108.0	108	36740	244	-108.0	108	36740	244	-108.0	108	36740	244	-108.0	108	36740	244	-108.0	108	36740	244	-108.0	108	36740	244	-108.0	108	36740	244	-108.0	108	36740	244	-108.0	108	36740
245	-108.0	108	36848	245	-108.0	108	36848	245	-108.0	108	36848	245	-108.0	108	36848	245	-108.0	108	36848	245	-108.0	108	36848	245	-108.0	108	36848	245	-108.0	108	36848	245	-108.0	108	36848	245	-108.0	108	36848
246	-107.0	107	36955	246	-107.0	107	36955	246	-107.0	107	36955	246	-107.0	107	36955	246	-107.0	107	36955	246	-107.0	107	36955	246	-107.0	107	36955	246	-107.0	107	36955	246	-107.0	107	36955	246	-107.0	107	36955
247	-172.0	172	37127	247	-172.0	172	37127	247	-172.0	172	37127	247	-172.0	172	37127	247	-172.0	172	37127	247	-172.0	172	37127	247	-172.0	172	37127	247	-172.0	172	37127	247	-172.0	172	37127	247	-172.0	172	37127
248	-108.0	108	37235	248	-108.0	108	37235	248	-108.0	108	37235	248	-108.0	108	37235	248	-108.0	108	37235	248	-108.0	108	37235	248	-108.0	108	37235	248	-108.0	108	37235	248	-108.0	108	37235	248	-108.0	108	37235
249	-139.0	139	37374	249	-139.0	139	37374	249	-139.0	139	37374	249	-139.0	139	37374	249	-139.0	139	37374	249	-139.0	139	37374	249	-139.0	139	37374	249	-139.0	139	37374	249	-139.0	139	37374	249	-139.0	139	37374
250	-114.0	114	37488	250	-114.0	114	37488	250	-114.0	114	37488	250	-114.0	114	37488	250	-114.0	114	37488	250	-114.0	114	37488	250	-114.0	114	37488	250	-114.0	114	37488	250	-114.0	114	37488	250	-114.0	114	37488
251	-124.0	124	37612	251	-124.0	124	37612	251	-124.0	124	37612	251	-124.0	124	37612	251	-124.0	124	37612	251	-124.0	124	37612	251	-124.0	124	37612	251	-124.0	124	37612	251	-124.0	124	37612	251	-124.0	124	37612
252	-112.0	112	37724	252	-112.0	112	37724	252	-112.0	112	37724	252	-112.0	112	37724	252	-112.0	112	37724	252	-112.0	112	37724	252	-112.0	112	37724	252	-112.0	112	37724	252	-112.0	112	37724	252	-112.0	112	37724
253	-108.0	108	37832	253	-108.0	108	37832	253	-108.0	108	37832	253	-108.0	108	37832	253	-108.0	108	37832	253	-108.0	108	37832	253	-108.0	108	37832	253	-108.0	108	37832	253	-108.0	108	37832	253	-108.0	108	37832
254	-119.0	119	37951	254	-119.0	119	37951	254	-119.0	119	37951	254	-119.0	119	37951	254	-119.0	119	37951	254	-119.0	119	37951	254	-119.0	119	37951	254	-119.0	119	37951	254	-119.0	119	37951	254	-119.0	119	37951
255	-189.0	189	38140	255	-189.0	189	38140	255	-189.0	189	38140	255	-189.0	189	38140	255	-189.0	189	38140	255	-189.0	189	38140	255	-189.0	189	38140	255	-189.0	189	38140	255	-189.0	189	38140	255	-189.0	189	38140
256	-115.0	115	38255	256	-115.0	115	38255	256	-115.0	115	38255	256	-115.0	115	38255	256	-115.0	115	38255	256	-115.0	115	38255	256	-115.0	115	38255	256	-115.0	115	38255	256	-115.0	115	38255	256	-115.0	115	38255
257	-133.0	133	38388	257	-133.0	133	38388	257	-133.0	133	38388	257	-133.0	133	38388	257	-133.0	133	38388	257	-133.0	133	38388	257	-133.0	133	38388	257	-133.0	133	38388	257	-133.0	133	38388	257	-133.0	133	38388
258	-180.0	180	38568	258	-180.0	180	38568	258	-180.0	180	38568	258	-180.0	180	38568	258	-180.0	180	38568	258	-180.0	180	38568	258	-180.0	180	38568	258	-180.0	180	38568	258	-180.0	180	38568	258	-180.0	180	38568
259	-171.0	171	38739	259	-171.0	171	38739	259	-171.0	171	38739	259	-171.0	171	38739	259	-171.0	171	38739	259	-171.0	171	38739	259	-171.0	171	38739	259	-171.0	171	38739	259	-171.0	171	38739	259	-171.0	171	38739
260	-172.0	172	38911	260	-172.0	172	38911	260	-172.0	172	38911	260	-172.0	172	38911	260	-172.0	172	38911	260	-172.0	172	38911	260	-172.0	172	38911	260	-172.0	172	38911	260	-172.0	172	38911	260	-172.0	172	38911
261	-176.0	176	39087	261	-176.0	176	39087	261	-176.0	176	39087	261	-176.0	176	39087	261	-176.0	176	39087	261	-176.0	176	39087	261	-176.0	176	39087	261	-176.0	176	39087	261	-176.0	176	39087	261	-176.0	176	39087
262	-118.0	118	39205	262	-118.0	118	39205	262	-118.0	118	39205	262	-118.0	118	39205	262	-118.0	118	39205	262	-118.0	118	39205	262	-118.0	118	39205	262	-118.0	118	39205	262	-118.0	118	39205	262	-118.0	118	39205
263	-161.0	161	39366	263	-161.0	161	39366	263	-161.0	161	39366	263	-161.0	161	39366	263	-161.0	161	39366	263	-161.0	161	39366	263	-161.0	161	39366	263	-161.0	161	39366	263	-161.0	161	39366	263	-161.0	161	39366
264	-114.0	114	39480	264	-114.0	114	39480	264	-114.0	114	39480	264	-114.0	114	39480	264	-114.0	114	39480	264	-114.0	114	39480	264	-114.0	114	39480	264	-114.0	114	39480	264	-114.0	114	39480	264	-114.0	114	39480
265	-108.0	108	39588	265	-108.0	108	39588	265	-108.0	108	39588	265	-108.0	108	39588	265	-108.0	108	39588	265	-108.0	108	39588	265	-108.0	108	39588	265	-108.0	108	39588	265	-108.0	108	39588	265	-108.0	108	39588
266	-124.0	124	39712	266	-124.0	124	39712	266	-124.0	124	39712	266	-124.0	124	39712	266	-124.0	124	39712	266	-124.0	124	39712	266	-124.0	124	39712	266	-124.0	124	39712	266	-124.0	124	39712	266	-124.0	124	39712
267	-132.0	132	39844	267	-132.0	132	39844	267	-132.0	132	39844	267	-132.0	132	39844	267	-132.0	132	39844	267	-132.0	132	39844	267	-132.0	132	39844	267	-132.0	132	39844	267	-132.0	132	39844	267	-132.0	132	39844
268	-132.0	132	39976	268	-132.0	132	39976	268	-132.0	132	39976	268	-132.0	132	39976	268	-132.0	132	39976	268	-132.0	132	39976	268	-132.0	132	39976	268	-132.0	132	39976	268	-132.0	132	39976	268	-132.0	132	39976
269	-131.0	131	40107	269	-131.0	131	40107	269	-131.0	131	40107	269	-131.0	131	40107	269	-131.0	131	40107	269	-131.0	131	40107	269	-131.0	131	40107	269	-131.0	131	40107	269	-131.0	131	40107	269	-131.0	131	40107
270	-110.0	110	40217	270	-110.0	110	40217	270	-110.0	110	40217	270	-110.0	110	40217	270	-110.0	110	40217	270	-110.0	110	40217	270	-110.0	110	40217	270	-110.0	110	40217	270	-110.0	110	40217	270	-110.0	110	40217
271	-111.0	111	40328	271	-111.0	111	40328	271	-111.0	111	40328	271	-111.0	111	40328	271	-111.0	111	40328	271	-111.0	111	40328	271	-111.0	111	40328	271	-111.0	111	40328	271	-111.0	111	40328	271	-111.0	111	40328
272	-110.0	110	40438	272	-110.0	110	40438	272	-110.0	110	40438	272	-110.0	110	40438	272	-110.0	110	40438	272	-110.0	110	40438	272	-110.0	110	40438	272	-110.0	110	40438	272	-110.0	110	40438	272	-110.0	110	40438
273	-128.0	128	40566	273	-128.0	128	40566	273	-128.0	128	40566	273	-128.0	128	40566	273	-128.0	128	40566	273	-128.0	128	40566	273	-128.0	128	40566	273	-128.0	128	40566	273	-128.0	128	40566	273	-128.0	128	40566
274	-128.0	128	40694	274	-128.0	128	40694	274	-128.0	128	40694	274	-128.0	128	40694	274	-128.0	128	40694	274	-128.0	128	40694	274	-128.0	128	40694	274	-128.0	128	40694	274	-128.0	128	40694	274	-128.0	128	40694
275	-171.0	171	40865	275	-171.0	171	40865	275	-171.0	171	40865	275	-171.0	171	40865	275	-171.0	171	40865	275	-171.0	171	40865	275	-171.0	171	40865	275	-171.0	171	40865	275	-171.0	171	40865	275	-171.0	171	40865
276	-132.0	132	40997	276	-132.0	132	40997	276	-132.0	132	40997	276	-132.0	132	40997	276	-132.0	132	40997	276	-132.0	132	40997	276	-132.0	132	40997	276	-132.0	132	40997	276	-132.0	132	40997	276	-132.0	132	40997
277	-139.0	139	41136	277	-139.0	139	41136	277	-139.0	139	41136	277	-139.0	139	41136	277	-139.0	139	41136	277	-139.0	139	41136	277	-139.0	139	41136	277	-139.0	139	41136	277	-139.0	139	41136	277	-139.0	139	41136
278	-141.0	141	41277	278	-141.0	141	41277	278	-141.0	141	41277	278	-141.0	141	41277	278	-141.0	141	41277	278	-141.0	141	41277	278	-141.0	141	41277	278	-141.0	141	41277	278	-141.0	141	41277	278	-141.0	141	41277
279	-111.0	111	41388	279	-111.0	111	41388	279	-111.0	111	41388	279	-111.0	111	41388	279	-111.0	111	41388	279	-111.0	111	41388	279	-111.0	111	41388	279	-111.0	111	41388	279	-111.0	111	41388	279	-111.0	111	41388
280	-119.0	119	41507	280	-119.0	119	41507	280	-119.0	119	41507	280	-119.0	119	41507	280	-119.0	119	41507	280	-119.0	119	41507	280	-119.0	119	41507	280	-119.0	119	41507	280	-119.0	119	41507	280	-119.0	119	41507
281	-111.0	111	41618	281	-111.0	111	41618	281	-111.0	111	41618	281	-111.0	111	41618	281	-111.0	111	41618	281	-111.0	111	41618	281	-111.0	111	41618	281	-111.0	111	41618	281	-111.0	111	41618	281	-111.0	111	41618
282	-146.0	146	41764	282	-146.0	146	41764	282	-146.0	146	41764	282	-146.0	146	41764	282	-146.0	146	41764	282	-146.0	146	41764	282	-146.0	146	41764	282	-146.0	146	41764	282	-146.0	146	41764	282	-146.0	146	41764
283	-108.0	108	41872	283	-108.0	108	41872	283	-108.0	108	41872	283	-108.0	108	41872	283	-108.0	108	41872	283	-108.0	108	41872	283	-108.0	108	41872	283	-108.0	108	41872	283	-108.0	108	41872	283	-108.0	108	41872
284	-106.0	106	41978	284	-106.0	106	41978	284	-106.0	106	41978	284	-106.0	106	41978	284	-106.0	106	41978	284	-106.0	106	41978	284	-106.0	106	41978	284	-106.0	106	41978	284	-106.0	106	41978	284	-106.0	106	41978
285	-133.0	133	42111	285	-133.0	133	42111	285	-133.0	133	42111	285	-133.0	133	42111	285	-133.0	133	42111	285	-133.0	133	42111	285	-133.0	133	42111	285	-133.0	133	42111	285	-133.0	133	42111	285	-133.0	133	42111
286	-187.0	187	42298	286	-187.0	187	42298	286	-187.0	187	42298	286	-187.0	187	42298	286	-187.0	187	42298	286	-187.0	187	42298	286	-187.0	187	42298	286	-187.0	187	42298	286	-187.0	187	42298	286	-187.0	187	42298
287	-126.0	126	42424	287	-126.0	126	42424	287	-126.0	126	42424	287	-126.0	126	42424	287	-126.0	126	42424	287	-126.0	126	42424	287	-126.0	126	42424	287	-126.0	126	42424	287	-126.0	126	42424	287	-126.0	126	42424
288	-166.0	166	42590	288	-166.0	166	42590	288	-166.0	166	42590	288	-166.0	166	42590	288	-166.0	166	42590	288	-166.0	166	42590	288	-166.0	166	42590	288	-166.0	166	42590	288	-166.0	166	42590	288	-166.0	166	42590
289	-170.0	170	42760	289	-170.0	170	42760	289	-170.0	170	42760	289	-170.0	170	42760	289	-170.0	170	42760	289	-170.0	170	42760	289	-170.0	170	42760	289	-170.0	170	42760	289	-170.0	170	42760	289	-170.0	170	42760
290	-166.0	166	42926	290	-166.0	166	42926	290	-166.0	166	42926	290	-166.0	166	42926	290	-166.0	166	42926	290	-166.0	166	42926	290	-166.0	166	42926	290	-166.0	166	42926	290	-166.0	166	42926	290	-166.0	166	42926
291	-162.0	162	43088	291	-162.0	162	43088	291	-162.0	162	43088	291	-162.0	162	43088	291	-162.0	162	43088	291	-162.0	162	43088	291	-162.0	162	43088	291	-162.0	162	43088	291	-162.0	162	43088	291	-162.0	162	43088
292	-168.0	168	43256	292	-168.0	168	43256	292	-168.0	168	43256	292	-168.0	168	43256	292	-168.0	168	43256	292	-168.0	168	43256	292	-168.0	168	43256	292	-168.0	168	43256	292	-168.0	168	43256	292	-168.0	168	43256
293	-151.0	151	43407	293	-151.0	151	43407	293	-151.0	151	43407	293	-151.0	151	43407	293	-151.0	151	43407	293	-151.0	151	43407	293	-151.0	151	43407	293	-151.0	151	43407	293	-151.0	151	43407	293	-151.0	151	43407
294	-137.0	137	43544	294	-137.0	137	43544	294	-137.0	137	43544	294	-137.0	137	43544	294	-137.0	137	43544	294	-137.0	137	43544	294	-137.0	137	43544	294	-137.0	137	43544	294	-137.0	137	43544	294	-137.0	137	43544
295	-174.0	174	43718	295	-174.0	174	43718	295	-174.0	174	43718	295	-174.0	174	43718	295	-174.0	174	43718	295	-174.0	174	43718	295	-174.0	174	43718	295	-174.0	174	43718	295	-174.0	174	43718	295	-174.0	174	43718
296	-165.0	165	43883	296	-165.0	165	43883	296	-165.0	165	43883	296	-165.0	165	43883	296	-165.0	165	43883	296	-165.0	165	43883	296	-165.0	165	43883	296	-165.0	165	43883	296	-165.0	165	43883	296	-165.0	165	43883
297	-171.0	171	44054	297	-171.0	171	44054	297	-171.0	171	44054	297	-171.0	171	44054	297	-171.0	171	44054	297	-171.0	171	44054	297	-171.0	171	44054	297	-171.0	171	44054	297	-171.0	171	44054	297	-171.0	171	44054
298	-125.0	125	44179	298	-125.0	125	44179	298	-125.0	125	44179	298	-125.0	125	44179	298	-125.0	125	44179	298	-125.0	125	44179	298	-125.0	125	44179	298	-125.0	125	44179	298	-125.0	125	44179	298	-125.0	125	44179
299	-121.0	121	44300	299	-121.0	121	44300	299	-121.0	121	44300	299	-121.0	121	44300	299	-121.0	121	44300	299	-121.0	121	44300	299	-121.0	121	44300	299	-121.0	121	44300	299	-121.0	121	44300	299	-121.0	121	44300
