Episode	Accumulated Reward	Length	Steps	Episode	Accumulated Reward	Length	Steps	Episode	Accumulated Reward	Length	Steps	Episode	Accumulated Reward	Length	Steps	Episode	Accumulated Reward	Length	Steps	Episode	Accumulated Reward	Length	Steps	Episode	Accumulated Reward	Length	Steps	Episode	Accumulated Reward	Length	Steps	Episode	Accumulated Reward	Length	Steps	Episode	Accumulated Reward	Length	Steps	Episode	Accumulated Reward	Length	Steps	Episode	Accumulated Reward	Length	Steps	Episode	Accumulated Reward	Length	Steps	Episode	Accumulated Reward	Length	Steps	Episode	Accumulated Reward	Length	Steps	Episode	Accumulated Reward	Length	Steps	Episode	Accumulated Reward	Length	Steps	Episode	Accumulated Reward	Length	Steps	Episode	Accumulated Reward	Length	Steps	Episode	Accumulated Reward	Length	Steps	Episode	Accumulated Reward	Length	Steps	Episode	Accumulated Reward	Length	Steps	Episode	Accumulated Reward	Length	Steps
0	-13	13	13	0	-13	13	13	0	-13	13	13	0	-13	13	13	0	-13	13	13	0	-13	13	13	0	-13	13	13	0	-13	13	13	0	-13	13	13	0	-13	13	13	0	-13	13	13	0	-13	13	13	0	-13	13	13	0	-13	13	13	0	-13	13	13	0	-13	13	13	0	-13	13	13	0	-13	13	13	0	-13	13	13	0	-13	13	13	0	-13	13	13	0	-13	13	13	0	-13	13	13
1	-13	13	26	1	-13	13	26	1	-13	13	26	1	-13	13	26	1	-13	13	26	1	-13	13	26	1	-13	13	26	1	-13	13	26	1	-13	13	26	1	-13	13	26	1	-13	13	26	1	-13	13	26	1	-13	13	26	1	-13	13	26	1	-13	13	26	1	-13	13	26	1	-13	13	26	1	-13	13	26	1	-13	13	26	1	-13	13	26	1	-13	13	26	1	-13	13	26	1	-13	13	26
2	-25	25	51	2	-25	25	51	2	-25	25	51	2	-25	25	51	2	-25	25	51	2	-25	25	51	2	-25	25	51	2	-25	25	51	2	-25	25	51	2	-25	25	51	2	-25	25	51	2	-25	25	51	2	-25	25	51	2	-25	25	51	2	-25	25	51	2	-25	25	51	2	-25	25	51	2	-25	25	51	2	-25	25	51	2	-25	25	51	2	-25	25	51	2	-25	25	51	2	-25	25	51
3	-13	13	64	3	-13	13	64	3	-13	13	64	3	-13	13	64	3	-13	13	64	3	-13	13	64	3	-13	13	64	3	-13	13	64	3	-13	13	64	3	-13	13	64	3	-13	13	64	3	-13	13	64	3	-13	13	64	3	-13	13	64	3	-13	13	64	3	-13	13	64	3	-13	13	64	3	-13	13	64	3	-13	13	64	3	-13	13	64	3	-13	13	64	3	-13	13	64	3	-13	13	64
4	-234	36	100	4	-234	36	100	4	-234	36	100	4	-234	36	100	4	-234	36	100	4	-234	36	100	4	-234	36	100	4	-234	36	100	4	-234	36	100	4	-234	36	100	4	-234	36	100	4	-234	36	100	4	-234	36	100	4	-234	36	100	4	-234	36	100	4	-234	36	100	4	-234	36	100	4	-234	36	100	4	-234	36	100	4	-234	36	100	4	-234	36	100	4	-234	36	100	4	-234	36	100
5	-15	15	115	5	-15	15	115	5	-15	15	115	5	-15	15	115	5	-15	15	115	5	-15	15	115	5	-15	15	115	5	-15	15	115	5	-15	15	115	5	-15	15	115	5	-15	15	115	5	-15	15	115	5	-15	15	115	5	-15	15	115	5	-15	15	115	5	-15	15	115	5	-15	15	115	5	-15	15	115	5	-15	15	115	5	-15	15	115	5	-15	15	115	5	-15	15	115	5	-15	15	115
6	-15	15	130	6	-15	15	130	6	-15	15	130	6	-15	15	130	6	-15	15	130	6	-15	15	130	6	-15	15	130	6	-15	15	130	6	-15	15	130	6	-15	15	130	6	-15	15	130	6	-15	15	130	6	-15	15	130	6	-15	15	130	6	-15	15	130	6	-15	15	130	6	-15	15	130	6	-15	15	130	6	-15	15	130	6	-15	15	130	6	-15	15	130	6	-15	15	130	6	-15	15	130
7	-124	25	155	7	-124	25	155	7	-124	25	155	7	-124	25	155	7	-124	25	155	7	-124	25	155	7	-124	25	155	7	-124	25	155	7	-124	25	155	7	-124	25	155	7	-124	25	155	7	-124	25	155	7	-124	25	155	7	-124	25	155	7	-124	25	155	7	-124	25	155	7	-124	25	155	7	-124	25	155	7	-124	25	155	7	-124	25	155	7	-124	25	155	7	-124	25	155	7	-124	25	155
8	-16	16	171	8	-16	16	171	8	-16	16	171	8	-16	16	171	8	-16	16	171	8	-16	16	171	8	-16	16	171	8	-16	16	171	8	-16	16	171	8	-16	16	171	8	-16	16	171	8	-16	16	171	8	-16	16	171	8	-16	16	171	8	-16	16	171	8	-16	16	171	8	-16	16	171	8	-16	16	171	8	-16	16	171	8	-16	16	171	8	-16	16	171	8	-16	16	171	8	-16	16	171
9	-15	15	186	9	-15	15	186	9	-15	15	186	9	-15	15	186	9	-15	15	186	9	-15	15	186	9	-15	15	186	9	-15	15	186	9	-15	15	186	9	-15	15	186	9	-15	15	186	9	-15	15	186	9	-15	15	186	9	-15	15	186	9	-15	15	186	9	-15	15	186	9	-15	15	186	9	-15	15	186	9	-15	15	186	9	-15	15	186	9	-15	15	186	9	-15	15	186	9	-15	15	186
10	-16	16	202	10	-16	16	202	10	-16	16	202	10	-16	16	202	10	-16	16	202	10	-16	16	202	10	-16	16	202	10	-16	16	202	10	-16	16	202	10	-16	16	202	10	-16	16	202	10	-16	16	202	10	-16	16	202	10	-16	16	202	10	-16	16	202	10	-16	16	202	10	-16	16	202	10	-16	16	202	10	-16	16	202	10	-16	16	202	10	-16	16	202	10	-16	16	202	10	-16	16	202
11	-13	13	215	11	-13	13	215	11	-13	13	215	11	-13	13	215	11	-13	13	215	11	-13	13	215	11	-13	13	215	11	-13	13	215	11	-13	13	215	11	-13	13	215	11	-13	13	215	11	-13	13	215	11	-13	13	215	11	-13	13	215	11	-13	13	215	11	-13	13	215	11	-13	13	215	11	-13	13	215	11	-13	13	215	11	-13	13	215	11	-13	13	215	11	-13	13	215	11	-13	13	215
12	-13	13	228	12	-13	13	228	12	-13	13	228	12	-13	13	228	12	-13	13	228	12	-13	13	228	12	-13	13	228	12	-13	13	228	12	-13	13	228	12	-13	13	228	12	-13	13	228	12	-13	13	228	12	-13	13	228	12	-13	13	228	12	-13	13	228	12	-13	13	228	12	-13	13	228	12	-13	13	228	12	-13	13	228	12	-13	13	228	12	-13	13	228	12	-13	13	228	12	-13	13	228
13	-123	24	252	13	-123	24	252	13	-123	24	252	13	-123	24	252	13	-123	24	252	13	-123	24	252	13	-123	24	252	13	-123	24	252	13	-123	24	252	13	-123	24	252	13	-123	24	252	13	-123	24	252	13	-123	24	252	13	-123	24	252	13	-123	24	252	13	-123	24	252	13	-123	24	252	13	-123	24	252	13	-123	24	252	13	-123	24	252	13	-123	24	252	13	-123	24	252	13	-123	24	252
14	-14	14	266	14	-14	14	266	14	-14	14	266	14	-14	14	266	14	-14	14	266	14	-14	14	266	14	-14	14	266	14	-14	14	266	14	-14	14	266	14	-14	14	266	14	-14	14	266	14	-14	14	266	14	-14	14	266	14	-14	14	266	14	-14	14	266	14	-14	14	266	14	-14	14	266	14	-14	14	266	14	-14	14	266	14	-14	14	266	14	-14	14	266	14	-14	14	266	14	-14	14	266
15	-13	13	279	15	-13	13	279	15	-13	13	279	15	-13	13	279	15	-13	13	279	15	-13	13	279	15	-13	13	279	15	-13	13	279	15	-13	13	279	15	-13	13	279	15	-13	13	279	15	-13	13	279	15	-13	13	279	15	-13	13	279	15	-13	13	279	15	-13	13	279	15	-13	13	279	15	-13	13	279	15	-13	13	279	15	-13	13	279	15	-13	13	279	15	-13	13	279	15	-13	13	279
16	-15	15	294	16	-15	15	294	16	-15	15	294	16	-15	15	294	16	-15	15	294	16	-15	15	294	16	-15	15	294	16	-15	15	294	16	-15	15	294	16	-15	15	294	16	-15	15	294	16	-15	15	294	16	-15	15	294	16	-15	15	294	16	-15	15	294	16	-15	15	294	16	-15	15	294	16	-15	15	294	16	-15	15	294	16	-15	15	294	16	-15	15	294	16	-15	15	294	16	-15	15	294
17	-13	13	307	17	-13	13	307	17	-13	13	307	17	-13	13	307	17	-13	13	307	17	-13	13	307	17	-13	13	307	17	-13	13	307	17	-13	13	307	17	-13	13	307	17	-13	13	307	17	-13	13	307	17	-13	13	307	17	-13	13	307	17	-13	13	307	17	-13	13	307	17	-13	13	307	17	-13	13	307	17	-13	13	307	17	-13	13	307	17	-13	13	307	17	-13	13	307	17	-13	13	307
18	-13	13	320	18	-13	13	320	18	-13	13	320	18	-13	13	320	18	-13	13	320	18	-13	13	320	18	-13	13	320	18	-13	13	320	18	-13	13	320	18	-13	13	320	18	-13	13	320	18	-13	13	320	18	-13	13	320	18	-13	13	320	18	-13	13	320	18	-13	13	320	18	-13	13	320	18	-13	13	320	18	-13	13	320	18	-13	13	320	18	-13	13	320	18	-13	13	320	18	-13	13	320
19	-120	21	341	19	-120	21	341	19	-120	21	341	19	-120	21	341	19	-120	21	341	19	-120	21	341	19	-120	21	341	19	-120	21	341	19	-120	21	341	19	-120	21	341	19	-120	21	341	19	-120	21	341	19	-120	21	341	19	-120	21	341	19	-120	21	341	19	-120	21	341	19	-120	21	341	19	-120	21	341	19	-120	21	341	19	-120	21	341	19	-120	21	341	19	-120	21	341	19	-120	21	341
20	-13	13	354	20	-13	13	354	20	-13	13	354	20	-13	13	354	20	-13	13	354	20	-13	13	354	20	-13	13	354	20	-13	13	354	20	-13	13	354	20	-13	13	354	20	-13	13	354	20	-13	13	354	20	-13	13	354	20	-13	13	354	20	-13	13	354	20	-13	13	354	20	-13	13	354	20	-13	13	354	20	-13	13	354	20	-13	13	354	20	-13	13	354	20	-13	13	354	20	-13	13	354
21	-13	13	367	21	-13	13	367	21	-13	13	367	21	-13	13	367	21	-13	13	367	21	-13	13	367	21	-13	13	367	21	-13	13	367	21	-13	13	367	21	-13	13	367	21	-13	13	367	21	-13	13	367	21	-13	13	367	21	-13	13	367	21	-13	13	367	21	-13	13	367	21	-13	13	367	21	-13	13	367	21	-13	13	367	21	-13	13	367	21	-13	13	367	21	-13	13	367	21	-13	13	367
22	-16	16	383	22	-16	16	383	22	-16	16	383	22	-16	16	383	22	-16	16	383	22	-16	16	383	22	-16	16	383	22	-16	16	383	22	-16	16	383	22	-16	16	383	22	-16	16	383	22	-16	16	383	22	-16	16	383	22	-16	16	383	22	-16	16	383	22	-16	16	383	22	-16	16	383	22	-16	16	383	22	-16	16	383	22	-16	16	383	22	-16	16	383	22	-16	16	383	22	-16	16	383
23	-20	20	403	23	-20	20	403	23	-20	20	403	23	-20	20	403	23	-20	20	403	23	-20	20	403	23	-20	20	403	23	-20	20	403	23	-20	20	403	23	-20	20	403	23	-20	20	403	23	-20	20	403	23	-20	20	403	23	-20	20	403	23	-20	20	403	23	-20	20	403	23	-20	20	403	23	-20	20	403	23	-20	20	403	23	-20	20	403	23	-20	20	403	23	-20	20	403	23	-20	20	403
24	-15	15	418	24	-15	15	418	24	-15	15	418	24	-15	15	418	24	-15	15	418	24	-15	15	418	24	-15	15	418	24	-15	15	418	24	-15	15	418	24	-15	15	418	24	-15	15	418	24	-15	15	418	24	-15	15	418	24	-15	15	418	24	-15	15	418	24	-15	15	418	24	-15	15	418	24	-15	15	418	24	-15	15	418	24	-15	15	418	24	-15	15	418	24	-15	15	418	24	-15	15	418
25	-15	15	433	25	-15	15	433	25	-15	15	433	25	-15	15	433	25	-15	15	433	25	-15	15	433	25	-15	15	433	25	-15	15	433	25	-15	15	433	25	-15	15	433	25	-15	15	433	25	-15	15	433	25	-15	15	433	25	-15	15	433	25	-15	15	433	25	-15	15	433	25	-15	15	433	25	-15	15	433	25	-15	15	433	25	-15	15	433	25	-15	15	433	25	-15	15	433	25	-15	15	433
26	-121	22	455	26	-121	22	455	26	-121	22	455	26	-121	22	455	26	-121	22	455	26	-121	22	455	26	-121	22	455	26	-121	22	455	26	-121	22	455	26	-121	22	455	26	-121	22	455	26	-121	22	455	26	-121	22	455	26	-121	22	455	26	-121	22	455	26	-121	22	455	26	-121	22	455	26	-121	22	455	26	-121	22	455	26	-121	22	455	26	-121	22	455	26	-121	22	455	26	-121	22	455
27	-437	41	496	27	-437	41	496	27	-437	41	496	27	-437	41	496	27	-437	41	496	27	-437	41	496	27	-437	41	496	27	-437	41	496	27	-437	41	496	27	-437	41	496	27	-437	41	496	27	-437	41	496	27	-437	41	496	27	-437	41	496	27	-437	41	496	27	-437	41	496	27	-437	41	496	27	-437	41	496	27	-437	41	496	27	-437	41	496	27	-437	41	496	27	-437	41	496	27	-437	41	496
28	-13	13	509	28	-13	13	509	28	-13	13	509	28	-13	13	509	28	-13	13	509	28	-13	13	509	28	-13	13	509	28	-13	13	509	28	-13	13	509	28	-13	13	509	28	-13	13	509	28	-13	13	509	28	-13	13	509	28	-13	13	509	28	-13	13	509	28	-13	13	509	28	-13	13	509	28	-13	13	509	28	-13	13	509	28	-13	13	509	28	-13	13	509	28	-13	13	509	28	-13	13	509
29	-13	13	522	29	-13	13	522	29	-13	13	522	29	-13	13	522	29	-13	13	522	29	-13	13	522	29	-13	13	522	29	-13	13	522	29	-13	13	522	29	-13	13	522	29	-13	13	522	29	-13	13	522	29	-13	13	522	29	-13	13	522	29	-13	13	522	29	-13	13	522	29	-13	13	522	29	-13	13	522	29	-13	13	522	29	-13	13	522	29	-13	13	522	29	-13	13	522	29	-13	13	522
30	-234	36	558	30	-234	36	558	30	-234	36	558	30	-234	36	558	30	-234	36	558	30	-234	36	558	30	-234	36	558	30	-234	36	558	30	-234	36	558	30	-234	36	558	30	-234	36	558	30	-234	36	558	30	-234	36	558	30	-234	36	558	30	-234	36	558	30	-234	36	558	30	-234	36	558	30	-234	36	558	30	-234	36	558	30	-234	36	558	30	-234	36	558	30	-234	36	558	30	-234	36	558
31	-13	13	571	31	-13	13	571	31	-13	13	571	31	-13	13	571	31	-13	13	571	31	-13	13	571	31	-13	13	571	31	-13	13	571	31	-13	13	571	31	-13	13	571	31	-13	13	571	31	-13	13	571	31	-13	13	571	31	-13	13	571	31	-13	13	571	31	-13	13	571	31	-13	13	571	31	-13	13	571	31	-13	13	571	31	-13	13	571	31	-13	13	571	31	-13	13	571	31	-13	13	571
32	-13	13	584	32	-13	13	584	32	-13	13	584	32	-13	13	584	32	-13	13	584	32	-13	13	584	32	-13	13	584	32	-13	13	584	32	-13	13	584	32	-13	13	584	32	-13	13	584	32	-13	13	584	32	-13	13	584	32	-13	13	584	32	-13	13	584	32	-13	13	584	32	-13	13	584	32	-13	13	584	32	-13	13	584	32	-13	13	584	32	-13	13	584	32	-13	13	584	32	-13	13	584
33	-13	13	597	33	-13	13	597	33	-13	13	597	33	-13	13	597	33	-13	13	597	33	-13	13	597	33	-13	13	597	33	-13	13	597	33	-13	13	597	33	-13	13	597	33	-13	13	597	33	-13	13	597	33	-13	13	597	33	-13	13	597	33	-13	13	597	33	-13	13	597	33	-13	13	597	33	-13	13	597	33	-13	13	597	33	-13	13	597	33	-13	13	597	33	-13	13	597	33	-13	13	597
34	-115	16	613	34	-115	16	613	34	-115	16	613	34	-115	16	613	34	-115	16	613	34	-115	16	613	34	-115	16	613	34	-115	16	613	34	-115	16	613	34	-115	16	613	34	-115	16	613	34	-115	16	613	34	-115	16	613	34	-115	16	613	34	-115	16	613	34	-115	16	613	34	-115	16	613	34	-115	16	613	34	-115	16	613	34	-115	16	613	34	-115	16	613	34	-115	16	613	34	-115	16	613
35	-13	13	626	35	-13	13	626	35	-13	13	626	35	-13	13	626	35	-13	13	626	35	-13	13	626	35	-13	13	626	35	-13	13	626	35	-13	13	626	35	-13	13	626	35	-13	13	626	35	-13	13	626	35	-13	13	626	35	-13	13	626	35	-13	13	626	35	-13	13	626	35	-13	13	626	35	-13	13	626	35	-13	13	626	35	-13	13	626	35	-13	13	626	35	-13	13	626	35	-13	13	626
36	-13	13	639	36	-13	13	639	36	-13	13	639	36	-13	13	639	36	-13	13	639	36	-13	13	639	36	-13	13	639	36	-13	13	639	36	-13	13	639	36	-13	13	639	36	-13	13	639	36	-13	13	639	36	-13	13	639	36	-13	13	639	36	-13	13	639	36	-13	13	639	36	-13	13	639	36	-13	13	639	36	-13	13	639	36	-13	13	639	36	-13	13	639	36	-13	13	639	36	-13	13	639
37	-118	19	658	37	-118	19	658	37	-118	19	658	37	-118	19	658	37	-118	19	658	37	-118	19	658	37	-118	19	658	37	-118	19	658	37	-118	19	658	37	-118	19	658	37	-118	19	658	37	-118	19	658	37	-118	19	658	37	-118	19	658	37	-118	19	658	37	-118	19	658	37	-118	19	658	37	-118	19	658	37	-118	19	658	37	-118	19	658	37	-118	19	658	37	-118	19	658	37	-118	19	658
38	-15	15	673	38	-15	15	673	38	-15	15	673	38	-15	15	673	38	-15	15	673	38	-15	15	673	38	-15	15	673	38	-15	15	673	38	-15	15	673	38	-15	15	673	38	-15	15	673	38	-15	15	673	38	-15	15	673	38	-15	15	673	38	-15	15	673	38	-15	15	673	38	-15	15	673	38	-15	15	673	38	-15	15	673	38	-15	15	673	38	-15	15	673	38	-15	15	673	38	-15	15	673
39	-15	15	688	39	-15	15	688	39	-15	15	688	39	-15	15	688	39	-15	15	688	39	-15	15	688	39	-15	15	688	39	-15	15	688	39	-15	15	688	39	-15	15	688	39	-15	15	688	39	-15	15	688	39	-15	15	688	39	-15	15	688	39	-15	15	688	39	-15	15	688	39	-15	15	688	39	-15	15	688	39	-15	15	688	39	-15	15	688	39	-15	15	688	39	-15	15	688	39	-15	15	688
40	-13	13	701	40	-13	13	701	40	-13	13	701	40	-13	13	701	40	-13	13	701	40	-13	13	701	40	-13	13	701	40	-13	13	701	40	-13	13	701	40	-13	13	701	40	-13	13	701	40	-13	13	701	40	-13	13	701	40	-13	13	701	40	-13	13	701	40	-13	13	701	40	-13	13	701	40	-13	13	701	40	-13	13	701	40	-13	13	701	40	-13	13	701	40	-13	13	701	40	-13	13	701
41	-13	13	714	41	-13	13	714	41	-13	13	714	41	-13	13	714	41	-13	13	714	41	-13	13	714	41	-13	13	714	41	-13	13	714	41	-13	13	714	41	-13	13	714	41	-13	13	714	41	-13	13	714	41	-13	13	714	41	-13	13	714	41	-13	13	714	41	-13	13	714	41	-13	13	714	41	-13	13	714	41	-13	13	714	41	-13	13	714	41	-13	13	714	41	-13	13	714	41	-13	13	714
42	-15	15	729	42	-15	15	729	42	-15	15	729	42	-15	15	729	42	-15	15	729	42	-15	15	729	42	-15	15	729	42	-15	15	729	42	-15	15	729	42	-15	15	729	42	-15	15	729	42	-15	15	729	42	-15	15	729	42	-15	15	729	42	-15	15	729	42	-15	15	729	42	-15	15	729	42	-15	15	729	42	-15	15	729	42	-15	15	729	42	-15	15	729	42	-15	15	729	42	-15	15	729
43	-13	13	742	43	-13	13	742	43	-13	13	742	43	-13	13	742	43	-13	13	742	43	-13	13	742	43	-13	13	742	43	-13	13	742	43	-13	13	742	43	-13	13	742	43	-13	13	742	43	-13	13	742	43	-13	13	742	43	-13	13	742	43	-13	13	742	43	-13	13	742	43	-13	13	742	43	-13	13	742	43	-13	13	742	43	-13	13	742	43	-13	13	742	43	-13	13	742	43	-13	13	742
44	-230	32	774	44	-230	32	774	44	-230	32	774	44	-230	32	774	44	-230	32	774	44	-230	32	774	44	-230	32	774	44	-230	32	774	44	-230	32	774	44	-230	32	774	44	-230	32	774	44	-230	32	774	44	-230	32	774	44	-230	32	774	44	-230	32	774	44	-230	32	774	44	-230	32	774	44	-230	32	774	44	-230	32	774	44	-230	32	774	44	-230	32	774	44	-230	32	774	44	-230	32	774
45	-120	21	795	45	-120	21	795	45	-120	21	795	45	-120	21	795	45	-120	21	795	45	-120	21	795	45	-120	21	795	45	-120	21	795	45	-120	21	795	45	-120	21	795	45	-120	21	795	45	-120	21	795	45	-120	21	795	45	-120	21	795	45	-120	21	795	45	-120	21	795	45	-120	21	795	45	-120	21	795	45	-120	21	795	45	-120	21	795	45	-120	21	795	45	-120	21	795	45	-120	21	795
46	-228	30	825	46	-228	30	825	46	-228	30	825	46	-228	30	825	46	-228	30	825	46	-228	30	825	46	-228	30	825	46	-228	30	825	46	-228	30	825	46	-228	30	825	46	-228	30	825	46	-228	30	825	46	-228	30	825	46	-228	30	825	46	-228	30	825	46	-228	30	825	46	-228	30	825	46	-228	30	825	46	-228	30	825	46	-228	30	825	46	-228	30	825	46	-228	30	825	46	-228	30	825
47	-223	25	850	47	-223	25	850	47	-223	25	850	47	-223	25	850	47	-223	25	850	47	-223	25	850	47	-223	25	850	47	-223	25	850	47	-223	25	850	47	-223	25	850	47	-223	25	850	47	-223	25	850	47	-223	25	850	47	-223	25	850	47	-223	25	850	47	-223	25	850	47	-223	25	850	47	-223	25	850	47	-223	25	850	47	-223	25	850	47	-223	25	850	47	-223	25	850	47	-223	25	850
48	-13	13	863	48	-13	13	863	48	-13	13	863	48	-13	13	863	48	-13	13	863	48	-13	13	863	48	-13	13	863	48	-13	13	863	48	-13	13	863	48	-13	13	863	48	-13	13	863	48	-13	13	863	48	-13	13	863	48	-13	13	863	48	-13	13	863	48	-13	13	863	48	-13	13	863	48	-13	13	863	48	-13	13	863	48	-13	13	863	48	-13	13	863	48	-13	13	863	48	-13	13	863
49	-115	16	879	49	-115	16	879	49	-115	16	879	49	-115	16	879	49	-115	16	879	49	-115	16	879	49	-115	16	879	49	-115	16	879	49	-115	16	879	49	-115	16	879	49	-115	16	879	49	-115	16	879	49	-115	16	879	49	-115	16	879	49	-115	16	879	49	-115	16	879	49	-115	16	879	49	-115	16	879	49	-115	16	879	49	-115	16	879	49	-115	16	879	49	-115	16	879	49	-115	16	879
50	-13	13	892	50	-13	13	892	50	-13	13	892	50	-13	13	892	50	-13	13	892	50	-13	13	892	50	-13	13	892	50	-13	13	892	50	-13	13	892	50	-13	13	892	50	-13	13	892	50	-13	13	892	50	-13	13	892	50	-13	13	892	50	-13	13	892	50	-13	13	892	50	-13	13	892	50	-13	13	892	50	-13	13	892	50	-13	13	892	50	-13	13	892	50	-13	13	892	50	-13	13	892
51	-15	15	907	51	-15	15	907	51	-15	15	907	51	-15	15	907	51	-15	15	907	51	-15	15	907	51	-15	15	907	51	-15	15	907	51	-15	15	907	51	-15	15	907	51	-15	15	907	51	-15	15	907	51	-15	15	907	51	-15	15	907	51	-15	15	907	51	-15	15	907	51	-15	15	907	51	-15	15	907	51	-15	15	907	51	-15	15	907	51	-15	15	907	51	-15	15	907	51	-15	15	907
52	-19	19	926	52	-19	19	926	52	-19	19	926	52	-19	19	926	52	-19	19	926	52	-19	19	926	52	-19	19	926	52	-19	19	926	52	-19	19	926	52	-19	19	926	52	-19	19	926	52	-19	19	926	52	-19	19	926	52	-19	19	926	52	-19	19	926	52	-19	19	926	52	-19	19	926	52	-19	19	926	52	-19	19	926	52	-19	19	926	52	-19	19	926	52	-19	19	926	52	-19	19	926
53	-14	14	940	53	-14	14	940	53	-14	14	940	53	-14	14	940	53	-14	14	940	53	-14	14	940	53	-14	14	940	53	-14	14	940	53	-14	14	940	53	-14	14	940	53	-14	14	940	53	-14	14	940	53	-14	14	940	53	-14	14	940	53	-14	14	940	53	-14	14	940	53	-14	14	940	53	-14	14	940	53	-14	14	940	53	-14	14	940	53	-14	14	940	53	-14	14	940	53	-14	14	940
54	-121	22	962	54	-121	22	962	54	-121	22	962	54	-121	22	962	54	-121	22	962	54	-121	22	962	54	-121	22	962	54	-121	22	962	54	-121	22	962	54	-121	22	962	54	-121	22	962	54	-121	22	962	54	-121	22	962	54	-121	22	962	54	-121	22	962	54	-121	22	962	54	-121	22	962	54	-121	22	962	54	-121	22	962	54	-121	22	962	54	-121	22	962	54	-121	22	962	54	-121	22	962
55	-13	13	975	55	-13	13	975	55	-13	13	975	55	-13	13	975	55	-13	13	975	55	-13	13	975	55	-13	13	975	55	-13	13	975	55	-13	13	975	55	-13	13	975	55	-13	13	975	55	-13	13	975	55	-13	13	975	55	-13	13	975	55	-13	13	975	55	-13	13	975	55	-13	13	975	55	-13	13	975	55	-13	13	975	55	-13	13	975	55	-13	13	975	55	-13	13	975	55	-13	13	975
56	-15	15	990	56	-15	15	990	56	-15	15	990	56	-15	15	990	56	-15	15	990	56	-15	15	990	56	-15	15	990	56	-15	15	990	56	-15	15	990	56	-15	15	990	56	-15	15	990	56	-15	15	990	56	-15	15	990	56	-15	15	990	56	-15	15	990	56	-15	15	990	56	-15	15	990	56	-15	15	990	56	-15	15	990	56	-15	15	990	56	-15	15	990	56	-15	15	990	56	-15	15	990
57	-222	24	1014	57	-222	24	1014	57	-222	24	1014	57	-222	24	1014	57	-222	24	1014	57	-222	24	1014	57	-222	24	1014	57	-222	24	1014	57	-222	24	1014	57	-222	24	1014	57	-222	24	1014	57	-222	24	1014	57	-222	24	1014	57	-222	24	1014	57	-222	24	1014	57	-222	24	1014	57	-222	24	1014	57	-222	24	1014	57	-222	24	1014	57	-222	24	1014	57	-222	24	1014	57	-222	24	1014	57	-222	24	1014
58	-13	13	1027	58	-13	13	1027	58	-13	13	1027	58	-13	13	1027	58	-13	13	1027	58	-13	13	1027	58	-13	13	1027	58	-13	13	1027	58	-13	13	1027	58	-13	13	1027	58	-13	13	1027	58	-13	13	1027	58	-13	13	1027	58	-13	13	1027	58	-13	13	1027	58	-13	13	1027	58	-13	13	1027	58	-13	13	1027	58	-13	13	1027	58	-13	13	1027	58	-13	13	1027	58	-13	13	1027	58	-13	13	1027
59	-13	13	1040	59	-13	13	1040	59	-13	13	1040	59	-13	13	1040	59	-13	13	1040	59	-13	13	1040	59	-13	13	1040	59	-13	13	1040	59	-13	13	1040	59	-13	13	1040	59	-13	13	1040	59	-13	13	1040	59	-13	13	1040	59	-13	13	1040	59	-13	13	1040	59	-13	13	1040	59	-13	13	1040	59	-13	13	1040	59	-13	13	1040	59	-13	13	1040	59	-13	13	1040	59	-13	13	1040	59	-13	13	1040
60	-13	13	1053	60	-13	13	1053	60	-13	13	1053	60	-13	13	1053	60	-13	13	1053	60	-13	13	1053	60	-13	13	1053	60	-13	13	1053	60	-13	13	1053	60	-13	13	1053	60	-13	13	1053	60	-13	13	1053	60	-13	13	1053	60	-13	13	1053	60	-13	13	1053	60	-13	13	1053	60	-13	13	1053	60	-13	13	1053	60	-13	13	1053	60	-13	13	1053	60	-13	13	1053	60	-13	13	1053	60	-13	13	1053
61	-115	16	1069	61	-115	16	1069	61	-115	16	1069	61	-115	16	1069	61	-115	16	1069	61	-115	16	1069	61	-115	16	1069	61	-115	16	1069	61	-115	16	1069	61	-115	16	1069	61	-115	16	1069	61	-115	16	1069	61	-115	16	1069	61	-115	16	1069	61	-115	16	1069	61	-115	16	1069	61	-115	16	1069	61	-115	16	1069	61	-115	16	1069	61	-115	16	1069	61	-115	16	1069	61	-115	16	1069	61	-115	16	1069
62	-13	13	1082	62	-13	13	1082	62	-13	13	1082	62	-13	13	1082	62	-13	13	1082	62	-13	13	1082	62	-13	13	1082	62	-13	13	1082	62	-13	13	1082	62	-13	13	1082	62	-13	13	1082	62	-13	13	1082	62	-13	13	1082	62	-13	13	1082	62	-13	13	1082	62	-13	13	1082	62	-13	13	1082	62	-13	13	1082	62	-13	13	1082	62	-13	13	1082	62	-13	13	1082	62	-13	13	1082	62	-13	13	1082
63	-17	17	1099	63	-17	17	1099	63	-17	17	1099	63	-17	17	1099	63	-17	17	1099	63	-17	17	1099	63	-17	17	1099	63	-17	17	1099	63	-17	17	1099	63	-17	17	1099	63	-17	17	1099	63	-17	17	1099	63	-17	17	1099	63	-17	17	1099	63	-17	17	1099	63	-17	17	1099	63	-17	17	1099	63	-17	17	1099	63	-17	17	1099	63	-17	17	1099	63	-17	17	1099	63	-17	17	1099	63	-17	17	1099
64	-18	18	1117	64	-18	18	1117	64	-18	18	1117	64	-18	18	1117	64	-18	18	1117	64	-18	18	1117	64	-18	18	1117	64	-18	18	1117	64	-18	18	1117	64	-18	18	1117	64	-18	18	1117	64	-18	18	1117	64	-18	18	1117	64	-18	18	1117	64	-18	18	1117	64	-18	18	1117	64	-18	18	1117	64	-18	18	1117	64	-18	18	1117	64	-18	18	1117	64	-18	18	1117	64	-18	18	1117	64	-18	18	1117
65	-13	13	1130	65	-13	13	1130	65	-13	13	1130	65	-13	13	1130	65	-13	13	1130	65	-13	13	1130	65	-13	13	1130	65	-13	13	1130	65	-13	13	1130	65	-13	13	1130	65	-13	13	1130	65	-13	13	1130	65	-13	13	1130	65	-13	13	1130	65	-13	13	1130	65	-13	13	1130	65	-13	13	1130	65	-13	13	1130	65	-13	13	1130	65	-13	13	1130	65	-13	13	1130	65	-13	13	1130	65	-13	13	1130
66	-125	26	1156	66	-125	26	1156	66	-125	26	1156	66	-125	26	1156	66	-125	26	1156	66	-125	26	1156	66	-125	26	1156	66	-125	26	1156	66	-125	26	1156	66	-125	26	1156	66	-125	26	1156	66	-125	26	1156	66	-125	26	1156	66	-125	26	1156	66	-125	26	1156	66	-125	26	1156	66	-125	26	1156	66	-125	26	1156	66	-125	26	1156	66	-125	26	1156	66	-125	26	1156	66	-125	26	1156	66	-125	26	1156
67	-127	28	1184	67	-127	28	1184	67	-127	28	1184	67	-127	28	1184	67	-127	28	1184	67	-127	28	1184	67	-127	28	1184	67	-127	28	1184	67	-127	28	1184	67	-127	28	1184	67	-127	28	1184	67	-127	28	1184	67	-127	28	1184	67	-127	28	1184	67	-127	28	1184	67	-127	28	1184	67	-127	28	1184	67	-127	28	1184	67	-127	28	1184	67	-127	28	1184	67	-127	28	1184	67	-127	28	1184	67	-127	28	1184
68	-15	15	1199	68	-15	15	1199	68	-15	15	1199	68	-15	15	1199	68	-15	15	1199	68	-15	15	1199	68	-15	15	1199	68	-15	15	1199	68	-15	15	1199	68	-15	15	1199	68	-15	15	1199	68	-15	15	1199	68	-15	15	1199	68	-15	15	1199	68	-15	15	1199	68	-15	15	1199	68	-15	15	1199	68	-15	15	1199	68	-15	15	1199	68	-15	15	1199	68	-15	15	1199	68	-15	15	1199	68	-15	15	1199
69	-16	16	1215	69	-16	16	1215	69	-16	16	1215	69	-16	16	1215	69	-16	16	1215	69	-16	16	1215	69	-16	16	1215	69	-16	16	1215	69	-16	16	1215	69	-16	16	1215	69	-16	16	1215	69	-16	16	1215	69	-16	16	1215	69	-16	16	1215	69	-16	16	1215	69	-16	16	1215	69	-16	16	1215	69	-16	16	1215	69	-16	16	1215	69	-16	16	1215	69	-16	16	1215	69	-16	16	1215	69	-16	16	1215
70	-14	14	1229	70	-14	14	1229	70	-14	14	1229	70	-14	14	1229	70	-14	14	1229	70	-14	14	1229	70	-14	14	1229	70	-14	14	1229	70	-14	14	1229	70	-14	14	1229	70	-14	14	1229	70	-14	14	1229	70	-14	14	1229	70	-14	14	1229	70	-14	14	1229	70	-14	14	1229	70	-14	14	1229	70	-14	14	1229	70	-14	14	1229	70	-14	14	1229	70	-14	14	1229	70	-14	14	1229	70	-14	14	1229
71	-16	16	1245	71	-16	16	1245	71	-16	16	1245	71	-16	16	1245	71	-16	16	1245	71	-16	16	1245	71	-16	16	1245	71	-16	16	1245	71	-16	16	1245	71	-16	16	1245	71	-16	16	1245	71	-16	16	1245	71	-16	16	1245	71	-16	16	1245	71	-16	16	1245	71	-16	16	1245	71	-16	16	1245	71	-16	16	1245	71	-16	16	1245	71	-16	16	1245	71	-16	16	1245	71	-16	16	1245	71	-16	16	1245
72	-116	17	1262	72	-116	17	1262	72	-116	17	1262	72	-116	17	1262	72	-116	17	1262	72	-116	17	1262	72	-116	17	1262	72	-116	17	1262	72	-116	17	1262	72	-116	17	1262	72	-116	17	1262	72	-116	17	1262	72	-116	17	1262	72	-116	17	1262	72	-116	17	1262	72	-116	17	1262	72	-116	17	1262	72	-116	17	1262	72	-116	17	1262	72	-116	17	1262	72	-116	17	1262	72	-116	17	1262	72	-116	17	1262
73	-17	17	1279	73	-17	17	1279	73	-17	17	1279	73	-17	17	1279	73	-17	17	1279	73	-17	17	1279	73	-17	17	1279	73	-17	17	1279	73	-17	17	1279	73	-17	17	1279	73	-17	17	1279	73	-17	17	1279	73	-17	17	1279	73	-17	17	1279	73	-17	17	1279	73	-17	17	1279	73	-17	17	1279	73	-17	17	1279	73	-17	17	1279	73	-17	17	1279	73	-17	17	1279	73	-17	17	1279	73	-17	17	1279
74	-13	13	1292	74	-13	13	1292	74	-13	13	1292	74	-13	13	1292	74	-13	13	1292	74	-13	13	1292	74	-13	13	1292	74	-13	13	1292	74	-13	13	1292	74	-13	13	1292	74	-13	13	1292	74	-13	13	1292	74	-13	13	1292	74	-13	13	1292	74	-13	13	1292	74	-13	13	1292	74	-13	13	1292	74	-13	13	1292	74	-13	13	1292	74	-13	13	1292	74	-13	13	1292	74	-13	13	1292	74	-13	13	1292
75	-119	20	1312	75	-119	20	1312	75	-119	20	1312	75	-119	20	1312	75	-119	20	1312	75	-119	20	1312	75	-119	20	1312	75	-119	20	1312	75	-119	20	1312	75	-119	20	1312	75	-119	20	1312	75	-119	20	1312	75	-119	20	1312	75	-119	20	1312	75	-119	20	1312	75	-119	20	1312	75	-119	20	1312	75	-119	20	1312	75	-119	20	1312	75	-119	20	1312	75	-119	20	1312	75	-119	20	1312	75	-119	20	1312
76	-13	13	1325	76	-13	13	1325	76	-13	13	1325	76	-13	13	1325	76	-13	13	1325	76	-13	13	1325	76	-13	13	1325	76	-13	13	1325	76	-13	13	1325	76	-13	13	1325	76	-13	13	1325	76	-13	13	1325	76	-13	13	1325	76	-13	13	1325	76	-13	13	1325	76	-13	13	1325	76	-13	13	1325	76	-13	13	1325	76	-13	13	1325	76	-13	13	1325	76	-13	13	1325	76	-13	13	1325	76	-13	13	1325
77	-13	13	1338	77	-13	13	1338	77	-13	13	1338	77	-13	13	1338	77	-13	13	1338	77	-13	13	1338	77	-13	13	1338	77	-13	13	1338	77	-13	13	1338	77	-13	13	1338	77	-13	13	1338	77	-13	13	1338	77	-13	13	1338	77	-13	13	1338	77	-13	13	1338	77	-13	13	1338	77	-13	13	1338	77	-13	13	1338	77	-13	13	1338	77	-13	13	1338	77	-13	13	1338	77	-13	13	1338	77	-13	13	1338
78	-15	15	1353	78	-15	15	1353	78	-15	15	1353	78	-15	15	1353	78	-15	15	1353	78	-15	15	1353	78	-15	15	1353	78	-15	15	1353	78	-15	15	1353	78	-15	15	1353	78	-15	15	1353	78	-15	15	1353	78	-15	15	1353	78	-15	15	1353	78	-15	15	1353	78	-15	15	1353	78	-15	15	1353	78	-15	15	1353	78	-15	15	1353	78	-15	15	1353	78	-15	15	1353	78	-15	15	1353	78	-15	15	1353
79	-13	13	1366	79	-13	13	1366	79	-13	13	1366	79	-13	13	1366	79	-13	13	1366	79	-13	13	1366	79	-13	13	1366	79	-13	13	1366	79	-13	13	1366	79	-13	13	1366	79	-13	13	1366	79	-13	13	1366	79	-13	13	1366	79	-13	13	1366	79	-13	13	1366	79	-13	13	1366	79	-13	13	1366	79	-13	13	1366	79	-13	13	1366	79	-13	13	1366	79	-13	13	1366	79	-13	13	1366	79	-13	13	1366
80	-120	21	1387	80	-120	21	1387	80	-120	21	1387	80	-120	21	1387	80	-120	21	1387	80	-120	21	1387	80	-120	21	1387	80	-120	21	1387	80	-120	21	1387	80	-120	21	1387	80	-120	21	1387	80	-120	21	1387	80	-120	21	1387	80	-120	21	1387	80	-120	21	1387	80	-120	21	1387	80	-120	21	1387	80	-120	21	1387	80	-120	21	1387	80	-120	21	1387	80	-120	21	1387	80	-120	21	1387	80	-120	21	1387
81	-13	13	1400	81	-13	13	1400	81	-13	13	1400	81	-13	13	1400	81	-13	13	1400	81	-13	13	1400	81	-13	13	1400	81	-13	13	1400	81	-13	13	1400	81	-13	13	1400	81	-13	13	1400	81	-13	13	1400	81	-13	13	1400	81	-13	13	1400	81	-13	13	1400	81	-13	13	1400	81	-13	13	1400	81	-13	13	1400	81	-13	13	1400	81	-13	13	1400	81	-13	13	1400	81	-13	13	1400	81	-13	13	1400
82	-15	15	1415	82	-15	15	1415	82	-15	15	1415	82	-15	15	1415	82	-15	15	1415	82	-15	15	1415	82	-15	15	1415	82	-15	15	1415	82	-15	15	1415	82	-15	15	1415	82	-15	15	1415	82	-15	15	1415	82	-15	15	1415	82	-15	15	1415	82	-15	15	1415	82	-15	15	1415	82	-15	15	1415	82	-15	15	1415	82	-15	15	1415	82	-15	15	1415	82	-15	15	1415	82	-15	15	1415	82	-15	15	1415
83	-13	13	1428	83	-13	13	1428	83	-13	13	1428	83	-13	13	1428	83	-13	13	1428	83	-13	13	1428	83	-13	13	1428	83	-13	13	1428	83	-13	13	1428	83	-13	13	1428	83	-13	13	1428	83	-13	13	1428	83	-13	13	1428	83	-13	13	1428	83	-13	13	1428	83	-13	13	1428	83	-13	13	1428	83	-13	13	1428	83	-13	13	1428	83	-13	13	1428	83	-13	13	1428	83	-13	13	1428	83	-13	13	1428
84	-13	13	1441	84	-13	13	1441	84	-13	13	1441	84	-13	13	1441	84	-13	13	1441	84	-13	13	1441	84	-13	13	1441	84	-13	13	1441	84	-13	13	1441	84	-13	13	1441	84	-13	13	1441	84	-13	13	1441	84	-13	13	1441	84	-13	13	1441	84	-13	13	1441	84	-13	13	1441	84	-13	13	1441	84	-13	13	1441	84	-13	13	1441	84	-13	13	1441	84	-13	13	1441	84	-13	13	1441	84	-13	13	1441
85	-14	14	1455	85	-14	14	1455	85	-14	14	1455	85	-14	14	1455	85	-14	14	1455	85	-14	14	1455	85	-14	14	1455	85	-14	14	1455	85	-14	14	1455	85	-14	14	1455	85	-14	14	1455	85	-14	14	1455	85	-14	14	1455	85	-14	14	1455	85	-14	14	1455	85	-14	14	1455	85	-14	14	1455	85	-14	14	1455	85	-14	14	1455	85	-14	14	1455	85	-14	14	1455	85	-14	14	1455	85	-14	14	1455
86	-13	13	1468	86	-13	13	1468	86	-13	13	1468	86	-13	13	1468	86	-13	13	1468	86	-13	13	1468	86	-13	13	1468	86	-13	13	1468	86	-13	13	1468	86	-13	13	1468	86	-13	13	1468	86	-13	13	1468	86	-13	13	1468	86	-13	13	1468	86	-13	13	1468	86	-13	13	1468	86	-13	13	1468	86	-13	13	1468	86	-13	13	1468	86	-13	13	1468	86	-13	13	1468	86	-13	13	1468	86	-13	13	1468
87	-17	17	1485	87	-17	17	1485	87	-17	17	1485	87	-17	17	1485	87	-17	17	1485	87	-17	17	1485	87	-17	17	1485	87	-17	17	1485	87	-17	17	1485	87	-17	17	1485	87	-17	17	1485	87	-17	17	1485	87	-17	17	1485	87	-17	17	1485	87	-17	17	1485	87	-17	17	1485	87	-17	17	1485	87	-17	17	1485	87	-17	17	1485	87	-17	17	1485	87	-17	17	1485	87	-17	17	1485	87	-17	17	1485
88	-230	32	1517	88	-230	32	1517	88	-230	32	1517	88	-230	32	1517	88	-230	32	1517	88	-230	32	1517	88	-230	32	1517	88	-230	32	1517	88	-230	32	1517	88	-230	32	1517	88	-230	32	1517	88	-230	32	1517	88	-230	32	1517	88	-230	32	1517	88	-230	32	1517	88	-230	32	1517	88	-230	32	1517	88	-230	32	1517	88	-230	32	1517	88	-230	32	1517	88	-230	32	1517	88	-230	32	1517	88	-230	32	1517
89	-13	13	1530	89	-13	13	1530	89	-13	13	1530	89	-13	13	1530	89	-13	13	1530	89	-13	13	1530	89	-13	13	1530	89	-13	13	1530	89	-13	13	1530	89	-13	13	1530	89	-13	13	1530	89	-13	13	1530	89	-13	13	1530	89	-13	13	1530	89	-13	13	1530	89	-13	13	1530	89	-13	13	1530	89	-13	13	1530	89	-13	13	1530	89	-13	13	1530	89	-13	13	1530	89	-13	13	1530	89	-13	13	1530
90	-13	13	1543	90	-13	13	1543	90	-13	13	1543	90	-13	13	1543	90	-13	13	1543	90	-13	13	1543	90	-13	13	1543	90	-13	13	1543	90	-13	13	1543	90	-13	13	1543	90	-13	13	1543	90	-13	13	1543	90	-13	13	1543	90	-13	13	1543	90	-13	13	1543	90	-13	13	1543	90	-13	13	1543	90	-13	13	1543	90	-13	13	1543	90	-13	13	1543	90	-13	13	1543	90	-13	13	1543	90	-13	13	1543
91	-223	25	1568	91	-223	25	1568	91	-223	25	1568	91	-223	25	1568	91	-223	25	1568	91	-223	25	1568	91	-223	25	1568	91	-223	25	1568	91	-223	25	1568	91	-223	25	1568	91	-223	25	1568	91	-223	25	1568	91	-223	25	1568	91	-223	25	1568	91	-223	25	1568	91	-223	25	1568	91	-223	25	1568	91	-223	25	1568	91	-223	25	1568	91	-223	25	1568	91	-223	25	1568	91	-223	25	1568	91	-223	25	1568
92	-17	17	1585	92	-17	17	1585	92	-17	17	1585	92	-17	17	1585	92	-17	17	1585	92	-17	17	1585	92	-17	17	1585	92	-17	17	1585	92	-17	17	1585	92	-17	17	1585	92	-17	17	1585	92	-17	17	1585	92	-17	17	1585	92	-17	17	1585	92	-17	17	1585	92	-17	17	1585	92	-17	17	1585	92	-17	17	1585	92	-17	17	1585	92	-17	17	1585	92	-17	17	1585	92	-17	17	1585	92	-17	17	1585
93	-113	14	1599	93	-113	14	1599	93	-113	14	1599	93	-113	14	1599	93	-113	14	1599	93	-113	14	1599	93	-113	14	1599	93	-113	14	1599	93	-113	14	1599	93	-113	14	1599	93	-113	14	1599	93	-113	14	1599	93	-113	14	1599	93	-113	14	1599	93	-113	14	1599	93	-113	14	1599	93	-113	14	1599	93	-113	14	1599	93	-113	14	1599	93	-113	14	1599	93	-113	14	1599	93	-113	14	1599	93	-113	14	1599
94	-15	15	1614	94	-15	15	1614	94	-15	15	1614	94	-15	15	1614	94	-15	15	1614	94	-15	15	1614	94	-15	15	1614	94	-15	15	1614	94	-15	15	1614	94	-15	15	1614	94	-15	15	1614	94	-15	15	1614	94	-15	15	1614	94	-15	15	1614	94	-15	15	1614	94	-15	15	1614	94	-15	15	1614	94	-15	15	1614	94	-15	15	1614	94	-15	15	1614	94	-15	15	1614	94	-15	15	1614	94	-15	15	1614
95	-20	20	1634	95	-20	20	1634	95	-20	20	1634	95	-20	20	1634	95	-20	20	1634	95	-20	20	1634	95	-20	20	1634	95	-20	20	1634	95	-20	20	1634	95	-20	20	1634	95	-20	20	1634	95	-20	20	1634	95	-20	20	1634	95	-20	20	1634	95	-20	20	1634	95	-20	20	1634	95	-20	20	1634	95	-20	20	1634	95	-20	20	1634	95	-20	20	1634	95	-20	20	1634	95	-20	20	1634	95	-20	20	1634
96	-335	38	1672	96	-335	38	1672	96	-335	38	1672	96	-335	38	1672	96	-335	38	1672	96	-335	38	1672	96	-335	38	1672	96	-335	38	1672	96	-335	38	1672	96	-335	38	1672	96	-335	38	1672	96	-335	38	1672	96	-335	38	1672	96	-335	38	1672	96	-335	38	1672	96	-335	38	1672	96	-335	38	1672	96	-335	38	1672	96	-335	38	1672	96	-335	38	1672	96	-335	38	1672	96	-335	38	1672	96	-335	38	1672
97	-125	26	1698	97	-125	26	1698	97	-125	26	1698	97	-125	26	1698	97	-125	26	1698	97	-125	26	1698	97	-125	26	1698	97	-125	26	1698	97	-125	26	1698	97	-125	26	1698	97	-125	26	1698	97	-125	26	1698	97	-125	26	1698	97	-125	26	1698	97	-125	26	1698	97	-125	26	1698	97	-125	26	1698	97	-125	26	1698	97	-125	26	1698	97	-125	26	1698	97	-125	26	1698	97	-125	26	1698	97	-125	26	1698
98	-14	14	1712	98	-14	14	1712	98	-14	14	1712	98	-14	14	1712	98	-14	14	1712	98	-14	14	1712	98	-14	14	1712	98	-14	14	1712	98	-14	14	1712	98	-14	14	1712	98	-14	14	1712	98	-14	14	1712	98	-14	14	1712	98	-14	14	1712	98	-14	14	1712	98	-14	14	1712	98	-14	14	1712	98	-14	14	1712	98	-14	14	1712	98	-14	14	1712	98	-14	14	1712	98	-14	14	1712	98	-14	14	1712
99	-21	21	1733	99	-21	21	1733	99	-21	21	1733	99	-21	21	1733	99	-21	21	1733	99	-21	21	1733	99	-21	21	1733	99	-21	21	1733	99	-21	21	1733	99	-21	21	1733	99	-21	21	1733	99	-21	21	1733	99	-21	21	1733	99	-21	21	1733	99	-21	21	1733	99	-21	21	1733	99	-21	21	1733	99	-21	21	1733	99	-21	21	1733	99	-21	21	1733	99	-21	21	1733	99	-21	21	1733	99	-21	21	1733
100	-13	13	1746	100	-13	13	1746	100	-13	13	1746	100	-13	13	1746	100	-13	13	1746	100	-13	13	1746	100	-13	13	1746	100	-13	13	1746	100	-13	13	1746	100	-13	13	1746	100	-13	13	1746	100	-13	13	1746	100	-13	13	1746	100	-13	13	1746	100	-13	13	1746	100	-13	13	1746	100	-13	13	1746	100	-13	13	1746	100	-13	13	1746	100	-13	13	1746	100	-13	13	1746	100	-13	13	1746	100	-13	13	1746
101	-117	18	1764	101	-117	18	1764	101	-117	18	1764	101	-117	18	1764	101	-117	18	1764	101	-117	18	1764	101	-117	18	1764	101	-117	18	1764	101	-117	18	1764	101	-117	18	1764	101	-117	18	1764	101	-117	18	1764	101	-117	18	1764	101	-117	18	1764	101	-117	18	1764	101	-117	18	1764	101	-117	18	1764	101	-117	18	1764	101	-117	18	1764	101	-117	18	1764	101	-117	18	1764	101	-117	18	1764	101	-117	18	1764
102	-15	15	1779	102	-15	15	1779	102	-15	15	1779	102	-15	15	1779	102	-15	15	1779	102	-15	15	1779	102	-15	15	1779	102	-15	15	1779	102	-15	15	1779	102	-15	15	1779	102	-15	15	1779	102	-15	15	1779	102	-15	15	1779	102	-15	15	1779	102	-15	15	1779	102	-15	15	1779	102	-15	15	1779	102	-15	15	1779	102	-15	15	1779	102	-15	15	1779	102	-15	15	1779	102	-15	15	1779	102	-15	15	1779
103	-120	21	1800	103	-120	21	1800	103	-120	21	1800	103	-120	21	1800	103	-120	21	1800	103	-120	21	1800	103	-120	21	1800	103	-120	21	1800	103	-120	21	1800	103	-120	21	1800	103	-120	21	1800	103	-120	21	1800	103	-120	21	1800	103	-120	21	1800	103	-120	21	1800	103	-120	21	1800	103	-120	21	1800	103	-120	21	1800	103	-120	21	1800	103	-120	21	1800	103	-120	21	1800	103	-120	21	1800	103	-120	21	1800
104	-17	17	1817	104	-17	17	1817	104	-17	17	1817	104	-17	17	1817	104	-17	17	1817	104	-17	17	1817	104	-17	17	1817	104	-17	17	1817	104	-17	17	1817	104	-17	17	1817	104	-17	17	1817	104	-17	17	1817	104	-17	17	1817	104	-17	17	1817	104	-17	17	1817	104	-17	17	1817	104	-17	17	1817	104	-17	17	1817	104	-17	17	1817	104	-17	17	1817	104	-17	17	1817	104	-17	17	1817	104	-17	17	1817
105	-13	13	1830	105	-13	13	1830	105	-13	13	1830	105	-13	13	1830	105	-13	13	1830	105	-13	13	1830	105	-13	13	1830	105	-13	13	1830	105	-13	13	1830	105	-13	13	1830	105	-13	13	1830	105	-13	13	1830	105	-13	13	1830	105	-13	13	1830	105	-13	13	1830	105	-13	13	1830	105	-13	13	1830	105	-13	13	1830	105	-13	13	1830	105	-13	13	1830	105	-13	13	1830	105	-13	13	1830	105	-13	13	1830
106	-117	18	1848	106	-117	18	1848	106	-117	18	1848	106	-117	18	1848	106	-117	18	1848	106	-117	18	1848	106	-117	18	1848	106	-117	18	1848	106	-117	18	1848	106	-117	18	1848	106	-117	18	1848	106	-117	18	1848	106	-117	18	1848	106	-117	18	1848	106	-117	18	1848	106	-117	18	1848	106	-117	18	1848	106	-117	18	1848	106	-117	18	1848	106	-117	18	1848	106	-117	18	1848	106	-117	18	1848	106	-117	18	1848
107	-15	15	1863	107	-15	15	1863	107	-15	15	1863	107	-15	15	1863	107	-15	15	1863	107	-15	15	1863	107	-15	15	1863	107	-15	15	1863	107	-15	15	1863	107	-15	15	1863	107	-15	15	1863	107	-15	15	1863	107	-15	15	1863	107	-15	15	1863	107	-15	15	1863	107	-15	15	1863	107	-15	15	1863	107	-15	15	1863	107	-15	15	1863	107	-15	15	1863	107	-15	15	1863	107	-15	15	1863	107	-15	15	1863
108	-13	13	1876	108	-13	13	1876	108	-13	13	1876	108	-13	13	1876	108	-13	13	1876	108	-13	13	1876	108	-13	13	1876	108	-13	13	1876	108	-13	13	1876	108	-13	13	1876	108	-13	13	1876	108	-13	13	1876	108	-13	13	1876	108	-13	13	1876	108	-13	13	1876	108	-13	13	1876	108	-13	13	1876	108	-13	13	1876	108	-13	13	1876	108	-13	13	1876	108	-13	13	1876	108	-13	13	1876	108	-13	13	1876
109	-122	23	1899	109	-122	23	1899	109	-122	23	1899	109	-122	23	1899	109	-122	23	1899	109	-122	23	1899	109	-122	23	1899	109	-122	23	1899	109	-122	23	1899	109	-122	23	1899	109	-122	23	1899	109	-122	23	1899	109	-122	23	1899	109	-122	23	1899	109	-122	23	1899	109	-122	23	1899	109	-122	23	1899	109	-122	23	1899	109	-122	23	1899	109	-122	23	1899	109	-122	23	1899	109	-122	23	1899	109	-122	23	1899
110	-13	13	1912	110	-13	13	1912	110	-13	13	1912	110	-13	13	1912	110	-13	13	1912	110	-13	13	1912	110	-13	13	1912	110	-13	13	1912	110	-13	13	1912	110	-13	13	1912	110	-13	13	1912	110	-13	13	1912	110	-13	13	1912	110	-13	13	1912	110	-13	13	1912	110	-13	13	1912	110	-13	13	1912	110	-13	13	1912	110	-13	13	1912	110	-13	13	1912	110	-13	13	1912	110	-13	13	1912	110	-13	13	1912
111	-13	13	1925	111	-13	13	1925	111	-13	13	1925	111	-13	13	1925	111	-13	13	1925	111	-13	13	1925	111	-13	13	1925	111	-13	13	1925	111	-13	13	1925	111	-13	13	1925	111	-13	13	1925	111	-13	13	1925	111	-13	13	1925	111	-13	13	1925	111	-13	13	1925	111	-13	13	1925	111	-13	13	1925	111	-13	13	1925	111	-13	13	1925	111	-13	13	1925	111	-13	13	1925	111	-13	13	1925	111	-13	13	1925
112	-120	21	1946	112	-120	21	1946	112	-120	21	1946	112	-120	21	1946	112	-120	21	1946	112	-120	21	1946	112	-120	21	1946	112	-120	21	1946	112	-120	21	1946	112	-120	21	1946	112	-120	21	1946	112	-120	21	1946	112	-120	21	1946	112	-120	21	1946	112	-120	21	1946	112	-120	21	1946	112	-120	21	1946	112	-120	21	1946	112	-120	21	1946	112	-120	21	1946	112	-120	21	1946	112	-120	21	1946	112	-120	21	1946
113	-17	17	1963	113	-17	17	1963	113	-17	17	1963	113	-17	17	1963	113	-17	17	1963	113	-17	17	1963	113	-17	17	1963	113	-17	17	1963	113	-17	17	1963	113	-17	17	1963	113	-17	17	1963	113	-17	17	1963	113	-17	17	1963	113	-17	17	1963	113	-17	17	1963	113	-17	17	1963	113	-17	17	1963	113	-17	17	1963	113	-17	17	1963	113	-17	17	1963	113	-17	17	1963	113	-17	17	1963	113	-17	17	1963
114	-15	15	1978	114	-15	15	1978	114	-15	15	1978	114	-15	15	1978	114	-15	15	1978	114	-15	15	1978	114	-15	15	1978	114	-15	15	1978	114	-15	15	1978	114	-15	15	1978	114	-15	15	1978	114	-15	15	1978	114	-15	15	1978	114	-15	15	1978	114	-15	15	1978	114	-15	15	1978	114	-15	15	1978	114	-15	15	1978	114	-15	15	1978	114	-15	15	1978	114	-15	15	1978	114	-15	15	1978	114	-15	15	1978
115	-118	19	1997	115	-118	19	1997	115	-118	19	1997	115	-118	19	1997	115	-118	19	1997	115	-118	19	1997	115	-118	19	1997	115	-118	19	1997	115	-118	19	1997	115	-118	19	1997	115	-118	19	1997	115	-118	19	1997	115	-118	19	1997	115	-118	19	1997	115	-118	19	1997	115	-118	19	1997	115	-118	19	1997	115	-118	19	1997	115	-118	19	1997	115	-118	19	1997	115	-118	19	1997	115	-118	19	1997	115	-118	19	1997
116	-126	27	2024	116	-126	27	2024	116	-126	27	2024	116	-126	27	2024	116	-126	27	2024	116	-126	27	2024	116	-126	27	2024	116	-126	27	2024	116	-126	27	2024	116	-126	27	2024	116	-126	27	2024	116	-126	27	2024	116	-126	27	2024	116	-126	27	2024	116	-126	27	2024	116	-126	27	2024	116	-126	27	2024	116	-126	27	2024	116	-126	27	2024	116	-126	27	2024	116	-126	27	2024	116	-126	27	2024	116	-126	27	2024
117	-113	14	2038	117	-113	14	2038	117	-113	14	2038	117	-113	14	2038	117	-113	14	2038	117	-113	14	2038	117	-113	14	2038	117	-113	14	2038	117	-113	14	2038	117	-113	14	2038	117	-113	14	2038	117	-113	14	2038	117	-113	14	2038	117	-113	14	2038	117	-113	14	2038	117	-113	14	2038	117	-113	14	2038	117	-113	14	2038	117	-113	14	2038	117	-113	14	2038	117	-113	14	2038	117	-113	14	2038	117	-113	14	2038
118	-14	14	2052	118	-14	14	2052	118	-14	14	2052	118	-14	14	2052	118	-14	14	2052	118	-14	14	2052	118	-14	14	2052	118	-14	14	2052	118	-14	14	2052	118	-14	14	2052	118	-14	14	2052	118	-14	14	2052	118	-14	14	2052	118	-14	14	2052	118	-14	14	2052	118	-14	14	2052	118	-14	14	2052	118	-14	14	2052	118	-14	14	2052	118	-14	14	2052	118	-14	14	2052	118	-14	14	2052	118	-14	14	2052
119	-15	15	2067	119	-15	15	2067	119	-15	15	2067	119	-15	15	2067	119	-15	15	2067	119	-15	15	2067	119	-15	15	2067	119	-15	15	2067	119	-15	15	2067	119	-15	15	2067	119	-15	15	2067	119	-15	15	2067	119	-15	15	2067	119	-15	15	2067	119	-15	15	2067	119	-15	15	2067	119	-15	15	2067	119	-15	15	2067	119	-15	15	2067	119	-15	15	2067	119	-15	15	2067	119	-15	15	2067	119	-15	15	2067
120	-13	13	2080	120	-13	13	2080	120	-13	13	2080	120	-13	13	2080	120	-13	13	2080	120	-13	13	2080	120	-13	13	2080	120	-13	13	2080	120	-13	13	2080	120	-13	13	2080	120	-13	13	2080	120	-13	13	2080	120	-13	13	2080	120	-13	13	2080	120	-13	13	2080	120	-13	13	2080	120	-13	13	2080	120	-13	13	2080	120	-13	13	2080	120	-13	13	2080	120	-13	13	2080	120	-13	13	2080	120	-13	13	2080
121	-13	13	2093	121	-13	13	2093	121	-13	13	2093	121	-13	13	2093	121	-13	13	2093	121	-13	13	2093	121	-13	13	2093	121	-13	13	2093	121	-13	13	2093	121	-13	13	2093	121	-13	13	2093	121	-13	13	2093	121	-13	13	2093	121	-13	13	2093	121	-13	13	2093	121	-13	13	2093	121	-13	13	2093	121	-13	13	2093	121	-13	13	2093	121	-13	13	2093	121	-13	13	2093	121	-13	13	2093	121	-13	13	2093
122	-13	13	2106	122	-13	13	2106	122	-13	13	2106	122	-13	13	2106	122	-13	13	2106	122	-13	13	2106	122	-13	13	2106	122	-13	13	2106	122	-13	13	2106	122	-13	13	2106	122	-13	13	2106	122	-13	13	2106	122	-13	13	2106	122	-13	13	2106	122	-13	13	2106	122	-13	13	2106	122	-13	13	2106	122	-13	13	2106	122	-13	13	2106	122	-13	13	2106	122	-13	13	2106	122	-13	13	2106	122	-13	13	2106
123	-14	14	2120	123	-14	14	2120	123	-14	14	2120	123	-14	14	2120	123	-14	14	2120	123	-14	14	2120	123	-14	14	2120	123	-14	14	2120	123	-14	14	2120	123	-14	14	2120	123	-14	14	2120	123	-14	14	2120	123	-14	14	2120	123	-14	14	2120	123	-14	14	2120	123	-14	14	2120	123	-14	14	2120	123	-14	14	2120	123	-14	14	2120	123	-14	14	2120	123	-14	14	2120	123	-14	14	2120	123	-14	14	2120
124	-13	13	2133	124	-13	13	2133	124	-13	13	2133	124	-13	13	2133	124	-13	13	2133	124	-13	13	2133	124	-13	13	2133	124	-13	13	2133	124	-13	13	2133	124	-13	13	2133	124	-13	13	2133	124	-13	13	2133	124	-13	13	2133	124	-13	13	2133	124	-13	13	2133	124	-13	13	2133	124	-13	13	2133	124	-13	13	2133	124	-13	13	2133	124	-13	13	2133	124	-13	13	2133	124	-13	13	2133	124	-13	13	2133
125	-15	15	2148	125	-15	15	2148	125	-15	15	2148	125	-15	15	2148	125	-15	15	2148	125	-15	15	2148	125	-15	15	2148	125	-15	15	2148	125	-15	15	2148	125	-15	15	2148	125	-15	15	2148	125	-15	15	2148	125	-15	15	2148	125	-15	15	2148	125	-15	15	2148	125	-15	15	2148	125	-15	15	2148	125	-15	15	2148	125	-15	15	2148	125	-15	15	2148	125	-15	15	2148	125	-15	15	2148	125	-15	15	2148
126	-124	25	2173	126	-124	25	2173	126	-124	25	2173	126	-124	25	2173	126	-124	25	2173	126	-124	25	2173	126	-124	25	2173	126	-124	25	2173	126	-124	25	2173	126	-124	25	2173	126	-124	25	2173	126	-124	25	2173	126	-124	25	2173	126	-124	25	2173	126	-124	25	2173	126	-124	25	2173	126	-124	25	2173	126	-124	25	2173	126	-124	25	2173	126	-124	25	2173	126	-124	25	2173	126	-124	25	2173	126	-124	25	2173
127	-13	13	2186	127	-13	13	2186	127	-13	13	2186	127	-13	13	2186	127	-13	13	2186	127	-13	13	2186	127	-13	13	2186	127	-13	13	2186	127	-13	13	2186	127	-13	13	2186	127	-13	13	2186	127	-13	13	2186	127	-13	13	2186	127	-13	13	2186	127	-13	13	2186	127	-13	13	2186	127	-13	13	2186	127	-13	13	2186	127	-13	13	2186	127	-13	13	2186	127	-13	13	2186	127	-13	13	2186	127	-13	13	2186
128	-13	13	2199	128	-13	13	2199	128	-13	13	2199	128	-13	13	2199	128	-13	13	2199	128	-13	13	2199	128	-13	13	2199	128	-13	13	2199	128	-13	13	2199	128	-13	13	2199	128	-13	13	2199	128	-13	13	2199	128	-13	13	2199	128	-13	13	2199	128	-13	13	2199	128	-13	13	2199	128	-13	13	2199	128	-13	13	2199	128	-13	13	2199	128	-13	13	2199	128	-13	13	2199	128	-13	13	2199	128	-13	13	2199
129	-16	16	2215	129	-16	16	2215	129	-16	16	2215	129	-16	16	2215	129	-16	16	2215	129	-16	16	2215	129	-16	16	2215	129	-16	16	2215	129	-16	16	2215	129	-16	16	2215	129	-16	16	2215	129	-16	16	2215	129	-16	16	2215	129	-16	16	2215	129	-16	16	2215	129	-16	16	2215	129	-16	16	2215	129	-16	16	2215	129	-16	16	2215	129	-16	16	2215	129	-16	16	2215	129	-16	16	2215	129	-16	16	2215
130	-116	17	2232	130	-116	17	2232	130	-116	17	2232	130	-116	17	2232	130	-116	17	2232	130	-116	17	2232	130	-116	17	2232	130	-116	17	2232	130	-116	17	2232	130	-116	17	2232	130	-116	17	2232	130	-116	17	2232	130	-116	17	2232	130	-116	17	2232	130	-116	17	2232	130	-116	17	2232	130	-116	17	2232	130	-116	17	2232	130	-116	17	2232	130	-116	17	2232	130	-116	17	2232	130	-116	17	2232	130	-116	17	2232
131	-13	13	2245	131	-13	13	2245	131	-13	13	2245	131	-13	13	2245	131	-13	13	2245	131	-13	13	2245	131	-13	13	2245	131	-13	13	2245	131	-13	13	2245	131	-13	13	2245	131	-13	13	2245	131	-13	13	2245	131	-13	13	2245	131	-13	13	2245	131	-13	13	2245	131	-13	13	2245	131	-13	13	2245	131	-13	13	2245	131	-13	13	2245	131	-13	13	2245	131	-13	13	2245	131	-13	13	2245	131	-13	13	2245
132	-13	13	2258	132	-13	13	2258	132	-13	13	2258	132	-13	13	2258	132	-13	13	2258	132	-13	13	2258	132	-13	13	2258	132	-13	13	2258	132	-13	13	2258	132	-13	13	2258	132	-13	13	2258	132	-13	13	2258	132	-13	13	2258	132	-13	13	2258	132	-13	13	2258	132	-13	13	2258	132	-13	13	2258	132	-13	13	2258	132	-13	13	2258	132	-13	13	2258	132	-13	13	2258	132	-13	13	2258	132	-13	13	2258
133	-13	13	2271	133	-13	13	2271	133	-13	13	2271	133	-13	13	2271	133	-13	13	2271	133	-13	13	2271	133	-13	13	2271	133	-13	13	2271	133	-13	13	2271	133	-13	13	2271	133	-13	13	2271	133	-13	13	2271	133	-13	13	2271	133	-13	13	2271	133	-13	13	2271	133	-13	13	2271	133	-13	13	2271	133	-13	13	2271	133	-13	13	2271	133	-13	13	2271	133	-13	13	2271	133	-13	13	2271	133	-13	13	2271
134	-17	17	2288	134	-17	17	2288	134	-17	17	2288	134	-17	17	2288	134	-17	17	2288	134	-17	17	2288	134	-17	17	2288	134	-17	17	2288	134	-17	17	2288	134	-17	17	2288	134	-17	17	2288	134	-17	17	2288	134	-17	17	2288	134	-17	17	2288	134	-17	17	2288	134	-17	17	2288	134	-17	17	2288	134	-17	17	2288	134	-17	17	2288	134	-17	17	2288	134	-17	17	2288	134	-17	17	2288	134	-17	17	2288
135	-13	13	2301	135	-13	13	2301	135	-13	13	2301	135	-13	13	2301	135	-13	13	2301	135	-13	13	2301	135	-13	13	2301	135	-13	13	2301	135	-13	13	2301	135	-13	13	2301	135	-13	13	2301	135	-13	13	2301	135	-13	13	2301	135	-13	13	2301	135	-13	13	2301	135	-13	13	2301	135	-13	13	2301	135	-13	13	2301	135	-13	13	2301	135	-13	13	2301	135	-13	13	2301	135	-13	13	2301	135	-13	13	2301
136	-125	26	2327	136	-125	26	2327	136	-125	26	2327	136	-125	26	2327	136	-125	26	2327	136	-125	26	2327	136	-125	26	2327	136	-125	26	2327	136	-125	26	2327	136	-125	26	2327	136	-125	26	2327	136	-125	26	2327	136	-125	26	2327	136	-125	26	2327	136	-125	26	2327	136	-125	26	2327	136	-125	26	2327	136	-125	26	2327	136	-125	26	2327	136	-125	26	2327	136	-125	26	2327	136	-125	26	2327	136	-125	26	2327
137	-14	14	2341	137	-14	14	2341	137	-14	14	2341	137	-14	14	2341	137	-14	14	2341	137	-14	14	2341	137	-14	14	2341	137	-14	14	2341	137	-14	14	2341	137	-14	14	2341	137	-14	14	2341	137	-14	14	2341	137	-14	14	2341	137	-14	14	2341	137	-14	14	2341	137	-14	14	2341	137	-14	14	2341	137	-14	14	2341	137	-14	14	2341	137	-14	14	2341	137	-14	14	2341	137	-14	14	2341	137	-14	14	2341
138	-126	27	2368	138	-126	27	2368	138	-126	27	2368	138	-126	27	2368	138	-126	27	2368	138	-126	27	2368	138	-126	27	2368	138	-126	27	2368	138	-126	27	2368	138	-126	27	2368	138	-126	27	2368	138	-126	27	2368	138	-126	27	2368	138	-126	27	2368	138	-126	27	2368	138	-126	27	2368	138	-126	27	2368	138	-126	27	2368	138	-126	27	2368	138	-126	27	2368	138	-126	27	2368	138	-126	27	2368	138	-126	27	2368
139	-13	13	2381	139	-13	13	2381	139	-13	13	2381	139	-13	13	2381	139	-13	13	2381	139	-13	13	2381	139	-13	13	2381	139	-13	13	2381	139	-13	13	2381	139	-13	13	2381	139	-13	13	2381	139	-13	13	2381	139	-13	13	2381	139	-13	13	2381	139	-13	13	2381	139	-13	13	2381	139	-13	13	2381	139	-13	13	2381	139	-13	13	2381	139	-13	13	2381	139	-13	13	2381	139	-13	13	2381	139	-13	13	2381
140	-13	13	2394	140	-13	13	2394	140	-13	13	2394	140	-13	13	2394	140	-13	13	2394	140	-13	13	2394	140	-13	13	2394	140	-13	13	2394	140	-13	13	2394	140	-13	13	2394	140	-13	13	2394	140	-13	13	2394	140	-13	13	2394	140	-13	13	2394	140	-13	13	2394	140	-13	13	2394	140	-13	13	2394	140	-13	13	2394	140	-13	13	2394	140	-13	13	2394	140	-13	13	2394	140	-13	13	2394	140	-13	13	2394
141	-15	15	2409	141	-15	15	2409	141	-15	15	2409	141	-15	15	2409	141	-15	15	2409	141	-15	15	2409	141	-15	15	2409	141	-15	15	2409	141	-15	15	2409	141	-15	15	2409	141	-15	15	2409	141	-15	15	2409	141	-15	15	2409	141	-15	15	2409	141	-15	15	2409	141	-15	15	2409	141	-15	15	2409	141	-15	15	2409	141	-15	15	2409	141	-15	15	2409	141	-15	15	2409	141	-15	15	2409	141	-15	15	2409
142	-117	18	2427	142	-117	18	2427	142	-117	18	2427	142	-117	18	2427	142	-117	18	2427	142	-117	18	2427	142	-117	18	2427	142	-117	18	2427	142	-117	18	2427	142	-117	18	2427	142	-117	18	2427	142	-117	18	2427	142	-117	18	2427	142	-117	18	2427	142	-117	18	2427	142	-117	18	2427	142	-117	18	2427	142	-117	18	2427	142	-117	18	2427	142	-117	18	2427	142	-117	18	2427	142	-117	18	2427	142	-117	18	2427
143	-120	21	2448	143	-120	21	2448	143	-120	21	2448	143	-120	21	2448	143	-120	21	2448	143	-120	21	2448	143	-120	21	2448	143	-120	21	2448	143	-120	21	2448	143	-120	21	2448	143	-120	21	2448	143	-120	21	2448	143	-120	21	2448	143	-120	21	2448	143	-120	21	2448	143	-120	21	2448	143	-120	21	2448	143	-120	21	2448	143	-120	21	2448	143	-120	21	2448	143	-120	21	2448	143	-120	21	2448	143	-120	21	2448
144	-13	13	2461	144	-13	13	2461	144	-13	13	2461	144	-13	13	2461	144	-13	13	2461	144	-13	13	2461	144	-13	13	2461	144	-13	13	2461	144	-13	13	2461	144	-13	13	2461	144	-13	13	2461	144	-13	13	2461	144	-13	13	2461	144	-13	13	2461	144	-13	13	2461	144	-13	13	2461	144	-13	13	2461	144	-13	13	2461	144	-13	13	2461	144	-13	13	2461	144	-13	13	2461	144	-13	13	2461	144	-13	13	2461
145	-13	13	2474	145	-13	13	2474	145	-13	13	2474	145	-13	13	2474	145	-13	13	2474	145	-13	13	2474	145	-13	13	2474	145	-13	13	2474	145	-13	13	2474	145	-13	13	2474	145	-13	13	2474	145	-13	13	2474	145	-13	13	2474	145	-13	13	2474	145	-13	13	2474	145	-13	13	2474	145	-13	13	2474	145	-13	13	2474	145	-13	13	2474	145	-13	13	2474	145	-13	13	2474	145	-13	13	2474	145	-13	13	2474
146	-13	13	2487	146	-13	13	2487	146	-13	13	2487	146	-13	13	2487	146	-13	13	2487	146	-13	13	2487	146	-13	13	2487	146	-13	13	2487	146	-13	13	2487	146	-13	13	2487	146	-13	13	2487	146	-13	13	2487	146	-13	13	2487	146	-13	13	2487	146	-13	13	2487	146	-13	13	2487	146	-13	13	2487	146	-13	13	2487	146	-13	13	2487	146	-13	13	2487	146	-13	13	2487	146	-13	13	2487	146	-13	13	2487
147	-15	15	2502	147	-15	15	2502	147	-15	15	2502	147	-15	15	2502	147	-15	15	2502	147	-15	15	2502	147	-15	15	2502	147	-15	15	2502	147	-15	15	2502	147	-15	15	2502	147	-15	15	2502	147	-15	15	2502	147	-15	15	2502	147	-15	15	2502	147	-15	15	2502	147	-15	15	2502	147	-15	15	2502	147	-15	15	2502	147	-15	15	2502	147	-15	15	2502	147	-15	15	2502	147	-15	15	2502	147	-15	15	2502
148	-117	18	2520	148	-117	18	2520	148	-117	18	2520	148	-117	18	2520	148	-117	18	2520	148	-117	18	2520	148	-117	18	2520	148	-117	18	2520	148	-117	18	2520	148	-117	18	2520	148	-117	18	2520	148	-117	18	2520	148	-117	18	2520	148	-117	18	2520	148	-117	18	2520	148	-117	18	2520	148	-117	18	2520	148	-117	18	2520	148	-117	18	2520	148	-117	18	2520	148	-117	18	2520	148	-117	18	2520	148	-117	18	2520
149	-13	13	2533	149	-13	13	2533	149	-13	13	2533	149	-13	13	2533	149	-13	13	2533	149	-13	13	2533	149	-13	13	2533	149	-13	13	2533	149	-13	13	2533	149	-13	13	2533	149	-13	13	2533	149	-13	13	2533	149	-13	13	2533	149	-13	13	2533	149	-13	13	2533	149	-13	13	2533	149	-13	13	2533	149	-13	13	2533	149	-13	13	2533	149	-13	13	2533	149	-13	13	2533	149	-13	13	2533	149	-13	13	2533
150	-131	32	2565	150	-131	32	2565	150	-131	32	2565	150	-131	32	2565	150	-131	32	2565	150	-131	32	2565	150	-131	32	2565	150	-131	32	2565	150	-131	32	2565	150	-131	32	2565	150	-131	32	2565	150	-131	32	2565	150	-131	32	2565	150	-131	32	2565	150	-131	32	2565	150	-131	32	2565	150	-131	32	2565	150	-131	32	2565	150	-131	32	2565	150	-131	32	2565	150	-131	32	2565	150	-131	32	2565	150	-131	32	2565
151	-15	15	2580	151	-15	15	2580	151	-15	15	2580	151	-15	15	2580	151	-15	15	2580	151	-15	15	2580	151	-15	15	2580	151	-15	15	2580	151	-15	15	2580	151	-15	15	2580	151	-15	15	2580	151	-15	15	2580	151	-15	15	2580	151	-15	15	2580	151	-15	15	2580	151	-15	15	2580	151	-15	15	2580	151	-15	15	2580	151	-15	15	2580	151	-15	15	2580	151	-15	15	2580	151	-15	15	2580	151	-15	15	2580
152	-121	22	2602	152	-121	22	2602	152	-121	22	2602	152	-121	22	2602	152	-121	22	2602	152	-121	22	2602	152	-121	22	2602	152	-121	22	2602	152	-121	22	2602	152	-121	22	2602	152	-121	22	2602	152	-121	22	2602	152	-121	22	2602	152	-121	22	2602	152	-121	22	2602	152	-121	22	2602	152	-121	22	2602	152	-121	22	2602	152	-121	22	2602	152	-121	22	2602	152	-121	22	2602	152	-121	22	2602	152	-121	22	2602
153	-13	13	2615	153	-13	13	2615	153	-13	13	2615	153	-13	13	2615	153	-13	13	2615	153	-13	13	2615	153	-13	13	2615	153	-13	13	2615	153	-13	13	2615	153	-13	13	2615	153	-13	13	2615	153	-13	13	2615	153	-13	13	2615	153	-13	13	2615	153	-13	13	2615	153	-13	13	2615	153	-13	13	2615	153	-13	13	2615	153	-13	13	2615	153	-13	13	2615	153	-13	13	2615	153	-13	13	2615	153	-13	13	2615
154	-19	19	2634	154	-19	19	2634	154	-19	19	2634	154	-19	19	2634	154	-19	19	2634	154	-19	19	2634	154	-19	19	2634	154	-19	19	2634	154	-19	19	2634	154	-19	19	2634	154	-19	19	2634	154	-19	19	2634	154	-19	19	2634	154	-19	19	2634	154	-19	19	2634	154	-19	19	2634	154	-19	19	2634	154	-19	19	2634	154	-19	19	2634	154	-19	19	2634	154	-19	19	2634	154	-19	19	2634	154	-19	19	2634
155	-15	15	2649	155	-15	15	2649	155	-15	15	2649	155	-15	15	2649	155	-15	15	2649	155	-15	15	2649	155	-15	15	2649	155	-15	15	2649	155	-15	15	2649	155	-15	15	2649	155	-15	15	2649	155	-15	15	2649	155	-15	15	2649	155	-15	15	2649	155	-15	15	2649	155	-15	15	2649	155	-15	15	2649	155	-15	15	2649	155	-15	15	2649	155	-15	15	2649	155	-15	15	2649	155	-15	15	2649	155	-15	15	2649
156	-13	13	2662	156	-13	13	2662	156	-13	13	2662	156	-13	13	2662	156	-13	13	2662	156	-13	13	2662	156	-13	13	2662	156	-13	13	2662	156	-13	13	2662	156	-13	13	2662	156	-13	13	2662	156	-13	13	2662	156	-13	13	2662	156	-13	13	2662	156	-13	13	2662	156	-13	13	2662	156	-13	13	2662	156	-13	13	2662	156	-13	13	2662	156	-13	13	2662	156	-13	13	2662	156	-13	13	2662	156	-13	13	2662
157	-13	13	2675	157	-13	13	2675	157	-13	13	2675	157	-13	13	2675	157	-13	13	2675	157	-13	13	2675	157	-13	13	2675	157	-13	13	2675	157	-13	13	2675	157	-13	13	2675	157	-13	13	2675	157	-13	13	2675	157	-13	13	2675	157	-13	13	2675	157	-13	13	2675	157	-13	13	2675	157	-13	13	2675	157	-13	13	2675	157	-13	13	2675	157	-13	13	2675	157	-13	13	2675	157	-13	13	2675	157	-13	13	2675
158	-21	21	2696	158	-21	21	2696	158	-21	21	2696	158	-21	21	2696	158	-21	21	2696	158	-21	21	2696	158	-21	21	2696	158	-21	21	2696	158	-21	21	2696	158	-21	21	2696	158	-21	21	2696	158	-21	21	2696	158	-21	21	2696	158	-21	21	2696	158	-21	21	2696	158	-21	21	2696	158	-21	21	2696	158	-21	21	2696	158	-21	21	2696	158	-21	21	2696	158	-21	21	2696	158	-21	21	2696	158	-21	21	2696
159	-19	19	2715	159	-19	19	2715	159	-19	19	2715	159	-19	19	2715	159	-19	19	2715	159	-19	19	2715	159	-19	19	2715	159	-19	19	2715	159	-19	19	2715	159	-19	19	2715	159	-19	19	2715	159	-19	19	2715	159	-19	19	2715	159	-19	19	2715	159	-19	19	2715	159	-19	19	2715	159	-19	19	2715	159	-19	19	2715	159	-19	19	2715	159	-19	19	2715	159	-19	19	2715	159	-19	19	2715	159	-19	19	2715
160	-121	22	2737	160	-121	22	2737	160	-121	22	2737	160	-121	22	2737	160	-121	22	2737	160	-121	22	2737	160	-121	22	2737	160	-121	22	2737	160	-121	22	2737	160	-121	22	2737	160	-121	22	2737	160	-121	22	2737	160	-121	22	2737	160	-121	22	2737	160	-121	22	2737	160	-121	22	2737	160	-121	22	2737	160	-121	22	2737	160	-121	22	2737	160	-121	22	2737	160	-121	22	2737	160	-121	22	2737	160	-121	22	2737
161	-16	16	2753	161	-16	16	2753	161	-16	16	2753	161	-16	16	2753	161	-16	16	2753	161	-16	16	2753	161	-16	16	2753	161	-16	16	2753	161	-16	16	2753	161	-16	16	2753	161	-16	16	2753	161	-16	16	2753	161	-16	16	2753	161	-16	16	2753	161	-16	16	2753	161	-16	16	2753	161	-16	16	2753	161	-16	16	2753	161	-16	16	2753	161	-16	16	2753	161	-16	16	2753	161	-16	16	2753	161	-16	16	2753
162	-15	15	2768	162	-15	15	2768	162	-15	15	2768	162	-15	15	2768	162	-15	15	2768	162	-15	15	2768	162	-15	15	2768	162	-15	15	2768	162	-15	15	2768	162	-15	15	2768	162	-15	15	2768	162	-15	15	2768	162	-15	15	2768	162	-15	15	2768	162	-15	15	2768	162	-15	15	2768	162	-15	15	2768	162	-15	15	2768	162	-15	15	2768	162	-15	15	2768	162	-15	15	2768	162	-15	15	2768	162	-15	15	2768
163	-19	19	2787	163	-19	19	2787	163	-19	19	2787	163	-19	19	2787	163	-19	19	2787	163	-19	19	2787	163	-19	19	2787	163	-19	19	2787	163	-19	19	2787	163	-19	19	2787	163	-19	19	2787	163	-19	19	2787	163	-19	19	2787	163	-19	19	2787	163	-19	19	2787	163	-19	19	2787	163	-19	19	2787	163	-19	19	2787	163	-19	19	2787	163	-19	19	2787	163	-19	19	2787	163	-19	19	2787	163	-19	19	2787
164	-13	13	2800	164	-13	13	2800	164	-13	13	2800	164	-13	13	2800	164	-13	13	2800	164	-13	13	2800	164	-13	13	2800	164	-13	13	2800	164	-13	13	2800	164	-13	13	2800	164	-13	13	2800	164	-13	13	2800	164	-13	13	2800	164	-13	13	2800	164	-13	13	2800	164	-13	13	2800	164	-13	13	2800	164	-13	13	2800	164	-13	13	2800	164	-13	13	2800	164	-13	13	2800	164	-13	13	2800	164	-13	13	2800
165	-13	13	2813	165	-13	13	2813	165	-13	13	2813	165	-13	13	2813	165	-13	13	2813	165	-13	13	2813	165	-13	13	2813	165	-13	13	2813	165	-13	13	2813	165	-13	13	2813	165	-13	13	2813	165	-13	13	2813	165	-13	13	2813	165	-13	13	2813	165	-13	13	2813	165	-13	13	2813	165	-13	13	2813	165	-13	13	2813	165	-13	13	2813	165	-13	13	2813	165	-13	13	2813	165	-13	13	2813	165	-13	13	2813
166	-237	39	2852	166	-237	39	2852	166	-237	39	2852	166	-237	39	2852	166	-237	39	2852	166	-237	39	2852	166	-237	39	2852	166	-237	39	2852	166	-237	39	2852	166	-237	39	2852	166	-237	39	2852	166	-237	39	2852	166	-237	39	2852	166	-237	39	2852	166	-237	39	2852	166	-237	39	2852	166	-237	39	2852	166	-237	39	2852	166	-237	39	2852	166	-237	39	2852	166	-237	39	2852	166	-237	39	2852	166	-237	39	2852
167	-13	13	2865	167	-13	13	2865	167	-13	13	2865	167	-13	13	2865	167	-13	13	2865	167	-13	13	2865	167	-13	13	2865	167	-13	13	2865	167	-13	13	2865	167	-13	13	2865	167	-13	13	2865	167	-13	13	2865	167	-13	13	2865	167	-13	13	2865	167	-13	13	2865	167	-13	13	2865	167	-13	13	2865	167	-13	13	2865	167	-13	13	2865	167	-13	13	2865	167	-13	13	2865	167	-13	13	2865	167	-13	13	2865
168	-13	13	2878	168	-13	13	2878	168	-13	13	2878	168	-13	13	2878	168	-13	13	2878	168	-13	13	2878	168	-13	13	2878	168	-13	13	2878	168	-13	13	2878	168	-13	13	2878	168	-13	13	2878	168	-13	13	2878	168	-13	13	2878	168	-13	13	2878	168	-13	13	2878	168	-13	13	2878	168	-13	13	2878	168	-13	13	2878	168	-13	13	2878	168	-13	13	2878	168	-13	13	2878	168	-13	13	2878	168	-13	13	2878
169	-13	13	2891	169	-13	13	2891	169	-13	13	2891	169	-13	13	2891	169	-13	13	2891	169	-13	13	2891	169	-13	13	2891	169	-13	13	2891	169	-13	13	2891	169	-13	13	2891	169	-13	13	2891	169	-13	13	2891	169	-13	13	2891	169	-13	13	2891	169	-13	13	2891	169	-13	13	2891	169	-13	13	2891	169	-13	13	2891	169	-13	13	2891	169	-13	13	2891	169	-13	13	2891	169	-13	13	2891	169	-13	13	2891
170	-13	13	2904	170	-13	13	2904	170	-13	13	2904	170	-13	13	2904	170	-13	13	2904	170	-13	13	2904	170	-13	13	2904	170	-13	13	2904	170	-13	13	2904	170	-13	13	2904	170	-13	13	2904	170	-13	13	2904	170	-13	13	2904	170	-13	13	2904	170	-13	13	2904	170	-13	13	2904	170	-13	13	2904	170	-13	13	2904	170	-13	13	2904	170	-13	13	2904	170	-13	13	2904	170	-13	13	2904	170	-13	13	2904
171	-120	21	2925	171	-120	21	2925	171	-120	21	2925	171	-120	21	2925	171	-120	21	2925	171	-120	21	2925	171	-120	21	2925	171	-120	21	2925	171	-120	21	2925	171	-120	21	2925	171	-120	21	2925	171	-120	21	2925	171	-120	21	2925	171	-120	21	2925	171	-120	21	2925	171	-120	21	2925	171	-120	21	2925	171	-120	21	2925	171	-120	21	2925	171	-120	21	2925	171	-120	21	2925	171	-120	21	2925	171	-120	21	2925
172	-13	13	2938	172	-13	13	2938	172	-13	13	2938	172	-13	13	2938	172	-13	13	2938	172	-13	13	2938	172	-13	13	2938	172	-13	13	2938	172	-13	13	2938	172	-13	13	2938	172	-13	13	2938	172	-13	13	2938	172	-13	13	2938	172	-13	13	2938	172	-13	13	2938	172	-13	13	2938	172	-13	13	2938	172	-13	13	2938	172	-13	13	2938	172	-13	13	2938	172	-13	13	2938	172	-13	13	2938	172	-13	13	2938
173	-226	28	2966	173	-226	28	2966	173	-226	28	2966	173	-226	28	2966	173	-226	28	2966	173	-226	28	2966	173	-226	28	2966	173	-226	28	2966	173	-226	28	2966	173	-226	28	2966	173	-226	28	2966	173	-226	28	2966	173	-226	28	2966	173	-226	28	2966	173	-226	28	2966	173	-226	28	2966	173	-226	28	2966	173	-226	28	2966	173	-226	28	2966	173	-226	28	2966	173	-226	28	2966	173	-226	28	2966	173	-226	28	2966
174	-126	27	2993	174	-126	27	2993	174	-126	27	2993	174	-126	27	2993	174	-126	27	2993	174	-126	27	2993	174	-126	27	2993	174	-126	27	2993	174	-126	27	2993	174	-126	27	2993	174	-126	27	2993	174	-126	27	2993	174	-126	27	2993	174	-126	27	2993	174	-126	27	2993	174	-126	27	2993	174	-126	27	2993	174	-126	27	2993	174	-126	27	2993	174	-126	27	2993	174	-126	27	2993	174	-126	27	2993	174	-126	27	2993
175	-13	13	3006	175	-13	13	3006	175	-13	13	3006	175	-13	13	3006	175	-13	13	3006	175	-13	13	3006	175	-13	13	3006	175	-13	13	3006	175	-13	13	3006	175	-13	13	3006	175	-13	13	3006	175	-13	13	3006	175	-13	13	3006	175	-13	13	3006	175	-13	13	3006	175	-13	13	3006	175	-13	13	3006	175	-13	13	3006	175	-13	13	3006	175	-13	13	3006	175	-13	13	3006	175	-13	13	3006	175	-13	13	3006
176	-13	13	3019	176	-13	13	3019	176	-13	13	3019	176	-13	13	3019	176	-13	13	3019	176	-13	13	3019	176	-13	13	3019	176	-13	13	3019	176	-13	13	3019	176	-13	13	3019	176	-13	13	3019	176	-13	13	3019	176	-13	13	3019	176	-13	13	3019	176	-13	13	3019	176	-13	13	3019	176	-13	13	3019	176	-13	13	3019	176	-13	13	3019	176	-13	13	3019	176	-13	13	3019	176	-13	13	3019	176	-13	13	3019
177	-123	24	3043	177	-123	24	3043	177	-123	24	3043	177	-123	24	3043	177	-123	24	3043	177	-123	24	3043	177	-123	24	3043	177	-123	24	3043	177	-123	24	3043	177	-123	24	3043	177	-123	24	3043	177	-123	24	3043	177	-123	24	3043	177	-123	24	3043	177	-123	24	3043	177	-123	24	3043	177	-123	24	3043	177	-123	24	3043	177	-123	24	3043	177	-123	24	3043	177	-123	24	3043	177	-123	24	3043	177	-123	24	3043
178	-17	17	3060	178	-17	17	3060	178	-17	17	3060	178	-17	17	3060	178	-17	17	3060	178	-17	17	3060	178	-17	17	3060	178	-17	17	3060	178	-17	17	3060	178	-17	17	3060	178	-17	17	3060	178	-17	17	3060	178	-17	17	3060	178	-17	17	3060	178	-17	17	3060	178	-17	17	3060	178	-17	17	3060	178	-17	17	3060	178	-17	17	3060	178	-17	17	3060	178	-17	17	3060	178	-17	17	3060	178	-17	17	3060
179	-15	15	3075	179	-15	15	3075	179	-15	15	3075	179	-15	15	3075	179	-15	15	3075	179	-15	15	3075	179	-15	15	3075	179	-15	15	3075	179	-15	15	3075	179	-15	15	3075	179	-15	15	3075	179	-15	15	3075	179	-15	15	3075	179	-15	15	3075	179	-15	15	3075	179	-15	15	3075	179	-15	15	3075	179	-15	15	3075	179	-15	15	3075	179	-15	15	3075	179	-15	15	3075	179	-15	15	3075	179	-15	15	3075
180	-116	17	3092	180	-116	17	3092	180	-116	17	3092	180	-116	17	3092	180	-116	17	3092	180	-116	17	3092	180	-116	17	3092	180	-116	17	3092	180	-116	17	3092	180	-116	17	3092	180	-116	17	3092	180	-116	17	3092	180	-116	17	3092	180	-116	17	3092	180	-116	17	3092	180	-116	17	3092	180	-116	17	3092	180	-116	17	3092	180	-116	17	3092	180	-116	17	3092	180	-116	17	3092	180	-116	17	3092	180	-116	17	3092
181	-15	15	3107	181	-15	15	3107	181	-15	15	3107	181	-15	15	3107	181	-15	15	3107	181	-15	15	3107	181	-15	15	3107	181	-15	15	3107	181	-15	15	3107	181	-15	15	3107	181	-15	15	3107	181	-15	15	3107	181	-15	15	3107	181	-15	15	3107	181	-15	15	3107	181	-15	15	3107	181	-15	15	3107	181	-15	15	3107	181	-15	15	3107	181	-15	15	3107	181	-15	15	3107	181	-15	15	3107	181	-15	15	3107
182	-15	15	3122	182	-15	15	3122	182	-15	15	3122	182	-15	15	3122	182	-15	15	3122	182	-15	15	3122	182	-15	15	3122	182	-15	15	3122	182	-15	15	3122	182	-15	15	3122	182	-15	15	3122	182	-15	15	3122	182	-15	15	3122	182	-15	15	3122	182	-15	15	3122	182	-15	15	3122	182	-15	15	3122	182	-15	15	3122	182	-15	15	3122	182	-15	15	3122	182	-15	15	3122	182	-15	15	3122	182	-15	15	3122
183	-13	13	3135	183	-13	13	3135	183	-13	13	3135	183	-13	13	3135	183	-13	13	3135	183	-13	13	3135	183	-13	13	3135	183	-13	13	3135	183	-13	13	3135	183	-13	13	3135	183	-13	13	3135	183	-13	13	3135	183	-13	13	3135	183	-13	13	3135	183	-13	13	3135	183	-13	13	3135	183	-13	13	3135	183	-13	13	3135	183	-13	13	3135	183	-13	13	3135	183	-13	13	3135	183	-13	13	3135	183	-13	13	3135
184	-13	13	3148	184	-13	13	3148	184	-13	13	3148	184	-13	13	3148	184	-13	13	3148	184	-13	13	3148	184	-13	13	3148	184	-13	13	3148	184	-13	13	3148	184	-13	13	3148	184	-13	13	3148	184	-13	13	3148	184	-13	13	3148	184	-13	13	3148	184	-13	13	3148	184	-13	13	3148	184	-13	13	3148	184	-13	13	3148	184	-13	13	3148	184	-13	13	3148	184	-13	13	3148	184	-13	13	3148	184	-13	13	3148
185	-121	22	3170	185	-121	22	3170	185	-121	22	3170	185	-121	22	3170	185	-121	22	3170	185	-121	22	3170	185	-121	22	3170	185	-121	22	3170	185	-121	22	3170	185	-121	22	3170	185	-121	22	3170	185	-121	22	3170	185	-121	22	3170	185	-121	22	3170	185	-121	22	3170	185	-121	22	3170	185	-121	22	3170	185	-121	22	3170	185	-121	22	3170	185	-121	22	3170	185	-121	22	3170	185	-121	22	3170	185	-121	22	3170
186	-21	21	3191	186	-21	21	3191	186	-21	21	3191	186	-21	21	3191	186	-21	21	3191	186	-21	21	3191	186	-21	21	3191	186	-21	21	3191	186	-21	21	3191	186	-21	21	3191	186	-21	21	3191	186	-21	21	3191	186	-21	21	3191	186	-21	21	3191	186	-21	21	3191	186	-21	21	3191	186	-21	21	3191	186	-21	21	3191	186	-21	21	3191	186	-21	21	3191	186	-21	21	3191	186	-21	21	3191	186	-21	21	3191
187	-14	14	3205	187	-14	14	3205	187	-14	14	3205	187	-14	14	3205	187	-14	14	3205	187	-14	14	3205	187	-14	14	3205	187	-14	14	3205	187	-14	14	3205	187	-14	14	3205	187	-14	14	3205	187	-14	14	3205	187	-14	14	3205	187	-14	14	3205	187	-14	14	3205	187	-14	14	3205	187	-14	14	3205	187	-14	14	3205	187	-14	14	3205	187	-14	14	3205	187	-14	14	3205	187	-14	14	3205	187	-14	14	3205
188	-17	17	3222	188	-17	17	3222	188	-17	17	3222	188	-17	17	3222	188	-17	17	3222	188	-17	17	3222	188	-17	17	3222	188	-17	17	3222	188	-17	17	3222	188	-17	17	3222	188	-17	17	3222	188	-17	17	3222	188	-17	17	3222	188	-17	17	3222	188	-17	17	3222	188	-17	17	3222	188	-17	17	3222	188	-17	17	3222	188	-17	17	3222	188	-17	17	3222	188	-17	17	3222	188	-17	17	3222	188	-17	17	3222
189	-17	17	3239	189	-17	17	3239	189	-17	17	3239	189	-17	17	3239	189	-17	17	3239	189	-17	17	3239	189	-17	17	3239	189	-17	17	3239	189	-17	17	3239	189	-17	17	3239	189	-17	17	3239	189	-17	17	3239	189	-17	17	3239	189	-17	17	3239	189	-17	17	3239	189	-17	17	3239	189	-17	17	3239	189	-17	17	3239	189	-17	17	3239	189	-17	17	3239	189	-17	17	3239	189	-17	17	3239	189	-17	17	3239
190	-13	13	3252	190	-13	13	3252	190	-13	13	3252	190	-13	13	3252	190	-13	13	3252	190	-13	13	3252	190	-13	13	3252	190	-13	13	3252	190	-13	13	3252	190	-13	13	3252	190	-13	13	3252	190	-13	13	3252	190	-13	13	3252	190	-13	13	3252	190	-13	13	3252	190	-13	13	3252	190	-13	13	3252	190	-13	13	3252	190	-13	13	3252	190	-13	13	3252	190	-13	13	3252	190	-13	13	3252	190	-13	13	3252
191	-15	15	3267	191	-15	15	3267	191	-15	15	3267	191	-15	15	3267	191	-15	15	3267	191	-15	15	3267	191	-15	15	3267	191	-15	15	3267	191	-15	15	3267	191	-15	15	3267	191	-15	15	3267	191	-15	15	3267	191	-15	15	3267	191	-15	15	3267	191	-15	15	3267	191	-15	15	3267	191	-15	15	3267	191	-15	15	3267	191	-15	15	3267	191	-15	15	3267	191	-15	15	3267	191	-15	15	3267	191	-15	15	3267
192	-15	15	3282	192	-15	15	3282	192	-15	15	3282	192	-15	15	3282	192	-15	15	3282	192	-15	15	3282	192	-15	15	3282	192	-15	15	3282	192	-15	15	3282	192	-15	15	3282	192	-15	15	3282	192	-15	15	3282	192	-15	15	3282	192	-15	15	3282	192	-15	15	3282	192	-15	15	3282	192	-15	15	3282	192	-15	15	3282	192	-15	15	3282	192	-15	15	3282	192	-15	15	3282	192	-15	15	3282	192	-15	15	3282
193	-113	14	3296	193	-113	14	3296	193	-113	14	3296	193	-113	14	3296	193	-113	14	3296	193	-113	14	3296	193	-113	14	3296	193	-113	14	3296	193	-113	14	3296	193	-113	14	3296	193	-113	14	3296	193	-113	14	3296	193	-113	14	3296	193	-113	14	3296	193	-113	14	3296	193	-113	14	3296	193	-113	14	3296	193	-113	14	3296	193	-113	14	3296	193	-113	14	3296	193	-113	14	3296	193	-113	14	3296	193	-113	14	3296
194	-122	23	3319	194	-122	23	3319	194	-122	23	3319	194	-122	23	3319	194	-122	23	3319	194	-122	23	3319	194	-122	23	3319	194	-122	23	3319	194	-122	23	3319	194	-122	23	3319	194	-122	23	3319	194	-122	23	3319	194	-122	23	3319	194	-122	23	3319	194	-122	23	3319	194	-122	23	3319	194	-122	23	3319	194	-122	23	3319	194	-122	23	3319	194	-122	23	3319	194	-122	23	3319	194	-122	23	3319	194	-122	23	3319
195	-15	15	3334	195	-15	15	3334	195	-15	15	3334	195	-15	15	3334	195	-15	15	3334	195	-15	15	3334	195	-15	15	3334	195	-15	15	3334	195	-15	15	3334	195	-15	15	3334	195	-15	15	3334	195	-15	15	3334	195	-15	15	3334	195	-15	15	3334	195	-15	15	3334	195	-15	15	3334	195	-15	15	3334	195	-15	15	3334	195	-15	15	3334	195	-15	15	3334	195	-15	15	3334	195	-15	15	3334	195	-15	15	3334
196	-17	17	3351	196	-17	17	3351	196	-17	17	3351	196	-17	17	3351	196	-17	17	3351	196	-17	17	3351	196	-17	17	3351	196	-17	17	3351	196	-17	17	3351	196	-17	17	3351	196	-17	17	3351	196	-17	17	3351	196	-17	17	3351	196	-17	17	3351	196	-17	17	3351	196	-17	17	3351	196	-17	17	3351	196	-17	17	3351	196	-17	17	3351	196	-17	17	3351	196	-17	17	3351	196	-17	17	3351	196	-17	17	3351
197	-13	13	3364	197	-13	13	3364	197	-13	13	3364	197	-13	13	3364	197	-13	13	3364	197	-13	13	3364	197	-13	13	3364	197	-13	13	3364	197	-13	13	3364	197	-13	13	3364	197	-13	13	3364	197	-13	13	3364	197	-13	13	3364	197	-13	13	3364	197	-13	13	3364	197	-13	13	3364	197	-13	13	3364	197	-13	13	3364	197	-13	13	3364	197	-13	13	3364	197	-13	13	3364	197	-13	13	3364	197	-13	13	3364
198	-17	17	3381	198	-17	17	3381	198	-17	17	3381	198	-17	17	3381	198	-17	17	3381	198	-17	17	3381	198	-17	17	3381	198	-17	17	3381	198	-17	17	3381	198	-17	17	3381	198	-17	17	3381	198	-17	17	3381	198	-17	17	3381	198	-17	17	3381	198	-17	17	3381	198	-17	17	3381	198	-17	17	3381	198	-17	17	3381	198	-17	17	3381	198	-17	17	3381	198	-17	17	3381	198	-17	17	3381	198	-17	17	3381
199	-16	16	3397	199	-16	16	3397	199	-16	16	3397	199	-16	16	3397	199	-16	16	3397	199	-16	16	3397	199	-16	16	3397	199	-16	16	3397	199	-16	16	3397	199	-16	16	3397	199	-16	16	3397	199	-16	16	3397	199	-16	16	3397	199	-16	16	3397	199	-16	16	3397	199	-16	16	3397	199	-16	16	3397	199	-16	16	3397	199	-16	16	3397	199	-16	16	3397	199	-16	16	3397	199	-16	16	3397	199	-16	16	3397
