Episode	Accumulated Reward	Length	Steps	Episode	Accumulated Reward	Length	Steps
0	-14	14	14	0	-14	14	14
1	-13	13	27	1	-13	13	27
2	-14	14	41	2	-14	14	41
3	-13	13	54	3	-13	13	54
4	-15	15	69	4	-15	15	69
5	-20	20	89	5	-20	20	89
6	-14	14	103	6	-14	14	103
7	-121	22	125	7	-121	22	125
8	-19	19	144	8	-19	19	144
9	-15	15	159	9	-15	15	159
10	-119	20	179	10	-119	20	179
11	-234	36	215	11	-234	36	215
12	-21	21	236	12	-21	21	236
13	-15	15	251	13	-15	15	251
14	-238	40	291	14	-238	40	291
15	-15	15	306	15	-15	15	306
16	-13	13	319	16	-13	13	319
17	-118	19	338	17	-118	19	338
18	-15	15	353	18	-15	15	353
19	-13	13	366	19	-13	13	366
20	-15	15	381	20	-15	15	381
21	-15	15	396	21	-15	15	396
22	-228	30	426	22	-228	30	426
23	-13	13	439	23	-13	13	439
24	-122	23	462	24	-122	23	462
25	-13	13	475	25	-13	13	475
26	-16	16	491	26	-16	16	491
27	-13	13	504	27	-13	13	504
28	-13	13	517	28	-13	13	517
29	-13	13	530	29	-13	13	530
30	-15	15	545	30	-15	15	545
31	-13	13	558	31	-13	13	558
32	-13	13	571	32	-13	13	571
33	-14	14	585	33	-14	14	585
34	-17	17	602	34	-17	17	602
35	-13	13	615	35	-13	13	615
36	-13	13	628	36	-13	13	628
37	-15	15	643	37	-15	15	643
38	-15	15	658	38	-15	15	658
39	-20	20	678	39	-20	20	678
40	-13	13	691	40	-13	13	691
41	-15	15	706	41	-15	15	706
42	-221	23	729	42	-221	23	729
43	-15	15	744	43	-15	15	744
44	-119	20	764	44	-119	20	764
45	-16	16	780	45	-16	16	780
46	-15	15	795	46	-15	15	795
47	-115	16	811	47	-115	16	811
48	-121	22	833	48	-121	22	833
49	-117	18	851	49	-117	18	851
50	-120	21	872	50	-120	21	872
51	-122	23	895	51	-122	23	895
52	-13	13	908	52	-13	13	908
53	-123	24	932	53	-123	24	932
54	-15	15	947	54	-15	15	947
55	-13	13	960	55	-13	13	960
56	-13	13	973	56	-13	13	973
57	-13	13	986	57	-13	13	986
58	-118	19	1005	58	-118	19	1005
59	-13	13	1018	59	-13	13	1018
60	-13	13	1031	60	-13	13	1031
61	-13	13	1044	61	-13	13	1044
62	-115	16	1060	62	-115	16	1060
63	-13	13	1073	63	-13	13	1073
64	-14	14	1087	64	-14	14	1087
65	-17	17	1104	65	-17	17	1104
66	-15	15	1119	66	-15	15	1119
67	-16	16	1135	67	-16	16	1135
68	-123	24	1159	68	-123	24	1159
69	-331	34	1193	69	-331	34	1193
70	-13	13	1206	70	-13	13	1206
71	-13	13	1219	71	-13	13	1219
72	-15	15	1234	72	-15	15	1234
73	-17	17	1251	73	-17	17	1251
74	-119	20	1271	74	-119	20	1271
75	-13	13	1284	75	-13	13	1284
76	-15	15	1299	76	-15	15	1299
77	-18	18	1317	77	-18	18	1317
78	-15	15	1332	78	-15	15	1332
79	-13	13	1345	79	-13	13	1345
80	-15	15	1360	80	-15	15	1360
81	-14	14	1374	81	-14	14	1374
82	-13	13	1387	82	-13	13	1387
83	-113	14	1401	83	-113	14	1401
84	-15	15	1416	84	-15	15	1416
85	-325	28	1444	85	-325	28	1444
86	-225	27	1471	86	-225	27	1471
87	-13	13	1484	87	-13	13	1484
88	-14	14	1498	88	-14	14	1498
89	-15	15	1513	89	-15	15	1513
90	-13	13	1526	90	-13	13	1526
91	-16	16	1542	91	-16	16	1542
92	-15	15	1557	92	-15	15	1557
93	-123	24	1581	93	-123	24	1581
94	-15	15	1596	94	-15	15	1596
95	-118	19	1615	95	-118	19	1615
96	-17	17	1632	96	-17	17	1632
97	-13	13	1645	97	-13	13	1645
98	-15	15	1660	98	-15	15	1660
99	-119	20	1680	99	-119	20	1680
100	-13	13	1693	100	-13	13	1693
101	-13	13	1706	101	-13	13	1706
102	-13	13	1719	102	-13	13	1719
103	-13	13	1732	103	-13	13	1732
104	-13	13	1745	104	-13	13	1745
105	-15	15	1760	105	-15	15	1760
106	-126	27	1787	106	-126	27	1787
107	-13	13	1800	107	-13	13	1800
108	-13	13	1813	108	-13	13	1813
109	-13	13	1826	109	-13	13	1826
110	-17	17	1843	110	-17	17	1843
111	-227	29	1872	111	-227	29	1872
112	-13	13	1885	112	-13	13	1885
113	-15	15	1900	113	-15	15	1900
114	-14	14	1914	114	-14	14	1914
115	-13	13	1927	115	-13	13	1927
116	-13	13	1940	116	-13	13	1940
117	-15	15	1955	117	-15	15	1955
118	-13	13	1968	118	-13	13	1968
119	-13	13	1981	119	-13	13	1981
120	-13	13	1994	120	-13	13	1994
121	-13	13	2007	121	-13	13	2007
122	-115	16	2023	122	-115	16	2023
123	-229	31	2054	123	-229	31	2054
124	-13	13	2067	124	-13	13	2067
125	-13	13	2080	125	-13	13	2080
126	-13	13	2093	126	-13	13	2093
127	-13	13	2106	127	-13	13	2106
128	-128	29	2135	128	-128	29	2135
129	-17	17	2152	129	-17	17	2152
130	-15	15	2167	130	-15	15	2167
131	-119	20	2187	131	-119	20	2187
132	-15	15	2202	132	-15	15	2202
133	-121	22	2224	133	-121	22	2224
134	-13	13	2237	134	-13	13	2237
135	-340	43	2280	135	-340	43	2280
136	-15	15	2295	136	-15	15	2295
137	-132	33	2328	137	-132	33	2328
138	-13	13	2341	138	-13	13	2341
139	-15	15	2356	139	-15	15	2356
140	-13	13	2369	140	-13	13	2369
141	-15	15	2384	141	-15	15	2384
142	-13	13	2397	142	-13	13	2397
143	-15	15	2412	143	-15	15	2412
144	-17	17	2429	144	-17	17	2429
145	-13	13	2442	145	-13	13	2442
146	-13	13	2455	146	-13	13	2455
147	-13	13	2468	147	-13	13	2468
148	-17	17	2485	148	-17	17	2485
149	-13	13	2498	149	-13	13	2498
150	-13	13	2511	150	-13	13	2511
151	-120	21	2532	151	-120	21	2532
152	-115	16	2548	152	-115	16	2548
153	-13	13	2561	153	-13	13	2561
154	-17	17	2578	154	-17	17	2578
155	-19	19	2597	155	-19	19	2597
156	-13	13	2610	156	-13	13	2610
157	-13	13	2623	157	-13	13	2623
158	-13	13	2636	158	-13	13	2636
159	-13	13	2649	159	-13	13	2649
160	-15	15	2664	160	-15	15	2664
161	-13	13	2677	161	-13	13	2677
162	-15	15	2692	162	-15	15	2692
163	-13	13	2705	163	-13	13	2705
164	-115	16	2721	164	-115	16	2721
165	-13	13	2734	165	-13	13	2734
166	-16	16	2750	166	-16	16	2750
167	-15	15	2765	167	-15	15	2765
168	-122	23	2788	168	-122	23	2788
169	-13	13	2801	169	-13	13	2801
170	-14	14	2815	170	-14	14	2815
171	-15	15	2830	171	-15	15	2830
172	-13	13	2843	172	-13	13	2843
173	-13	13	2856	173	-13	13	2856
174	-17	17	2873	174	-17	17	2873
175	-13	13	2886	175	-13	13	2886
176	-15	15	2901	176	-15	15	2901
177	-120	21	2922	177	-120	21	2922
178	-15	15	2937	178	-15	15	2937
179	-14	14	2951	179	-14	14	2951
180	-15	15	2966	180	-15	15	2966
181	-16	16	2982	181	-16	16	2982
182	-18	18	3000	182	-18	18	3000
183	-17	17	3017	183	-17	17	3017
184	-15	15	3032	184	-15	15	3032
185	-125	26	3058	185	-125	26	3058
186	-221	23	3081	186	-221	23	3081
187	-125	26	3107	187	-125	26	3107
188	-123	24	3131	188	-123	24	3131
189	-15	15	3146	189	-15	15	3146
190	-13	13	3159	190	-13	13	3159
191	-13	13	3172	191	-13	13	3172
192	-15	15	3187	192	-15	15	3187
193	-19	19	3206	193	-19	19	3206
194	-15	15	3221	194	-15	15	3221
195	-122	23	3244	195	-122	23	3244
196	-225	27	3271	196	-225	27	3271
197	-15	15	3286	197	-15	15	3286
198	-13	13	3299	198	-13	13	3299
199	-13	13	3312	199	-13	13	3312
