Episode	Accumulated Reward	Length	Steps	Episode	Accumulated Reward	Length	Steps	Episode	Accumulated Reward	Length	Steps	Episode	Accumulated Reward	Length	Steps	Episode	Accumulated Reward	Length	Steps
0	-19	19	19	0	-19	19	19	0	-19	19	19	0	-19	19	19	0	-19	19	19
1	-13	13	32	1	-13	13	32	1	-13	13	32	1	-13	13	32	1	-13	13	32
2	-21	21	53	2	-21	21	53	2	-21	21	53	2	-21	21	53	2	-21	21	53
3	-15	15	68	3	-15	15	68	3	-15	15	68	3	-15	15	68	3	-15	15	68
4	-17	17	85	4	-17	17	85	4	-17	17	85	4	-17	17	85	4	-17	17	85
5	-15	15	100	5	-15	15	100	5	-15	15	100	5	-15	15	100	5	-15	15	100
6	-13	13	113	6	-13	13	113	6	-13	13	113	6	-13	13	113	6	-13	13	113
7	-13	13	126	7	-13	13	126	7	-13	13	126	7	-13	13	126	7	-13	13	126
8	-15	15	141	8	-15	15	141	8	-15	15	141	8	-15	15	141	8	-15	15	141
9	-15	15	156	9	-15	15	156	9	-15	15	156	9	-15	15	156	9	-15	15	156
10	-15	15	171	10	-15	15	171	10	-15	15	171	10	-15	15	171	10	-15	15	171
11	-122	23	194	11	-122	23	194	11	-122	23	194	11	-122	23	194	11	-122	23	194
12	-13	13	207	12	-13	13	207	12	-13	13	207	12	-13	13	207	12	-13	13	207
13	-119	20	227	13	-119	20	227	13	-119	20	227	13	-119	20	227	13	-119	20	227
14	-19	19	246	14	-19	19	246	14	-19	19	246	14	-19	19	246	14	-19	19	246
15	-15	15	261	15	-15	15	261	15	-15	15	261	15	-15	15	261	15	-15	15	261
16	-17	17	278	16	-17	17	278	16	-17	17	278	16	-17	17	278	16	-17	17	278
17	-118	19	297	17	-118	19	297	17	-118	19	297	17	-118	19	297	17	-118	19	297
18	-13	13	310	18	-13	13	310	18	-13	13	310	18	-13	13	310	18	-13	13	310
19	-15	15	325	19	-15	15	325	19	-15	15	325	19	-15	15	325	19	-15	15	325
20	-15	15	340	20	-15	15	340	20	-15	15	340	20	-15	15	340	20	-15	15	340
21	-113	14	354	21	-113	14	354	21	-113	14	354	21	-113	14	354	21	-113	14	354
22	-13	13	367	22	-13	13	367	22	-13	13	367	22	-13	13	367	22	-13	13	367
23	-13	13	380	23	-13	13	380	23	-13	13	380	23	-13	13	380	23	-13	13	380
24	-128	29	409	24	-128	29	409	24	-128	29	409	24	-128	29	409	24	-128	29	409
25	-118	19	428	25	-118	19	428	25	-118	19	428	25	-118	19	428	25	-118	19	428
26	-13	13	441	26	-13	13	441	26	-13	13	441	26	-13	13	441	26	-13	13	441
27	-18	18	459	27	-18	18	459	27	-18	18	459	27	-18	18	459	27	-18	18	459
28	-15	15	474	28	-15	15	474	28	-15	15	474	28	-15	15	474	28	-15	15	474
29	-16	16	490	29	-16	16	490	29	-16	16	490	29	-16	16	490	29	-16	16	490
30	-13	13	503	30	-13	13	503	30	-13	13	503	30	-13	13	503	30	-13	13	503
31	-118	19	522	31	-118	19	522	31	-118	19	522	31	-118	19	522	31	-118	19	522
32	-17	17	539	32	-17	17	539	32	-17	17	539	32	-17	17	539	32	-17	17	539
33	-14	14	553	33	-14	14	553	33	-14	14	553	33	-14	14	553	33	-14	14	553
34	-15	15	568	34	-15	15	568	34	-15	15	568	34	-15	15	568	34	-15	15	568
35	-13	13	581	35	-13	13	581	35	-13	13	581	35	-13	13	581	35	-13	13	581
36	-13	13	594	36	-13	13	594	36	-13	13	594	36	-13	13	594	36	-13	13	594
37	-17	17	611	37	-17	17	611	37	-17	17	611	37	-17	17	611	37	-17	17	611
38	-15	15	626	38	-15	15	626	38	-15	15	626	38	-15	15	626	38	-15	15	626
39	-13	13	639	39	-13	13	639	39	-13	13	639	39	-13	13	639	39	-13	13	639
40	-13	13	652	40	-13	13	652	40	-13	13	652	40	-13	13	652	40	-13	13	652
41	-124	25	677	41	-124	25	677	41	-124	25	677	41	-124	25	677	41	-124	25	677
42	-13	13	690	42	-13	13	690	42	-13	13	690	42	-13	13	690	42	-13	13	690
43	-15	15	705	43	-15	15	705	43	-15	15	705	43	-15	15	705	43	-15	15	705
44	-122	23	728	44	-122	23	728	44	-122	23	728	44	-122	23	728	44	-122	23	728
45	-15	15	743	45	-15	15	743	45	-15	15	743	45	-15	15	743	45	-15	15	743
46	-113	14	757	46	-113	14	757	46	-113	14	757	46	-113	14	757	46	-113	14	757
47	-17	17	774	47	-17	17	774	47	-17	17	774	47	-17	17	774	47	-17	17	774
48	-13	13	787	48	-13	13	787	48	-13	13	787	48	-13	13	787	48	-13	13	787
49	-13	13	800	49	-13	13	800	49	-13	13	800	49	-13	13	800	49	-13	13	800
50	-13	13	813	50	-13	13	813	50	-13	13	813	50	-13	13	813	50	-13	13	813
51	-13	13	826	51	-13	13	826	51	-13	13	826	51	-13	13	826	51	-13	13	826
52	-16	16	842	52	-16	16	842	52	-16	16	842	52	-16	16	842	52	-16	16	842
53	-221	23	865	53	-221	23	865	53	-221	23	865	53	-221	23	865	53	-221	23	865
54	-16	16	881	54	-16	16	881	54	-16	16	881	54	-16	16	881	54	-16	16	881
55	-221	23	904	55	-221	23	904	55	-221	23	904	55	-221	23	904	55	-221	23	904
56	-17	17	921	56	-17	17	921	56	-17	17	921	56	-17	17	921	56	-17	17	921
57	-13	13	934	57	-13	13	934	57	-13	13	934	57	-13	13	934	57	-13	13	934
58	-13	13	947	58	-13	13	947	58	-13	13	947	58	-13	13	947	58	-13	13	947
59	-15	15	962	59	-15	15	962	59	-15	15	962	59	-15	15	962	59	-15	15	962
60	-13	13	975	60	-13	13	975	60	-13	13	975	60	-13	13	975	60	-13	13	975
61	-14	14	989	61	-14	14	989	61	-14	14	989	61	-14	14	989	61	-14	14	989
62	-14	14	1003	62	-14	14	1003	62	-14	14	1003	62	-14	14	1003	62	-14	14	1003
63	-18	18	1021	63	-18	18	1021	63	-18	18	1021	63	-18	18	1021	63	-18	18	1021
64	-13	13	1034	64	-13	13	1034	64	-13	13	1034	64	-13	13	1034	64	-13	13	1034
65	-13	13	1047	65	-13	13	1047	65	-13	13	1047	65	-13	13	1047	65	-13	13	1047
66	-131	32	1079	66	-131	32	1079	66	-131	32	1079	66	-131	32	1079	66	-131	32	1079
67	-13	13	1092	67	-13	13	1092	67	-13	13	1092	67	-13	13	1092	67	-13	13	1092
68	-13	13	1105	68	-13	13	1105	68	-13	13	1105	68	-13	13	1105	68	-13	13	1105
69	-122	23	1128	69	-122	23	1128	69	-122	23	1128	69	-122	23	1128	69	-122	23	1128
70	-13	13	1141	70	-13	13	1141	70	-13	13	1141	70	-13	13	1141	70	-13	13	1141
71	-13	13	1154	71	-13	13	1154	71	-13	13	1154	71	-13	13	1154	71	-13	13	1154
72	-13	13	1167	72	-13	13	1167	72	-13	13	1167	72	-13	13	1167	72	-13	13	1167
73	-13	13	1180	73	-13	13	1180	73	-13	13	1180	73	-13	13	1180	73	-13	13	1180
74	-13	13	1193	74	-13	13	1193	74	-13	13	1193	74	-13	13	1193	74	-13	13	1193
75	-125	26	1219	75	-125	26	1219	75	-125	26	1219	75	-125	26	1219	75	-125	26	1219
76	-117	18	1237	76	-117	18	1237	76	-117	18	1237	76	-117	18	1237	76	-117	18	1237
77	-17	17	1254	77	-17	17	1254	77	-17	17	1254	77	-17	17	1254	77	-17	17	1254
78	-15	15	1269	78	-15	15	1269	78	-15	15	1269	78	-15	15	1269	78	-15	15	1269
79	-15	15	1284	79	-15	15	1284	79	-15	15	1284	79	-15	15	1284	79	-15	15	1284
80	-13	13	1297	80	-13	13	1297	80	-13	13	1297	80	-13	13	1297	80	-13	13	1297
81	-15	15	1312	81	-15	15	1312	81	-15	15	1312	81	-15	15	1312	81	-15	15	1312
82	-14	14	1326	82	-14	14	1326	82	-14	14	1326	82	-14	14	1326	82	-14	14	1326
83	-13	13	1339	83	-13	13	1339	83	-13	13	1339	83	-13	13	1339	83	-13	13	1339
84	-15	15	1354	84	-15	15	1354	84	-15	15	1354	84	-15	15	1354	84	-15	15	1354
85	-13	13	1367	85	-13	13	1367	85	-13	13	1367	85	-13	13	1367	85	-13	13	1367
86	-125	26	1393	86	-125	26	1393	86	-125	26	1393	86	-125	26	1393	86	-125	26	1393
87	-13	13	1406	87	-13	13	1406	87	-13	13	1406	87	-13	13	1406	87	-13	13	1406
88	-15	15	1421	88	-15	15	1421	88	-15	15	1421	88	-15	15	1421	88	-15	15	1421
89	-116	17	1438	89	-116	17	1438	89	-116	17	1438	89	-116	17	1438	89	-116	17	1438
90	-228	30	1468	90	-228	30	1468	90	-228	30	1468	90	-228	30	1468	90	-228	30	1468
91	-15	15	1483	91	-15	15	1483	91	-15	15	1483	91	-15	15	1483	91	-15	15	1483
92	-15	15	1498	92	-15	15	1498	92	-15	15	1498	92	-15	15	1498	92	-15	15	1498
93	-15	15	1513	93	-15	15	1513	93	-15	15	1513	93	-15	15	1513	93	-15	15	1513
94	-15	15	1528	94	-15	15	1528	94	-15	15	1528	94	-15	15	1528	94	-15	15	1528
95	-15	15	1543	95	-15	15	1543	95	-15	15	1543	95	-15	15	1543	95	-15	15	1543
96	-13	13	1556	96	-13	13	1556	96	-13	13	1556	96	-13	13	1556	96	-13	13	1556
97	-15	15	1571	97	-15	15	1571	97	-15	15	1571	97	-15	15	1571	97	-15	15	1571
98	-13	13	1584	98	-13	13	1584	98	-13	13	1584	98	-13	13	1584	98	-13	13	1584
99	-13	13	1597	99	-13	13	1597	99	-13	13	1597	99	-13	13	1597	99	-13	13	1597
100	-13	13	1610	100	-13	13	1610	100	-13	13	1610	100	-13	13	1610	100	-13	13	1610
101	-120	21	1631	101	-120	21	1631	101	-120	21	1631	101	-120	21	1631	101	-120	21	1631
102	-18	18	1649	102	-18	18	1649	102	-18	18	1649	102	-18	18	1649	102	-18	18	1649
103	-13	13	1662	103	-13	13	1662	103	-13	13	1662	103	-13	13	1662	103	-13	13	1662
104	-116	17	1679	104	-116	17	1679	104	-116	17	1679	104	-116	17	1679	104	-116	17	1679
105	-15	15	1694	105	-15	15	1694	105	-15	15	1694	105	-15	15	1694	105	-15	15	1694
106	-15	15	1709	106	-15	15	1709	106	-15	15	1709	106	-15	15	1709	106	-15	15	1709
107	-15	15	1724	107	-15	15	1724	107	-15	15	1724	107	-15	15	1724	107	-15	15	1724
108	-13	13	1737	108	-13	13	1737	108	-13	13	1737	108	-13	13	1737	108	-13	13	1737
109	-13	13	1750	109	-13	13	1750	109	-13	13	1750	109	-13	13	1750	109	-13	13	1750
110	-118	19	1769	110	-118	19	1769	110	-118	19	1769	110	-118	19	1769	110	-118	19	1769
111	-120	21	1790	111	-120	21	1790	111	-120	21	1790	111	-120	21	1790	111	-120	21	1790
112	-124	25	1815	112	-124	25	1815	112	-124	25	1815	112	-124	25	1815	112	-124	25	1815
113	-13	13	1828	113	-13	13	1828	113	-13	13	1828	113	-13	13	1828	113	-13	13	1828
114	-15	15	1843	114	-15	15	1843	114	-15	15	1843	114	-15	15	1843	114	-15	15	1843
115	-117	18	1861	115	-117	18	1861	115	-117	18	1861	115	-117	18	1861	115	-117	18	1861
116	-15	15	1876	116	-15	15	1876	116	-15	15	1876	116	-15	15	1876	116	-15	15	1876
117	-13	13	1889	117	-13	13	1889	117	-13	13	1889	117	-13	13	1889	117	-13	13	1889
118	-13	13	1902	118	-13	13	1902	118	-13	13	1902	118	-13	13	1902	118	-13	13	1902
119	-15	15	1917	119	-15	15	1917	119	-15	15	1917	119	-15	15	1917	119	-15	15	1917
120	-119	20	1937	120	-119	20	1937	120	-119	20	1937	120	-119	20	1937	120	-119	20	1937
121	-15	15	1952	121	-15	15	1952	121	-15	15	1952	121	-15	15	1952	121	-15	15	1952
122	-15	15	1967	122	-15	15	1967	122	-15	15	1967	122	-15	15	1967	122	-15	15	1967
123	-226	28	1995	123	-226	28	1995	123	-226	28	1995	123	-226	28	1995	123	-226	28	1995
124	-13	13	2008	124	-13	13	2008	124	-13	13	2008	124	-13	13	2008	124	-13	13	2008
125	-13	13	2021	125	-13	13	2021	125	-13	13	2021	125	-13	13	2021	125	-13	13	2021
126	-15	15	2036	126	-15	15	2036	126	-15	15	2036	126	-15	15	2036	126	-15	15	2036
127	-17	17	2053	127	-17	17	2053	127	-17	17	2053	127	-17	17	2053	127	-17	17	2053
128	-15	15	2068	128	-15	15	2068	128	-15	15	2068	128	-15	15	2068	128	-15	15	2068
129	-15	15	2083	129	-15	15	2083	129	-15	15	2083	129	-15	15	2083	129	-15	15	2083
130	-17	17	2100	130	-17	17	2100	130	-17	17	2100	130	-17	17	2100	130	-17	17	2100
131	-126	27	2127	131	-126	27	2127	131	-126	27	2127	131	-126	27	2127	131	-126	27	2127
132	-15	15	2142	132	-15	15	2142	132	-15	15	2142	132	-15	15	2142	132	-15	15	2142
133	-13	13	2155	133	-13	13	2155	133	-13	13	2155	133	-13	13	2155	133	-13	13	2155
134	-17	17	2172	134	-17	17	2172	134	-17	17	2172	134	-17	17	2172	134	-17	17	2172
135	-223	25	2197	135	-223	25	2197	135	-223	25	2197	135	-223	25	2197	135	-223	25	2197
136	-13	13	2210	136	-13	13	2210	136	-13	13	2210	136	-13	13	2210	136	-13	13	2210
137	-13	13	2223	137	-13	13	2223	137	-13	13	2223	137	-13	13	2223	137	-13	13	2223
138	-13	13	2236	138	-13	13	2236	138	-13	13	2236	138	-13	13	2236	138	-13	13	2236
139	-126	27	2263	139	-126	27	2263	139	-126	27	2263	139	-126	27	2263	139	-126	27	2263
140	-15	15	2278	140	-15	15	2278	140	-15	15	2278	140	-15	15	2278	140	-15	15	2278
141	-20	20	2298	141	-20	20	2298	141	-20	20	2298	141	-20	20	2298	141	-20	20	2298
142	-123	24	2322	142	-123	24	2322	142	-123	24	2322	142	-123	24	2322	142	-123	24	2322
143	-118	19	2341	143	-118	19	2341	143	-118	19	2341	143	-118	19	2341	143	-118	19	2341
144	-15	15	2356	144	-15	15	2356	144	-15	15	2356	144	-15	15	2356	144	-15	15	2356
145	-13	13	2369	145	-13	13	2369	145	-13	13	2369	145	-13	13	2369	145	-13	13	2369
146	-15	15	2384	146	-15	15	2384	146	-15	15	2384	146	-15	15	2384	146	-15	15	2384
147	-15	15	2399	147	-15	15	2399	147	-15	15	2399	147	-15	15	2399	147	-15	15	2399
148	-15	15	2414	148	-15	15	2414	148	-15	15	2414	148	-15	15	2414	148	-15	15	2414
149	-13	13	2427	149	-13	13	2427	149	-13	13	2427	149	-13	13	2427	149	-13	13	2427
150	-15	15	2442	150	-15	15	2442	150	-15	15	2442	150	-15	15	2442	150	-15	15	2442
151	-17	17	2459	151	-17	17	2459	151	-17	17	2459	151	-17	17	2459	151	-17	17	2459
152	-15	15	2474	152	-15	15	2474	152	-15	15	2474	152	-15	15	2474	152	-15	15	2474
153	-445	49	2523	153	-445	49	2523	153	-445	49	2523	153	-445	49	2523	153	-445	49	2523
154	-13	13	2536	154	-13	13	2536	154	-13	13	2536	154	-13	13	2536	154	-13	13	2536
155	-13	13	2549	155	-13	13	2549	155	-13	13	2549	155	-13	13	2549	155	-13	13	2549
156	-15	15	2564	156	-15	15	2564	156	-15	15	2564	156	-15	15	2564	156	-15	15	2564
157	-15	15	2579	157	-15	15	2579	157	-15	15	2579	157	-15	15	2579	157	-15	15	2579
158	-15	15	2594	158	-15	15	2594	158	-15	15	2594	158	-15	15	2594	158	-15	15	2594
159	-13	13	2607	159	-13	13	2607	159	-13	13	2607	159	-13	13	2607	159	-13	13	2607
160	-13	13	2620	160	-13	13	2620	160	-13	13	2620	160	-13	13	2620	160	-13	13	2620
161	-15	15	2635	161	-15	15	2635	161	-15	15	2635	161	-15	15	2635	161	-15	15	2635
162	-122	23	2658	162	-122	23	2658	162	-122	23	2658	162	-122	23	2658	162	-122	23	2658
163	-15	15	2673	163	-15	15	2673	163	-15	15	2673	163	-15	15	2673	163	-15	15	2673
164	-219	21	2694	164	-219	21	2694	164	-219	21	2694	164	-219	21	2694	164	-219	21	2694
165	-19	19	2713	165	-19	19	2713	165	-19	19	2713	165	-19	19	2713	165	-19	19	2713
166	-13	13	2726	166	-13	13	2726	166	-13	13	2726	166	-13	13	2726	166	-13	13	2726
167	-13	13	2739	167	-13	13	2739	167	-13	13	2739	167	-13	13	2739	167	-13	13	2739
168	-15	15	2754	168	-15	15	2754	168	-15	15	2754	168	-15	15	2754	168	-15	15	2754
169	-17	17	2771	169	-17	17	2771	169	-17	17	2771	169	-17	17	2771	169	-17	17	2771
170	-13	13	2784	170	-13	13	2784	170	-13	13	2784	170	-13	13	2784	170	-13	13	2784
171	-17	17	2801	171	-17	17	2801	171	-17	17	2801	171	-17	17	2801	171	-17	17	2801
172	-15	15	2816	172	-15	15	2816	172	-15	15	2816	172	-15	15	2816	172	-15	15	2816
173	-15	15	2831	173	-15	15	2831	173	-15	15	2831	173	-15	15	2831	173	-15	15	2831
174	-13	13	2844	174	-13	13	2844	174	-13	13	2844	174	-13	13	2844	174	-13	13	2844
175	-14	14	2858	175	-14	14	2858	175	-14	14	2858	175	-14	14	2858	175	-14	14	2858
176	-18	18	2876	176	-18	18	2876	176	-18	18	2876	176	-18	18	2876	176	-18	18	2876
177	-13	13	2889	177	-13	13	2889	177	-13	13	2889	177	-13	13	2889	177	-13	13	2889
178	-13	13	2902	178	-13	13	2902	178	-13	13	2902	178	-13	13	2902	178	-13	13	2902
179	-13	13	2915	179	-13	13	2915	179	-13	13	2915	179	-13	13	2915	179	-13	13	2915
180	-13	13	2928	180	-13	13	2928	180	-13	13	2928	180	-13	13	2928	180	-13	13	2928
181	-14	14	2942	181	-14	14	2942	181	-14	14	2942	181	-14	14	2942	181	-14	14	2942
182	-17	17	2959	182	-17	17	2959	182	-17	17	2959	182	-17	17	2959	182	-17	17	2959
183	-17	17	2976	183	-17	17	2976	183	-17	17	2976	183	-17	17	2976	183	-17	17	2976
184	-13	13	2989	184	-13	13	2989	184	-13	13	2989	184	-13	13	2989	184	-13	13	2989
185	-13	13	3002	185	-13	13	3002	185	-13	13	3002	185	-13	13	3002	185	-13	13	3002
186	-14	14	3016	186	-14	14	3016	186	-14	14	3016	186	-14	14	3016	186	-14	14	3016
187	-17	17	3033	187	-17	17	3033	187	-17	17	3033	187	-17	17	3033	187	-17	17	3033
188	-15	15	3048	188	-15	15	3048	188	-15	15	3048	188	-15	15	3048	188	-15	15	3048
189	-124	25	3073	189	-124	25	3073	189	-124	25	3073	189	-124	25	3073	189	-124	25	3073
190	-13	13	3086	190	-13	13	3086	190	-13	13	3086	190	-13	13	3086	190	-13	13	3086
191	-119	20	3106	191	-119	20	3106	191	-119	20	3106	191	-119	20	3106	191	-119	20	3106
192	-118	19	3125	192	-118	19	3125	192	-118	19	3125	192	-118	19	3125	192	-118	19	3125
193	-15	15	3140	193	-15	15	3140	193	-15	15	3140	193	-15	15	3140	193	-15	15	3140
194	-13	13	3153	194	-13	13	3153	194	-13	13	3153	194	-13	13	3153	194	-13	13	3153
195	-213	15	3168	195	-213	15	3168	195	-213	15	3168	195	-213	15	3168	195	-213	15	3168
196	-15	15	3183	196	-15	15	3183	196	-15	15	3183	196	-15	15	3183	196	-15	15	3183
197	-130	31	3214	197	-130	31	3214	197	-130	31	3214	197	-130	31	3214	197	-130	31	3214
198	-14	14	3228	198	-14	14	3228	198	-14	14	3228	198	-14	14	3228	198	-14	14	3228
199	-17	17	3245	199	-17	17	3245	199	-17	17	3245	199	-17	17	3245	199	-17	17	3245
