Episode	Accumulated Reward	Length	Steps	Episode	Accumulated Reward	Length	Steps	Episode	Accumulated Reward	Length	Steps	Episode	Accumulated Reward	Length	Steps	Episode	Accumulated Reward	Length	Steps	Episode	Accumulated Reward	Length	Steps	Episode	Accumulated Reward	Length	Steps	Episode	Accumulated Reward	Length	Steps	Episode	Accumulated Reward	Length	Steps
0	-200.0	200	200	0	-200.0	200	200	0	-200.0	200	200	0	-200.0	200	200	0	-200.0	200	200	0	-200.0	200	200	0	-200.0	200	200	0	-200.0	200	200	0	-200.0	200	200
1	-200.0	200	400	1	-200.0	200	400	1	-200.0	200	400	1	-200.0	200	400	1	-200.0	200	400	1	-200.0	200	400	1	-200.0	200	400	1	-200.0	200	400	1	-200.0	200	400
2	-200.0	200	600	2	-200.0	200	600	2	-200.0	200	600	2	-200.0	200	600	2	-200.0	200	600	2	-200.0	200	600	2	-200.0	200	600	2	-200.0	200	600	2	-200.0	200	600
3	-200.0	200	800	3	-200.0	200	800	3	-200.0	200	800	3	-200.0	200	800	3	-200.0	200	800	3	-200.0	200	800	3	-200.0	200	800	3	-200.0	200	800	3	-200.0	200	800
4	-200.0	200	1000	4	-200.0	200	1000	4	-200.0	200	1000	4	-200.0	200	1000	4	-200.0	200	1000	4	-200.0	200	1000	4	-200.0	200	1000	4	-200.0	200	1000	4	-200.0	200	1000
5	-200.0	200	1200	5	-200.0	200	1200	5	-200.0	200	1200	5	-200.0	200	1200	5	-200.0	200	1200	5	-200.0	200	1200	5	-200.0	200	1200	5	-200.0	200	1200	5	-200.0	200	1200
6	-200.0	200	1400	6	-200.0	200	1400	6	-200.0	200	1400	6	-200.0	200	1400	6	-200.0	200	1400	6	-200.0	200	1400	6	-200.0	200	1400	6	-200.0	200	1400	6	-200.0	200	1400
7	-200.0	200	1600	7	-200.0	200	1600	7	-200.0	200	1600	7	-200.0	200	1600	7	-200.0	200	1600	7	-200.0	200	1600	7	-200.0	200	1600	7	-200.0	200	1600	7	-200.0	200	1600
8	-200.0	200	1800	8	-200.0	200	1800	8	-200.0	200	1800	8	-200.0	200	1800	8	-200.0	200	1800	8	-200.0	200	1800	8	-200.0	200	1800	8	-200.0	200	1800	8	-200.0	200	1800
9	-200.0	200	2000	9	-200.0	200	2000	9	-200.0	200	2000	9	-200.0	200	2000	9	-200.0	200	2000	9	-200.0	200	2000	9	-200.0	200	2000	9	-200.0	200	2000	9	-200.0	200	2000
10	-200.0	200	2200	10	-200.0	200	2200	10	-200.0	200	2200	10	-200.0	200	2200	10	-200.0	200	2200	10	-200.0	200	2200	10	-200.0	200	2200	10	-200.0	200	2200	10	-200.0	200	2200
11	-200.0	200	2400	11	-200.0	200	2400	11	-200.0	200	2400	11	-200.0	200	2400	11	-200.0	200	2400	11	-200.0	200	2400	11	-200.0	200	2400	11	-200.0	200	2400	11	-200.0	200	2400
12	-166.0	166	2566	12	-166.0	166	2566	12	-166.0	166	2566	12	-166.0	166	2566	12	-166.0	166	2566	12	-166.0	166	2566	12	-166.0	166	2566	12	-166.0	166	2566	12	-166.0	166	2566
13	-200.0	200	2766	13	-200.0	200	2766	13	-200.0	200	2766	13	-200.0	200	2766	13	-200.0	200	2766	13	-200.0	200	2766	13	-200.0	200	2766	13	-200.0	200	2766	13	-200.0	200	2766
14	-200.0	200	2966	14	-200.0	200	2966	14	-200.0	200	2966	14	-200.0	200	2966	14	-200.0	200	2966	14	-200.0	200	2966	14	-200.0	200	2966	14	-200.0	200	2966	14	-200.0	200	2966
15	-200.0	200	3166	15	-200.0	200	3166	15	-200.0	200	3166	15	-200.0	200	3166	15	-200.0	200	3166	15	-200.0	200	3166	15	-200.0	200	3166	15	-200.0	200	3166	15	-200.0	200	3166
16	-177.0	177	3343	16	-177.0	177	3343	16	-177.0	177	3343	16	-177.0	177	3343	16	-177.0	177	3343	16	-177.0	177	3343	16	-177.0	177	3343	16	-177.0	177	3343	16	-177.0	177	3343
17	-200.0	200	3543	17	-200.0	200	3543	17	-200.0	200	3543	17	-200.0	200	3543	17	-200.0	200	3543	17	-200.0	200	3543	17	-200.0	200	3543	17	-200.0	200	3543	17	-200.0	200	3543
18	-200.0	200	3743	18	-200.0	200	3743	18	-200.0	200	3743	18	-200.0	200	3743	18	-200.0	200	3743	18	-200.0	200	3743	18	-200.0	200	3743	18	-200.0	200	3743	18	-200.0	200	3743
19	-200.0	200	3943	19	-200.0	200	3943	19	-200.0	200	3943	19	-200.0	200	3943	19	-200.0	200	3943	19	-200.0	200	3943	19	-200.0	200	3943	19	-200.0	200	3943	19	-200.0	200	3943
20	-200.0	200	4143	20	-200.0	200	4143	20	-200.0	200	4143	20	-200.0	200	4143	20	-200.0	200	4143	20	-200.0	200	4143	20	-200.0	200	4143	20	-200.0	200	4143	20	-200.0	200	4143
21	-200.0	200	4343	21	-200.0	200	4343	21	-200.0	200	4343	21	-200.0	200	4343	21	-200.0	200	4343	21	-200.0	200	4343	21	-200.0	200	4343	21	-200.0	200	4343	21	-200.0	200	4343
22	-166.0	166	4509	22	-166.0	166	4509	22	-166.0	166	4509	22	-166.0	166	4509	22	-166.0	166	4509	22	-166.0	166	4509	22	-166.0	166	4509	22	-166.0	166	4509	22	-166.0	166	4509
23	-156.0	156	4665	23	-156.0	156	4665	23	-156.0	156	4665	23	-156.0	156	4665	23	-156.0	156	4665	23	-156.0	156	4665	23	-156.0	156	4665	23	-156.0	156	4665	23	-156.0	156	4665
24	-165.0	165	4830	24	-165.0	165	4830	24	-165.0	165	4830	24	-165.0	165	4830	24	-165.0	165	4830	24	-165.0	165	4830	24	-165.0	165	4830	24	-165.0	165	4830	24	-165.0	165	4830
25	-158.0	158	4988	25	-158.0	158	4988	25	-158.0	158	4988	25	-158.0	158	4988	25	-158.0	158	4988	25	-158.0	158	4988	25	-158.0	158	4988	25	-158.0	158	4988	25	-158.0	158	4988
26	-200.0	200	5188	26	-200.0	200	5188	26	-200.0	200	5188	26	-200.0	200	5188	26	-200.0	200	5188	26	-200.0	200	5188	26	-200.0	200	5188	26	-200.0	200	5188	26	-200.0	200	5188
27	-200.0	200	5388	27	-200.0	200	5388	27	-200.0	200	5388	27	-200.0	200	5388	27	-200.0	200	5388	27	-200.0	200	5388	27	-200.0	200	5388	27	-200.0	200	5388	27	-200.0	200	5388
28	-200.0	200	5588	28	-200.0	200	5588	28	-200.0	200	5588	28	-200.0	200	5588	28	-200.0	200	5588	28	-200.0	200	5588	28	-200.0	200	5588	28	-200.0	200	5588	28	-200.0	200	5588
29	-200.0	200	5788	29	-200.0	200	5788	29	-200.0	200	5788	29	-200.0	200	5788	29	-200.0	200	5788	29	-200.0	200	5788	29	-200.0	200	5788	29	-200.0	200	5788	29	-200.0	200	5788
30	-154.0	154	5942	30	-154.0	154	5942	30	-154.0	154	5942	30	-154.0	154	5942	30	-154.0	154	5942	30	-154.0	154	5942	30	-154.0	154	5942	30	-154.0	154	5942	30	-154.0	154	5942
31	-151.0	151	6093	31	-151.0	151	6093	31	-151.0	151	6093	31	-151.0	151	6093	31	-151.0	151	6093	31	-151.0	151	6093	31	-151.0	151	6093	31	-151.0	151	6093	31	-151.0	151	6093
32	-144.0	144	6237	32	-144.0	144	6237	32	-144.0	144	6237	32	-144.0	144	6237	32	-144.0	144	6237	32	-144.0	144	6237	32	-144.0	144	6237	32	-144.0	144	6237	32	-144.0	144	6237
33	-156.0	156	6393	33	-156.0	156	6393	33	-156.0	156	6393	33	-156.0	156	6393	33	-156.0	156	6393	33	-156.0	156	6393	33	-156.0	156	6393	33	-156.0	156	6393	33	-156.0	156	6393
34	-192.0	192	6585	34	-192.0	192	6585	34	-192.0	192	6585	34	-192.0	192	6585	34	-192.0	192	6585	34	-192.0	192	6585	34	-192.0	192	6585	34	-192.0	192	6585	34	-192.0	192	6585
35	-155.0	155	6740	35	-155.0	155	6740	35	-155.0	155	6740	35	-155.0	155	6740	35	-155.0	155	6740	35	-155.0	155	6740	35	-155.0	155	6740	35	-155.0	155	6740	35	-155.0	155	6740
36	-159.0	159	6899	36	-159.0	159	6899	36	-159.0	159	6899	36	-159.0	159	6899	36	-159.0	159	6899	36	-159.0	159	6899	36	-159.0	159	6899	36	-159.0	159	6899	36	-159.0	159	6899
37	-158.0	158	7057	37	-158.0	158	7057	37	-158.0	158	7057	37	-158.0	158	7057	37	-158.0	158	7057	37	-158.0	158	7057	37	-158.0	158	7057	37	-158.0	158	7057	37	-158.0	158	7057
38	-165.0	165	7222	38	-165.0	165	7222	38	-165.0	165	7222	38	-165.0	165	7222	38	-165.0	165	7222	38	-165.0	165	7222	38	-165.0	165	7222	38	-165.0	165	7222	38	-165.0	165	7222
39	-196.0	196	7418	39	-196.0	196	7418	39	-196.0	196	7418	39	-196.0	196	7418	39	-196.0	196	7418	39	-196.0	196	7418	39	-196.0	196	7418	39	-196.0	196	7418	39	-196.0	196	7418
40	-200.0	200	7618	40	-200.0	200	7618	40	-200.0	200	7618	40	-200.0	200	7618	40	-200.0	200	7618	40	-200.0	200	7618	40	-200.0	200	7618	40	-200.0	200	7618	40	-200.0	200	7618
41	-161.0	161	7779	41	-161.0	161	7779	41	-161.0	161	7779	41	-161.0	161	7779	41	-161.0	161	7779	41	-161.0	161	7779	41	-161.0	161	7779	41	-161.0	161	7779	41	-161.0	161	7779
42	-157.0	157	7936	42	-157.0	157	7936	42	-157.0	157	7936	42	-157.0	157	7936	42	-157.0	157	7936	42	-157.0	157	7936	42	-157.0	157	7936	42	-157.0	157	7936	42	-157.0	157	7936
43	-163.0	163	8099	43	-163.0	163	8099	43	-163.0	163	8099	43	-163.0	163	8099	43	-163.0	163	8099	43	-163.0	163	8099	43	-163.0	163	8099	43	-163.0	163	8099	43	-163.0	163	8099
44	-149.0	149	8248	44	-149.0	149	8248	44	-149.0	149	8248	44	-149.0	149	8248	44	-149.0	149	8248	44	-149.0	149	8248	44	-149.0	149	8248	44	-149.0	149	8248	44	-149.0	149	8248
45	-143.0	143	8391	45	-143.0	143	8391	45	-143.0	143	8391	45	-143.0	143	8391	45	-143.0	143	8391	45	-143.0	143	8391	45	-143.0	143	8391	45	-143.0	143	8391	45	-143.0	143	8391
46	-198.0	198	8589	46	-198.0	198	8589	46	-198.0	198	8589	46	-198.0	198	8589	46	-198.0	198	8589	46	-198.0	198	8589	46	-198.0	198	8589	46	-198.0	198	8589	46	-198.0	198	8589
47	-142.0	142	8731	47	-142.0	142	8731	47	-142.0	142	8731	47	-142.0	142	8731	47	-142.0	142	8731	47	-142.0	142	8731	47	-142.0	142	8731	47	-142.0	142	8731	47	-142.0	142	8731
48	-200.0	200	8931	48	-200.0	200	8931	48	-200.0	200	8931	48	-200.0	200	8931	48	-200.0	200	8931	48	-200.0	200	8931	48	-200.0	200	8931	48	-200.0	200	8931	48	-200.0	200	8931
49	-153.0	153	9084	49	-153.0	153	9084	49	-153.0	153	9084	49	-153.0	153	9084	49	-153.0	153	9084	49	-153.0	153	9084	49	-153.0	153	9084	49	-153.0	153	9084	49	-153.0	153	9084
50	-145.0	145	9229	50	-145.0	145	9229	50	-145.0	145	9229	50	-145.0	145	9229	50	-145.0	145	9229	50	-145.0	145	9229	50	-145.0	145	9229	50	-145.0	145	9229	50	-145.0	145	9229
51	-146.0	146	9375	51	-146.0	146	9375	51	-146.0	146	9375	51	-146.0	146	9375	51	-146.0	146	9375	51	-146.0	146	9375	51	-146.0	146	9375	51	-146.0	146	9375	51	-146.0	146	9375
52	-200.0	200	9575	52	-200.0	200	9575	52	-200.0	200	9575	52	-200.0	200	9575	52	-200.0	200	9575	52	-200.0	200	9575	52	-200.0	200	9575	52	-200.0	200	9575	52	-200.0	200	9575
53	-177.0	177	9752	53	-177.0	177	9752	53	-177.0	177	9752	53	-177.0	177	9752	53	-177.0	177	9752	53	-177.0	177	9752	53	-177.0	177	9752	53	-177.0	177	9752	53	-177.0	177	9752
54	-200.0	200	9952	54	-200.0	200	9952	54	-200.0	200	9952	54	-200.0	200	9952	54	-200.0	200	9952	54	-200.0	200	9952	54	-200.0	200	9952	54	-200.0	200	9952	54	-200.0	200	9952
55	-200.0	200	10152	55	-200.0	200	10152	55	-200.0	200	10152	55	-200.0	200	10152	55	-200.0	200	10152	55	-200.0	200	10152	55	-200.0	200	10152	55	-200.0	200	10152	55	-200.0	200	10152
56	-200.0	200	10352	56	-200.0	200	10352	56	-200.0	200	10352	56	-200.0	200	10352	56	-200.0	200	10352	56	-200.0	200	10352	56	-200.0	200	10352	56	-200.0	200	10352	56	-200.0	200	10352
57	-154.0	154	10506	57	-154.0	154	10506	57	-154.0	154	10506	57	-154.0	154	10506	57	-154.0	154	10506	57	-154.0	154	10506	57	-154.0	154	10506	57	-154.0	154	10506	57	-154.0	154	10506
58	-148.0	148	10654	58	-148.0	148	10654	58	-148.0	148	10654	58	-148.0	148	10654	58	-148.0	148	10654	58	-148.0	148	10654	58	-148.0	148	10654	58	-148.0	148	10654	58	-148.0	148	10654
59	-158.0	158	10812	59	-158.0	158	10812	59	-158.0	158	10812	59	-158.0	158	10812	59	-158.0	158	10812	59	-158.0	158	10812	59	-158.0	158	10812	59	-158.0	158	10812	59	-158.0	158	10812
60	-152.0	152	10964	60	-152.0	152	10964	60	-152.0	152	10964	60	-152.0	152	10964	60	-152.0	152	10964	60	-152.0	152	10964	60	-152.0	152	10964	60	-152.0	152	10964	60	-152.0	152	10964
61	-147.0	147	11111	61	-147.0	147	11111	61	-147.0	147	11111	61	-147.0	147	11111	61	-147.0	147	11111	61	-147.0	147	11111	61	-147.0	147	11111	61	-147.0	147	11111	61	-147.0	147	11111
62	-189.0	189	11300	62	-189.0	189	11300	62	-189.0	189	11300	62	-189.0	189	11300	62	-189.0	189	11300	62	-189.0	189	11300	62	-189.0	189	11300	62	-189.0	189	11300	62	-189.0	189	11300
63	-170.0	170	11470	63	-170.0	170	11470	63	-170.0	170	11470	63	-170.0	170	11470	63	-170.0	170	11470	63	-170.0	170	11470	63	-170.0	170	11470	63	-170.0	170	11470	63	-170.0	170	11470
64	-146.0	146	11616	64	-146.0	146	11616	64	-146.0	146	11616	64	-146.0	146	11616	64	-146.0	146	11616	64	-146.0	146	11616	64	-146.0	146	11616	64	-146.0	146	11616	64	-146.0	146	11616
65	-138.0	138	11754	65	-138.0	138	11754	65	-138.0	138	11754	65	-138.0	138	11754	65	-138.0	138	11754	65	-138.0	138	11754	65	-138.0	138	11754	65	-138.0	138	11754	65	-138.0	138	11754
66	-144.0	144	11898	66	-144.0	144	11898	66	-144.0	144	11898	66	-144.0	144	11898	66	-144.0	144	11898	66	-144.0	144	11898	66	-144.0	144	11898	66	-144.0	144	11898	66	-144.0	144	11898
67	-139.0	139	12037	67	-139.0	139	12037	67	-139.0	139	12037	67	-139.0	139	12037	67	-139.0	139	12037	67	-139.0	139	12037	67	-139.0	139	12037	67	-139.0	139	12037	67	-139.0	139	12037
68	-111.0	111	12148	68	-111.0	111	12148	68	-111.0	111	12148	68	-111.0	111	12148	68	-111.0	111	12148	68	-111.0	111	12148	68	-111.0	111	12148	68	-111.0	111	12148	68	-111.0	111	12148
69	-153.0	153	12301	69	-153.0	153	12301	69	-153.0	153	12301	69	-153.0	153	12301	69	-153.0	153	12301	69	-153.0	153	12301	69	-153.0	153	12301	69	-153.0	153	12301	69	-153.0	153	12301
70	-154.0	154	12455	70	-154.0	154	12455	70	-154.0	154	12455	70	-154.0	154	12455	70	-154.0	154	12455	70	-154.0	154	12455	70	-154.0	154	12455	70	-154.0	154	12455	70	-154.0	154	12455
71	-146.0	146	12601	71	-146.0	146	12601	71	-146.0	146	12601	71	-146.0	146	12601	71	-146.0	146	12601	71	-146.0	146	12601	71	-146.0	146	12601	71	-146.0	146	12601	71	-146.0	146	12601
72	-142.0	142	12743	72	-142.0	142	12743	72	-142.0	142	12743	72	-142.0	142	12743	72	-142.0	142	12743	72	-142.0	142	12743	72	-142.0	142	12743	72	-142.0	142	12743	72	-142.0	142	12743
73	-137.0	137	12880	73	-137.0	137	12880	73	-137.0	137	12880	73	-137.0	137	12880	73	-137.0	137	12880	73	-137.0	137	12880	73	-137.0	137	12880	73	-137.0	137	12880	73	-137.0	137	12880
74	-154.0	154	13034	74	-154.0	154	13034	74	-154.0	154	13034	74	-154.0	154	13034	74	-154.0	154	13034	74	-154.0	154	13034	74	-154.0	154	13034	74	-154.0	154	13034	74	-154.0	154	13034
75	-128.0	128	13162	75	-128.0	128	13162	75	-128.0	128	13162	75	-128.0	128	13162	75	-128.0	128	13162	75	-128.0	128	13162	75	-128.0	128	13162	75	-128.0	128	13162	75	-128.0	128	13162
76	-114.0	114	13276	76	-114.0	114	13276	76	-114.0	114	13276	76	-114.0	114	13276	76	-114.0	114	13276	76	-114.0	114	13276	76	-114.0	114	13276	76	-114.0	114	13276	76	-114.0	114	13276
77	-150.0	150	13426	77	-150.0	150	13426	77	-150.0	150	13426	77	-150.0	150	13426	77	-150.0	150	13426	77	-150.0	150	13426	77	-150.0	150	13426	77	-150.0	150	13426	77	-150.0	150	13426
78	-127.0	127	13553	78	-127.0	127	13553	78	-127.0	127	13553	78	-127.0	127	13553	78	-127.0	127	13553	78	-127.0	127	13553	78	-127.0	127	13553	78	-127.0	127	13553	78	-127.0	127	13553
79	-144.0	144	13697	79	-144.0	144	13697	79	-144.0	144	13697	79	-144.0	144	13697	79	-144.0	144	13697	79	-144.0	144	13697	79	-144.0	144	13697	79	-144.0	144	13697	79	-144.0	144	13697
80	-144.0	144	13841	80	-144.0	144	13841	80	-144.0	144	13841	80	-144.0	144	13841	80	-144.0	144	13841	80	-144.0	144	13841	80	-144.0	144	13841	80	-144.0	144	13841	80	-144.0	144	13841
81	-135.0	135	13976	81	-135.0	135	13976	81	-135.0	135	13976	81	-135.0	135	13976	81	-135.0	135	13976	81	-135.0	135	13976	81	-135.0	135	13976	81	-135.0	135	13976	81	-135.0	135	13976
82	-146.0	146	14122	82	-146.0	146	14122	82	-146.0	146	14122	82	-146.0	146	14122	82	-146.0	146	14122	82	-146.0	146	14122	82	-146.0	146	14122	82	-146.0	146	14122	82	-146.0	146	14122
83	-160.0	160	14282	83	-160.0	160	14282	83	-160.0	160	14282	83	-160.0	160	14282	83	-160.0	160	14282	83	-160.0	160	14282	83	-160.0	160	14282	83	-160.0	160	14282	83	-160.0	160	14282
84	-181.0	181	14463	84	-181.0	181	14463	84	-181.0	181	14463	84	-181.0	181	14463	84	-181.0	181	14463	84	-181.0	181	14463	84	-181.0	181	14463	84	-181.0	181	14463	84	-181.0	181	14463
85	-183.0	183	14646	85	-183.0	183	14646	85	-183.0	183	14646	85	-183.0	183	14646	85	-183.0	183	14646	85	-183.0	183	14646	85	-183.0	183	14646	85	-183.0	183	14646	85	-183.0	183	14646
86	-186.0	186	14832	86	-186.0	186	14832	86	-186.0	186	14832	86	-186.0	186	14832	86	-186.0	186	14832	86	-186.0	186	14832	86	-186.0	186	14832	86	-186.0	186	14832	86	-186.0	186	14832
87	-181.0	181	15013	87	-181.0	181	15013	87	-181.0	181	15013	87	-181.0	181	15013	87	-181.0	181	15013	87	-181.0	181	15013	87	-181.0	181	15013	87	-181.0	181	15013	87	-181.0	181	15013
88	-142.0	142	15155	88	-142.0	142	15155	88	-142.0	142	15155	88	-142.0	142	15155	88	-142.0	142	15155	88	-142.0	142	15155	88	-142.0	142	15155	88	-142.0	142	15155	88	-142.0	142	15155
89	-184.0	184	15339	89	-184.0	184	15339	89	-184.0	184	15339	89	-184.0	184	15339	89	-184.0	184	15339	89	-184.0	184	15339	89	-184.0	184	15339	89	-184.0	184	15339	89	-184.0	184	15339
90	-155.0	155	15494	90	-155.0	155	15494	90	-155.0	155	15494	90	-155.0	155	15494	90	-155.0	155	15494	90	-155.0	155	15494	90	-155.0	155	15494	90	-155.0	155	15494	90	-155.0	155	15494
91	-142.0	142	15636	91	-142.0	142	15636	91	-142.0	142	15636	91	-142.0	142	15636	91	-142.0	142	15636	91	-142.0	142	15636	91	-142.0	142	15636	91	-142.0	142	15636	91	-142.0	142	15636
92	-144.0	144	15780	92	-144.0	144	15780	92	-144.0	144	15780	92	-144.0	144	15780	92	-144.0	144	15780	92	-144.0	144	15780	92	-144.0	144	15780	92	-144.0	144	15780	92	-144.0	144	15780
93	-146.0	146	15926	93	-146.0	146	15926	93	-146.0	146	15926	93	-146.0	146	15926	93	-146.0	146	15926	93	-146.0	146	15926	93	-146.0	146	15926	93	-146.0	146	15926	93	-146.0	146	15926
94	-147.0	147	16073	94	-147.0	147	16073	94	-147.0	147	16073	94	-147.0	147	16073	94	-147.0	147	16073	94	-147.0	147	16073	94	-147.0	147	16073	94	-147.0	147	16073	94	-147.0	147	16073
95	-143.0	143	16216	95	-143.0	143	16216	95	-143.0	143	16216	95	-143.0	143	16216	95	-143.0	143	16216	95	-143.0	143	16216	95	-143.0	143	16216	95	-143.0	143	16216	95	-143.0	143	16216
96	-147.0	147	16363	96	-147.0	147	16363	96	-147.0	147	16363	96	-147.0	147	16363	96	-147.0	147	16363	96	-147.0	147	16363	96	-147.0	147	16363	96	-147.0	147	16363	96	-147.0	147	16363
97	-145.0	145	16508	97	-145.0	145	16508	97	-145.0	145	16508	97	-145.0	145	16508	97	-145.0	145	16508	97	-145.0	145	16508	97	-145.0	145	16508	97	-145.0	145	16508	97	-145.0	145	16508
98	-145.0	145	16653	98	-145.0	145	16653	98	-145.0	145	16653	98	-145.0	145	16653	98	-145.0	145	16653	98	-145.0	145	16653	98	-145.0	145	16653	98	-145.0	145	16653	98	-145.0	145	16653
99	-144.0	144	16797	99	-144.0	144	16797	99	-144.0	144	16797	99	-144.0	144	16797	99	-144.0	144	16797	99	-144.0	144	16797	99	-144.0	144	16797	99	-144.0	144	16797	99	-144.0	144	16797
100	-140.0	140	16937	100	-140.0	140	16937	100	-140.0	140	16937	100	-140.0	140	16937	100	-140.0	140	16937	100	-140.0	140	16937	100	-140.0	140	16937	100	-140.0	140	16937	100	-140.0	140	16937
101	-141.0	141	17078	101	-141.0	141	17078	101	-141.0	141	17078	101	-141.0	141	17078	101	-141.0	141	17078	101	-141.0	141	17078	101	-141.0	141	17078	101	-141.0	141	17078	101	-141.0	141	17078
102	-146.0	146	17224	102	-146.0	146	17224	102	-146.0	146	17224	102	-146.0	146	17224	102	-146.0	146	17224	102	-146.0	146	17224	102	-146.0	146	17224	102	-146.0	146	17224	102	-146.0	146	17224
103	-141.0	141	17365	103	-141.0	141	17365	103	-141.0	141	17365	103	-141.0	141	17365	103	-141.0	141	17365	103	-141.0	141	17365	103	-141.0	141	17365	103	-141.0	141	17365	103	-141.0	141	17365
104	-139.0	139	17504	104	-139.0	139	17504	104	-139.0	139	17504	104	-139.0	139	17504	104	-139.0	139	17504	104	-139.0	139	17504	104	-139.0	139	17504	104	-139.0	139	17504	104	-139.0	139	17504
105	-139.0	139	17643	105	-139.0	139	17643	105	-139.0	139	17643	105	-139.0	139	17643	105	-139.0	139	17643	105	-139.0	139	17643	105	-139.0	139	17643	105	-139.0	139	17643	105	-139.0	139	17643
106	-152.0	152	17795	106	-152.0	152	17795	106	-152.0	152	17795	106	-152.0	152	17795	106	-152.0	152	17795	106	-152.0	152	17795	106	-152.0	152	17795	106	-152.0	152	17795	106	-152.0	152	17795
107	-179.0	179	17974	107	-179.0	179	17974	107	-179.0	179	17974	107	-179.0	179	17974	107	-179.0	179	17974	107	-179.0	179	17974	107	-179.0	179	17974	107	-179.0	179	17974	107	-179.0	179	17974
108	-148.0	148	18122	108	-148.0	148	18122	108	-148.0	148	18122	108	-148.0	148	18122	108	-148.0	148	18122	108	-148.0	148	18122	108	-148.0	148	18122	108	-148.0	148	18122	108	-148.0	148	18122
109	-178.0	178	18300	109	-178.0	178	18300	109	-178.0	178	18300	109	-178.0	178	18300	109	-178.0	178	18300	109	-178.0	178	18300	109	-178.0	178	18300	109	-178.0	178	18300	109	-178.0	178	18300
110	-111.0	111	18411	110	-111.0	111	18411	110	-111.0	111	18411	110	-111.0	111	18411	110	-111.0	111	18411	110	-111.0	111	18411	110	-111.0	111	18411	110	-111.0	111	18411	110	-111.0	111	18411
111	-113.0	113	18524	111	-113.0	113	18524	111	-113.0	113	18524	111	-113.0	113	18524	111	-113.0	113	18524	111	-113.0	113	18524	111	-113.0	113	18524	111	-113.0	113	18524	111	-113.0	113	18524
112	-181.0	181	18705	112	-181.0	181	18705	112	-181.0	181	18705	112	-181.0	181	18705	112	-181.0	181	18705	112	-181.0	181	18705	112	-181.0	181	18705	112	-181.0	181	18705	112	-181.0	181	18705
113	-112.0	112	18817	113	-112.0	112	18817	113	-112.0	112	18817	113	-112.0	112	18817	113	-112.0	112	18817	113	-112.0	112	18817	113	-112.0	112	18817	113	-112.0	112	18817	113	-112.0	112	18817
114	-159.0	159	18976	114	-159.0	159	18976	114	-159.0	159	18976	114	-159.0	159	18976	114	-159.0	159	18976	114	-159.0	159	18976	114	-159.0	159	18976	114	-159.0	159	18976	114	-159.0	159	18976
115	-109.0	109	19085	115	-109.0	109	19085	115	-109.0	109	19085	115	-109.0	109	19085	115	-109.0	109	19085	115	-109.0	109	19085	115	-109.0	109	19085	115	-109.0	109	19085	115	-109.0	109	19085
116	-114.0	114	19199	116	-114.0	114	19199	116	-114.0	114	19199	116	-114.0	114	19199	116	-114.0	114	19199	116	-114.0	114	19199	116	-114.0	114	19199	116	-114.0	114	19199	116	-114.0	114	19199
117	-153.0	153	19352	117	-153.0	153	19352	117	-153.0	153	19352	117	-153.0	153	19352	117	-153.0	153	19352	117	-153.0	153	19352	117	-153.0	153	19352	117	-153.0	153	19352	117	-153.0	153	19352
118	-151.0	151	19503	118	-151.0	151	19503	118	-151.0	151	19503	118	-151.0	151	19503	118	-151.0	151	19503	118	-151.0	151	19503	118	-151.0	151	19503	118	-151.0	151	19503	118	-151.0	151	19503
119	-144.0	144	19647	119	-144.0	144	19647	119	-144.0	144	19647	119	-144.0	144	19647	119	-144.0	144	19647	119	-144.0	144	19647	119	-144.0	144	19647	119	-144.0	144	19647	119	-144.0	144	19647
120	-138.0	138	19785	120	-138.0	138	19785	120	-138.0	138	19785	120	-138.0	138	19785	120	-138.0	138	19785	120	-138.0	138	19785	120	-138.0	138	19785	120	-138.0	138	19785	120	-138.0	138	19785
121	-125.0	125	19910	121	-125.0	125	19910	121	-125.0	125	19910	121	-125.0	125	19910	121	-125.0	125	19910	121	-125.0	125	19910	121	-125.0	125	19910	121	-125.0	125	19910	121	-125.0	125	19910
122	-143.0	143	20053	122	-143.0	143	20053	122	-143.0	143	20053	122	-143.0	143	20053	122	-143.0	143	20053	122	-143.0	143	20053	122	-143.0	143	20053	122	-143.0	143	20053	122	-143.0	143	20053
123	-174.0	174	20227	123	-174.0	174	20227	123	-174.0	174	20227	123	-174.0	174	20227	123	-174.0	174	20227	123	-174.0	174	20227	123	-174.0	174	20227	123	-174.0	174	20227	123	-174.0	174	20227
124	-167.0	167	20394	124	-167.0	167	20394	124	-167.0	167	20394	124	-167.0	167	20394	124	-167.0	167	20394	124	-167.0	167	20394	124	-167.0	167	20394	124	-167.0	167	20394	124	-167.0	167	20394
125	-176.0	176	20570	125	-176.0	176	20570	125	-176.0	176	20570	125	-176.0	176	20570	125	-176.0	176	20570	125	-176.0	176	20570	125	-176.0	176	20570	125	-176.0	176	20570	125	-176.0	176	20570
126	-141.0	141	20711	126	-141.0	141	20711	126	-141.0	141	20711	126	-141.0	141	20711	126	-141.0	141	20711	126	-141.0	141	20711	126	-141.0	141	20711	126	-141.0	141	20711	126	-141.0	141	20711
127	-171.0	171	20882	127	-171.0	171	20882	127	-171.0	171	20882	127	-171.0	171	20882	127	-171.0	171	20882	127	-171.0	171	20882	127	-171.0	171	20882	127	-171.0	171	20882	127	-171.0	171	20882
128	-169.0	169	21051	128	-169.0	169	21051	128	-169.0	169	21051	128	-169.0	169	21051	128	-169.0	169	21051	128	-169.0	169	21051	128	-169.0	169	21051	128	-169.0	169	21051	128	-169.0	169	21051
129	-173.0	173	21224	129	-173.0	173	21224	129	-173.0	173	21224	129	-173.0	173	21224	129	-173.0	173	21224	129	-173.0	173	21224	129	-173.0	173	21224	129	-173.0	173	21224	129	-173.0	173	21224
130	-200.0	200	21424	130	-200.0	200	21424	130	-200.0	200	21424	130	-200.0	200	21424	130	-200.0	200	21424	130	-200.0	200	21424	130	-200.0	200	21424	130	-200.0	200	21424	130	-200.0	200	21424
131	-146.0	146	21570	131	-146.0	146	21570	131	-146.0	146	21570	131	-146.0	146	21570	131	-146.0	146	21570	131	-146.0	146	21570	131	-146.0	146	21570	131	-146.0	146	21570	131	-146.0	146	21570
132	-200.0	200	21770	132	-200.0	200	21770	132	-200.0	200	21770	132	-200.0	200	21770	132	-200.0	200	21770	132	-200.0	200	21770	132	-200.0	200	21770	132	-200.0	200	21770	132	-200.0	200	21770
133	-197.0	197	21967	133	-197.0	197	21967	133	-197.0	197	21967	133	-197.0	197	21967	133	-197.0	197	21967	133	-197.0	197	21967	133	-197.0	197	21967	133	-197.0	197	21967	133	-197.0	197	21967
134	-155.0	155	22122	134	-155.0	155	22122	134	-155.0	155	22122	134	-155.0	155	22122	134	-155.0	155	22122	134	-155.0	155	22122	134	-155.0	155	22122	134	-155.0	155	22122	134	-155.0	155	22122
135	-126.0	126	22248	135	-126.0	126	22248	135	-126.0	126	22248	135	-126.0	126	22248	135	-126.0	126	22248	135	-126.0	126	22248	135	-126.0	126	22248	135	-126.0	126	22248	135	-126.0	126	22248
136	-121.0	121	22369	136	-121.0	121	22369	136	-121.0	121	22369	136	-121.0	121	22369	136	-121.0	121	22369	136	-121.0	121	22369	136	-121.0	121	22369	136	-121.0	121	22369	136	-121.0	121	22369
137	-126.0	126	22495	137	-126.0	126	22495	137	-126.0	126	22495	137	-126.0	126	22495	137	-126.0	126	22495	137	-126.0	126	22495	137	-126.0	126	22495	137	-126.0	126	22495	137	-126.0	126	22495
138	-114.0	114	22609	138	-114.0	114	22609	138	-114.0	114	22609	138	-114.0	114	22609	138	-114.0	114	22609	138	-114.0	114	22609	138	-114.0	114	22609	138	-114.0	114	22609	138	-114.0	114	22609
139	-148.0	148	22757	139	-148.0	148	22757	139	-148.0	148	22757	139	-148.0	148	22757	139	-148.0	148	22757	139	-148.0	148	22757	139	-148.0	148	22757	139	-148.0	148	22757	139	-148.0	148	22757
140	-107.0	107	22864	140	-107.0	107	22864	140	-107.0	107	22864	140	-107.0	107	22864	140	-107.0	107	22864	140	-107.0	107	22864	140	-107.0	107	22864	140	-107.0	107	22864	140	-107.0	107	22864
141	-111.0	111	22975	141	-111.0	111	22975	141	-111.0	111	22975	141	-111.0	111	22975	141	-111.0	111	22975	141	-111.0	111	22975	141	-111.0	111	22975	141	-111.0	111	22975	141	-111.0	111	22975
142	-109.0	109	23084	142	-109.0	109	23084	142	-109.0	109	23084	142	-109.0	109	23084	142	-109.0	109	23084	142	-109.0	109	23084	142	-109.0	109	23084	142	-109.0	109	23084	142	-109.0	109	23084
143	-107.0	107	23191	143	-107.0	107	23191	143	-107.0	107	23191	143	-107.0	107	23191	143	-107.0	107	23191	143	-107.0	107	23191	143	-107.0	107	23191	143	-107.0	107	23191	143	-107.0	107	23191
144	-153.0	153	23344	144	-153.0	153	23344	144	-153.0	153	23344	144	-153.0	153	23344	144	-153.0	153	23344	144	-153.0	153	23344	144	-153.0	153	23344	144	-153.0	153	23344	144	-153.0	153	23344
145	-112.0	112	23456	145	-112.0	112	23456	145	-112.0	112	23456	145	-112.0	112	23456	145	-112.0	112	23456	145	-112.0	112	23456	145	-112.0	112	23456	145	-112.0	112	23456	145	-112.0	112	23456
146	-159.0	159	23615	146	-159.0	159	23615	146	-159.0	159	23615	146	-159.0	159	23615	146	-159.0	159	23615	146	-159.0	159	23615	146	-159.0	159	23615	146	-159.0	159	23615	146	-159.0	159	23615
147	-142.0	142	23757	147	-142.0	142	23757	147	-142.0	142	23757	147	-142.0	142	23757	147	-142.0	142	23757	147	-142.0	142	23757	147	-142.0	142	23757	147	-142.0	142	23757	147	-142.0	142	23757
148	-137.0	137	23894	148	-137.0	137	23894	148	-137.0	137	23894	148	-137.0	137	23894	148	-137.0	137	23894	148	-137.0	137	23894	148	-137.0	137	23894	148	-137.0	137	23894	148	-137.0	137	23894
149	-135.0	135	24029	149	-135.0	135	24029	149	-135.0	135	24029	149	-135.0	135	24029	149	-135.0	135	24029	149	-135.0	135	24029	149	-135.0	135	24029	149	-135.0	135	24029	149	-135.0	135	24029
150	-106.0	106	24135	150	-106.0	106	24135	150	-106.0	106	24135	150	-106.0	106	24135	150	-106.0	106	24135	150	-106.0	106	24135	150	-106.0	106	24135	150	-106.0	106	24135	150	-106.0	106	24135
151	-188.0	188	24323	151	-188.0	188	24323	151	-188.0	188	24323	151	-188.0	188	24323	151	-188.0	188	24323	151	-188.0	188	24323	151	-188.0	188	24323	151	-188.0	188	24323	151	-188.0	188	24323
152	-110.0	110	24433	152	-110.0	110	24433	152	-110.0	110	24433	152	-110.0	110	24433	152	-110.0	110	24433	152	-110.0	110	24433	152	-110.0	110	24433	152	-110.0	110	24433	152	-110.0	110	24433
153	-101.0	101	24534	153	-101.0	101	24534	153	-101.0	101	24534	153	-101.0	101	24534	153	-101.0	101	24534	153	-101.0	101	24534	153	-101.0	101	24534	153	-101.0	101	24534	153	-101.0	101	24534
154	-136.0	136	24670	154	-136.0	136	24670	154	-136.0	136	24670	154	-136.0	136	24670	154	-136.0	136	24670	154	-136.0	136	24670	154	-136.0	136	24670	154	-136.0	136	24670	154	-136.0	136	24670
155	-137.0	137	24807	155	-137.0	137	24807	155	-137.0	137	24807	155	-137.0	137	24807	155	-137.0	137	24807	155	-137.0	137	24807	155	-137.0	137	24807	155	-137.0	137	24807	155	-137.0	137	24807
156	-141.0	141	24948	156	-141.0	141	24948	156	-141.0	141	24948	156	-141.0	141	24948	156	-141.0	141	24948	156	-141.0	141	24948	156	-141.0	141	24948	156	-141.0	141	24948	156	-141.0	141	24948
157	-137.0	137	25085	157	-137.0	137	25085	157	-137.0	137	25085	157	-137.0	137	25085	157	-137.0	137	25085	157	-137.0	137	25085	157	-137.0	137	25085	157	-137.0	137	25085	157	-137.0	137	25085
158	-145.0	145	25230	158	-145.0	145	25230	158	-145.0	145	25230	158	-145.0	145	25230	158	-145.0	145	25230	158	-145.0	145	25230	158	-145.0	145	25230	158	-145.0	145	25230	158	-145.0	145	25230
159	-138.0	138	25368	159	-138.0	138	25368	159	-138.0	138	25368	159	-138.0	138	25368	159	-138.0	138	25368	159	-138.0	138	25368	159	-138.0	138	25368	159	-138.0	138	25368	159	-138.0	138	25368
160	-138.0	138	25506	160	-138.0	138	25506	160	-138.0	138	25506	160	-138.0	138	25506	160	-138.0	138	25506	160	-138.0	138	25506	160	-138.0	138	25506	160	-138.0	138	25506	160	-138.0	138	25506
161	-137.0	137	25643	161	-137.0	137	25643	161	-137.0	137	25643	161	-137.0	137	25643	161	-137.0	137	25643	161	-137.0	137	25643	161	-137.0	137	25643	161	-137.0	137	25643	161	-137.0	137	25643
162	-139.0	139	25782	162	-139.0	139	25782	162	-139.0	139	25782	162	-139.0	139	25782	162	-139.0	139	25782	162	-139.0	139	25782	162	-139.0	139	25782	162	-139.0	139	25782	162	-139.0	139	25782
163	-140.0	140	25922	163	-140.0	140	25922	163	-140.0	140	25922	163	-140.0	140	25922	163	-140.0	140	25922	163	-140.0	140	25922	163	-140.0	140	25922	163	-140.0	140	25922	163	-140.0	140	25922
164	-120.0	120	26042	164	-120.0	120	26042	164	-120.0	120	26042	164	-120.0	120	26042	164	-120.0	120	26042	164	-120.0	120	26042	164	-120.0	120	26042	164	-120.0	120	26042	164	-120.0	120	26042
165	-140.0	140	26182	165	-140.0	140	26182	165	-140.0	140	26182	165	-140.0	140	26182	165	-140.0	140	26182	165	-140.0	140	26182	165	-140.0	140	26182	165	-140.0	140	26182	165	-140.0	140	26182
166	-120.0	120	26302	166	-120.0	120	26302	166	-120.0	120	26302	166	-120.0	120	26302	166	-120.0	120	26302	166	-120.0	120	26302	166	-120.0	120	26302	166	-120.0	120	26302	166	-120.0	120	26302
167	-139.0	139	26441	167	-139.0	139	26441	167	-139.0	139	26441	167	-139.0	139	26441	167	-139.0	139	26441	167	-139.0	139	26441	167	-139.0	139	26441	167	-139.0	139	26441	167	-139.0	139	26441
168	-135.0	135	26576	168	-135.0	135	26576	168	-135.0	135	26576	168	-135.0	135	26576	168	-135.0	135	26576	168	-135.0	135	26576	168	-135.0	135	26576	168	-135.0	135	26576	168	-135.0	135	26576
169	-143.0	143	26719	169	-143.0	143	26719	169	-143.0	143	26719	169	-143.0	143	26719	169	-143.0	143	26719	169	-143.0	143	26719	169	-143.0	143	26719	169	-143.0	143	26719	169	-143.0	143	26719
170	-143.0	143	26862	170	-143.0	143	26862	170	-143.0	143	26862	170	-143.0	143	26862	170	-143.0	143	26862	170	-143.0	143	26862	170	-143.0	143	26862	170	-143.0	143	26862	170	-143.0	143	26862
171	-140.0	140	27002	171	-140.0	140	27002	171	-140.0	140	27002	171	-140.0	140	27002	171	-140.0	140	27002	171	-140.0	140	27002	171	-140.0	140	27002	171	-140.0	140	27002	171	-140.0	140	27002
172	-122.0	122	27124	172	-122.0	122	27124	172	-122.0	122	27124	172	-122.0	122	27124	172	-122.0	122	27124	172	-122.0	122	27124	172	-122.0	122	27124	172	-122.0	122	27124	172	-122.0	122	27124
173	-164.0	164	27288	173	-164.0	164	27288	173	-164.0	164	27288	173	-164.0	164	27288	173	-164.0	164	27288	173	-164.0	164	27288	173	-164.0	164	27288	173	-164.0	164	27288	173	-164.0	164	27288
174	-147.0	147	27435	174	-147.0	147	27435	174	-147.0	147	27435	174	-147.0	147	27435	174	-147.0	147	27435	174	-147.0	147	27435	174	-147.0	147	27435	174	-147.0	147	27435	174	-147.0	147	27435
175	-148.0	148	27583	175	-148.0	148	27583	175	-148.0	148	27583	175	-148.0	148	27583	175	-148.0	148	27583	175	-148.0	148	27583	175	-148.0	148	27583	175	-148.0	148	27583	175	-148.0	148	27583
176	-111.0	111	27694	176	-111.0	111	27694	176	-111.0	111	27694	176	-111.0	111	27694	176	-111.0	111	27694	176	-111.0	111	27694	176	-111.0	111	27694	176	-111.0	111	27694	176	-111.0	111	27694
177	-169.0	169	27863	177	-169.0	169	27863	177	-169.0	169	27863	177	-169.0	169	27863	177	-169.0	169	27863	177	-169.0	169	27863	177	-169.0	169	27863	177	-169.0	169	27863	177	-169.0	169	27863
178	-195.0	195	28058	178	-195.0	195	28058	178	-195.0	195	28058	178	-195.0	195	28058	178	-195.0	195	28058	178	-195.0	195	28058	178	-195.0	195	28058	178	-195.0	195	28058	178	-195.0	195	28058
179	-167.0	167	28225	179	-167.0	167	28225	179	-167.0	167	28225	179	-167.0	167	28225	179	-167.0	167	28225	179	-167.0	167	28225	179	-167.0	167	28225	179	-167.0	167	28225	179	-167.0	167	28225
180	-169.0	169	28394	180	-169.0	169	28394	180	-169.0	169	28394	180	-169.0	169	28394	180	-169.0	169	28394	180	-169.0	169	28394	180	-169.0	169	28394	180	-169.0	169	28394	180	-169.0	169	28394
181	-146.0	146	28540	181	-146.0	146	28540	181	-146.0	146	28540	181	-146.0	146	28540	181	-146.0	146	28540	181	-146.0	146	28540	181	-146.0	146	28540	181	-146.0	146	28540	181	-146.0	146	28540
182	-150.0	150	28690	182	-150.0	150	28690	182	-150.0	150	28690	182	-150.0	150	28690	182	-150.0	150	28690	182	-150.0	150	28690	182	-150.0	150	28690	182	-150.0	150	28690	182	-150.0	150	28690
183	-172.0	172	28862	183	-172.0	172	28862	183	-172.0	172	28862	183	-172.0	172	28862	183	-172.0	172	28862	183	-172.0	172	28862	183	-172.0	172	28862	183	-172.0	172	28862	183	-172.0	172	28862
184	-109.0	109	28971	184	-109.0	109	28971	184	-109.0	109	28971	184	-109.0	109	28971	184	-109.0	109	28971	184	-109.0	109	28971	184	-109.0	109	28971	184	-109.0	109	28971	184	-109.0	109	28971
185	-112.0	112	29083	185	-112.0	112	29083	185	-112.0	112	29083	185	-112.0	112	29083	185	-112.0	112	29083	185	-112.0	112	29083	185	-112.0	112	29083	185	-112.0	112	29083	185	-112.0	112	29083
186	-111.0	111	29194	186	-111.0	111	29194	186	-111.0	111	29194	186	-111.0	111	29194	186	-111.0	111	29194	186	-111.0	111	29194	186	-111.0	111	29194	186	-111.0	111	29194	186	-111.0	111	29194
187	-153.0	153	29347	187	-153.0	153	29347	187	-153.0	153	29347	187	-153.0	153	29347	187	-153.0	153	29347	187	-153.0	153	29347	187	-153.0	153	29347	187	-153.0	153	29347	187	-153.0	153	29347
188	-109.0	109	29456	188	-109.0	109	29456	188	-109.0	109	29456	188	-109.0	109	29456	188	-109.0	109	29456	188	-109.0	109	29456	188	-109.0	109	29456	188	-109.0	109	29456	188	-109.0	109	29456
189	-108.0	108	29564	189	-108.0	108	29564	189	-108.0	108	29564	189	-108.0	108	29564	189	-108.0	108	29564	189	-108.0	108	29564	189	-108.0	108	29564	189	-108.0	108	29564	189	-108.0	108	29564
190	-142.0	142	29706	190	-142.0	142	29706	190	-142.0	142	29706	190	-142.0	142	29706	190	-142.0	142	29706	190	-142.0	142	29706	190	-142.0	142	29706	190	-142.0	142	29706	190	-142.0	142	29706
191	-143.0	143	29849	191	-143.0	143	29849	191	-143.0	143	29849	191	-143.0	143	29849	191	-143.0	143	29849	191	-143.0	143	29849	191	-143.0	143	29849	191	-143.0	143	29849	191	-143.0	143	29849
192	-145.0	145	29994	192	-145.0	145	29994	192	-145.0	145	29994	192	-145.0	145	29994	192	-145.0	145	29994	192	-145.0	145	29994	192	-145.0	145	29994	192	-145.0	145	29994	192	-145.0	145	29994
193	-142.0	142	30136	193	-142.0	142	30136	193	-142.0	142	30136	193	-142.0	142	30136	193	-142.0	142	30136	193	-142.0	142	30136	193	-142.0	142	30136	193	-142.0	142	30136	193	-142.0	142	30136
194	-105.0	105	30241	194	-105.0	105	30241	194	-105.0	105	30241	194	-105.0	105	30241	194	-105.0	105	30241	194	-105.0	105	30241	194	-105.0	105	30241	194	-105.0	105	30241	194	-105.0	105	30241
195	-105.0	105	30346	195	-105.0	105	30346	195	-105.0	105	30346	195	-105.0	105	30346	195	-105.0	105	30346	195	-105.0	105	30346	195	-105.0	105	30346	195	-105.0	105	30346	195	-105.0	105	30346
196	-149.0	149	30495	196	-149.0	149	30495	196	-149.0	149	30495	196	-149.0	149	30495	196	-149.0	149	30495	196	-149.0	149	30495	196	-149.0	149	30495	196	-149.0	149	30495	196	-149.0	149	30495
197	-150.0	150	30645	197	-150.0	150	30645	197	-150.0	150	30645	197	-150.0	150	30645	197	-150.0	150	30645	197	-150.0	150	30645	197	-150.0	150	30645	197	-150.0	150	30645	197	-150.0	150	30645
198	-104.0	104	30749	198	-104.0	104	30749	198	-104.0	104	30749	198	-104.0	104	30749	198	-104.0	104	30749	198	-104.0	104	30749	198	-104.0	104	30749	198	-104.0	104	30749	198	-104.0	104	30749
199	-160.0	160	30909	199	-160.0	160	30909	199	-160.0	160	30909	199	-160.0	160	30909	199	-160.0	160	30909	199	-160.0	160	30909	199	-160.0	160	30909	199	-160.0	160	30909	199	-160.0	160	30909
200	-154.0	154	31063	200	-154.0	154	31063	200	-154.0	154	31063	200	-154.0	154	31063	200	-154.0	154	31063	200	-154.0	154	31063	200	-154.0	154	31063	200	-154.0	154	31063	200	-154.0	154	31063
201	-106.0	106	31169	201	-106.0	106	31169	201	-106.0	106	31169	201	-106.0	106	31169	201	-106.0	106	31169	201	-106.0	106	31169	201	-106.0	106	31169	201	-106.0	106	31169	201	-106.0	106	31169
202	-165.0	165	31334	202	-165.0	165	31334	202	-165.0	165	31334	202	-165.0	165	31334	202	-165.0	165	31334	202	-165.0	165	31334	202	-165.0	165	31334	202	-165.0	165	31334	202	-165.0	165	31334
203	-141.0	141	31475	203	-141.0	141	31475	203	-141.0	141	31475	203	-141.0	141	31475	203	-141.0	141	31475	203	-141.0	141	31475	203	-141.0	141	31475	203	-141.0	141	31475	203	-141.0	141	31475
204	-142.0	142	31617	204	-142.0	142	31617	204	-142.0	142	31617	204	-142.0	142	31617	204	-142.0	142	31617	204	-142.0	142	31617	204	-142.0	142	31617	204	-142.0	142	31617	204	-142.0	142	31617
205	-136.0	136	31753	205	-136.0	136	31753	205	-136.0	136	31753	205	-136.0	136	31753	205	-136.0	136	31753	205	-136.0	136	31753	205	-136.0	136	31753	205	-136.0	136	31753	205	-136.0	136	31753
206	-142.0	142	31895	206	-142.0	142	31895	206	-142.0	142	31895	206	-142.0	142	31895	206	-142.0	142	31895	206	-142.0	142	31895	206	-142.0	142	31895	206	-142.0	142	31895	206	-142.0	142	31895
207	-104.0	104	31999	207	-104.0	104	31999	207	-104.0	104	31999	207	-104.0	104	31999	207	-104.0	104	31999	207	-104.0	104	31999	207	-104.0	104	31999	207	-104.0	104	31999	207	-104.0	104	31999
208	-126.0	126	32125	208	-126.0	126	32125	208	-126.0	126	32125	208	-126.0	126	32125	208	-126.0	126	32125	208	-126.0	126	32125	208	-126.0	126	32125	208	-126.0	126	32125	208	-126.0	126	32125
209	-168.0	168	32293	209	-168.0	168	32293	209	-168.0	168	32293	209	-168.0	168	32293	209	-168.0	168	32293	209	-168.0	168	32293	209	-168.0	168	32293	209	-168.0	168	32293	209	-168.0	168	32293
210	-145.0	145	32438	210	-145.0	145	32438	210	-145.0	145	32438	210	-145.0	145	32438	210	-145.0	145	32438	210	-145.0	145	32438	210	-145.0	145	32438	210	-145.0	145	32438	210	-145.0	145	32438
211	-143.0	143	32581	211	-143.0	143	32581	211	-143.0	143	32581	211	-143.0	143	32581	211	-143.0	143	32581	211	-143.0	143	32581	211	-143.0	143	32581	211	-143.0	143	32581	211	-143.0	143	32581
212	-135.0	135	32716	212	-135.0	135	32716	212	-135.0	135	32716	212	-135.0	135	32716	212	-135.0	135	32716	212	-135.0	135	32716	212	-135.0	135	32716	212	-135.0	135	32716	212	-135.0	135	32716
213	-112.0	112	32828	213	-112.0	112	32828	213	-112.0	112	32828	213	-112.0	112	32828	213	-112.0	112	32828	213	-112.0	112	32828	213	-112.0	112	32828	213	-112.0	112	32828	213	-112.0	112	32828
214	-107.0	107	32935	214	-107.0	107	32935	214	-107.0	107	32935	214	-107.0	107	32935	214	-107.0	107	32935	214	-107.0	107	32935	214	-107.0	107	32935	214	-107.0	107	32935	214	-107.0	107	32935
215	-105.0	105	33040	215	-105.0	105	33040	215	-105.0	105	33040	215	-105.0	105	33040	215	-105.0	105	33040	215	-105.0	105	33040	215	-105.0	105	33040	215	-105.0	105	33040	215	-105.0	105	33040
216	-108.0	108	33148	216	-108.0	108	33148	216	-108.0	108	33148	216	-108.0	108	33148	216	-108.0	108	33148	216	-108.0	108	33148	216	-108.0	108	33148	216	-108.0	108	33148	216	-108.0	108	33148
217	-164.0	164	33312	217	-164.0	164	33312	217	-164.0	164	33312	217	-164.0	164	33312	217	-164.0	164	33312	217	-164.0	164	33312	217	-164.0	164	33312	217	-164.0	164	33312	217	-164.0	164	33312
218	-154.0	154	33466	218	-154.0	154	33466	218	-154.0	154	33466	218	-154.0	154	33466	218	-154.0	154	33466	218	-154.0	154	33466	218	-154.0	154	33466	218	-154.0	154	33466	218	-154.0	154	33466
219	-165.0	165	33631	219	-165.0	165	33631	219	-165.0	165	33631	219	-165.0	165	33631	219	-165.0	165	33631	219	-165.0	165	33631	219	-165.0	165	33631	219	-165.0	165	33631	219	-165.0	165	33631
220	-165.0	165	33796	220	-165.0	165	33796	220	-165.0	165	33796	220	-165.0	165	33796	220	-165.0	165	33796	220	-165.0	165	33796	220	-165.0	165	33796	220	-165.0	165	33796	220	-165.0	165	33796
221	-111.0	111	33907	221	-111.0	111	33907	221	-111.0	111	33907	221	-111.0	111	33907	221	-111.0	111	33907	221	-111.0	111	33907	221	-111.0	111	33907	221	-111.0	111	33907	221	-111.0	111	33907
222	-111.0	111	34018	222	-111.0	111	34018	222	-111.0	111	34018	222	-111.0	111	34018	222	-111.0	111	34018	222	-111.0	111	34018	222	-111.0	111	34018	222	-111.0	111	34018	222	-111.0	111	34018
223	-136.0	136	34154	223	-136.0	136	34154	223	-136.0	136	34154	223	-136.0	136	34154	223	-136.0	136	34154	223	-136.0	136	34154	223	-136.0	136	34154	223	-136.0	136	34154	223	-136.0	136	34154
224	-111.0	111	34265	224	-111.0	111	34265	224	-111.0	111	34265	224	-111.0	111	34265	224	-111.0	111	34265	224	-111.0	111	34265	224	-111.0	111	34265	224	-111.0	111	34265	224	-111.0	111	34265
225	-106.0	106	34371	225	-106.0	106	34371	225	-106.0	106	34371	225	-106.0	106	34371	225	-106.0	106	34371	225	-106.0	106	34371	225	-106.0	106	34371	225	-106.0	106	34371	225	-106.0	106	34371
226	-106.0	106	34477	226	-106.0	106	34477	226	-106.0	106	34477	226	-106.0	106	34477	226	-106.0	106	34477	226	-106.0	106	34477	226	-106.0	106	34477	226	-106.0	106	34477	226	-106.0	106	34477
227	-110.0	110	34587	227	-110.0	110	34587	227	-110.0	110	34587	227	-110.0	110	34587	227	-110.0	110	34587	227	-110.0	110	34587	227	-110.0	110	34587	227	-110.0	110	34587	227	-110.0	110	34587
228	-109.0	109	34696	228	-109.0	109	34696	228	-109.0	109	34696	228	-109.0	109	34696	228	-109.0	109	34696	228	-109.0	109	34696	228	-109.0	109	34696	228	-109.0	109	34696	228	-109.0	109	34696
229	-108.0	108	34804	229	-108.0	108	34804	229	-108.0	108	34804	229	-108.0	108	34804	229	-108.0	108	34804	229	-108.0	108	34804	229	-108.0	108	34804	229	-108.0	108	34804	229	-108.0	108	34804
230	-145.0	145	34949	230	-145.0	145	34949	230	-145.0	145	34949	230	-145.0	145	34949	230	-145.0	145	34949	230	-145.0	145	34949	230	-145.0	145	34949	230	-145.0	145	34949	230	-145.0	145	34949
231	-106.0	106	35055	231	-106.0	106	35055	231	-106.0	106	35055	231	-106.0	106	35055	231	-106.0	106	35055	231	-106.0	106	35055	231	-106.0	106	35055	231	-106.0	106	35055	231	-106.0	106	35055
232	-107.0	107	35162	232	-107.0	107	35162	232	-107.0	107	35162	232	-107.0	107	35162	232	-107.0	107	35162	232	-107.0	107	35162	232	-107.0	107	35162	232	-107.0	107	35162	232	-107.0	107	35162
233	-133.0	133	35295	233	-133.0	133	35295	233	-133.0	133	35295	233	-133.0	133	35295	233	-133.0	133	35295	233	-133.0	133	35295	233	-133.0	133	35295	233	-133.0	133	35295	233	-133.0	133	35295
234	-108.0	108	35403	234	-108.0	108	35403	234	-108.0	108	35403	234	-108.0	108	35403	234	-108.0	108	35403	234	-108.0	108	35403	234	-108.0	108	35403	234	-108.0	108	35403	234	-108.0	108	35403
235	-108.0	108	35511	235	-108.0	108	35511	235	-108.0	108	35511	235	-108.0	108	35511	235	-108.0	108	35511	235	-108.0	108	35511	235	-108.0	108	35511	235	-108.0	108	35511	235	-108.0	108	35511
236	-135.0	135	35646	236	-135.0	135	35646	236	-135.0	135	35646	236	-135.0	135	35646	236	-135.0	135	35646	236	-135.0	135	35646	236	-135.0	135	35646	236	-135.0	135	35646	236	-135.0	135	35646
237	-129.0	129	35775	237	-129.0	129	35775	237	-129.0	129	35775	237	-129.0	129	35775	237	-129.0	129	35775	237	-129.0	129	35775	237	-129.0	129	35775	237	-129.0	129	35775	237	-129.0	129	35775
238	-131.0	131	35906	238	-131.0	131	35906	238	-131.0	131	35906	238	-131.0	131	35906	238	-131.0	131	35906	238	-131.0	131	35906	238	-131.0	131	35906	238	-131.0	131	35906	238	-131.0	131	35906
239	-182.0	182	36088	239	-182.0	182	36088	239	-182.0	182	36088	239	-182.0	182	36088	239	-182.0	182	36088	239	-182.0	182	36088	239	-182.0	182	36088	239	-182.0	182	36088	239	-182.0	182	36088
240	-119.0	119	36207	240	-119.0	119	36207	240	-119.0	119	36207	240	-119.0	119	36207	240	-119.0	119	36207	240	-119.0	119	36207	240	-119.0	119	36207	240	-119.0	119	36207	240	-119.0	119	36207
241	-112.0	112	36319	241	-112.0	112	36319	241	-112.0	112	36319	241	-112.0	112	36319	241	-112.0	112	36319	241	-112.0	112	36319	241	-112.0	112	36319	241	-112.0	112	36319	241	-112.0	112	36319
242	-200.0	200	36519	242	-200.0	200	36519	242	-200.0	200	36519	242	-200.0	200	36519	242	-200.0	200	36519	242	-200.0	200	36519	242	-200.0	200	36519	242	-200.0	200	36519	242	-200.0	200	36519
243	-133.0	133	36652	243	-133.0	133	36652	243	-133.0	133	36652	243	-133.0	133	36652	243	-133.0	133	36652	243	-133.0	133	36652	243	-133.0	133	36652	243	-133.0	133	36652	243	-133.0	133	36652
244	-141.0	141	36793	244	-141.0	141	36793	244	-141.0	141	36793	244	-141.0	141	36793	244	-141.0	141	36793	244	-141.0	141	36793	244	-141.0	141	36793	244	-141.0	141	36793	244	-141.0	141	36793
245	-140.0	140	36933	245	-140.0	140	36933	245	-140.0	140	36933	245	-140.0	140	36933	245	-140.0	140	36933	245	-140.0	140	36933	245	-140.0	140	36933	245	-140.0	140	36933	245	-140.0	140	36933
246	-133.0	133	37066	246	-133.0	133	37066	246	-133.0	133	37066	246	-133.0	133	37066	246	-133.0	133	37066	246	-133.0	133	37066	246	-133.0	133	37066	246	-133.0	133	37066	246	-133.0	133	37066
247	-132.0	132	37198	247	-132.0	132	37198	247	-132.0	132	37198	247	-132.0	132	37198	247	-132.0	132	37198	247	-132.0	132	37198	247	-132.0	132	37198	247	-132.0	132	37198	247	-132.0	132	37198
248	-139.0	139	37337	248	-139.0	139	37337	248	-139.0	139	37337	248	-139.0	139	37337	248	-139.0	139	37337	248	-139.0	139	37337	248	-139.0	139	37337	248	-139.0	139	37337	248	-139.0	139	37337
249	-133.0	133	37470	249	-133.0	133	37470	249	-133.0	133	37470	249	-133.0	133	37470	249	-133.0	133	37470	249	-133.0	133	37470	249	-133.0	133	37470	249	-133.0	133	37470	249	-133.0	133	37470
250	-137.0	137	37607	250	-137.0	137	37607	250	-137.0	137	37607	250	-137.0	137	37607	250	-137.0	137	37607	250	-137.0	137	37607	250	-137.0	137	37607	250	-137.0	137	37607	250	-137.0	137	37607
251	-157.0	157	37764	251	-157.0	157	37764	251	-157.0	157	37764	251	-157.0	157	37764	251	-157.0	157	37764	251	-157.0	157	37764	251	-157.0	157	37764	251	-157.0	157	37764	251	-157.0	157	37764
252	-157.0	157	37921	252	-157.0	157	37921	252	-157.0	157	37921	252	-157.0	157	37921	252	-157.0	157	37921	252	-157.0	157	37921	252	-157.0	157	37921	252	-157.0	157	37921	252	-157.0	157	37921
253	-134.0	134	38055	253	-134.0	134	38055	253	-134.0	134	38055	253	-134.0	134	38055	253	-134.0	134	38055	253	-134.0	134	38055	253	-134.0	134	38055	253	-134.0	134	38055	253	-134.0	134	38055
254	-147.0	147	38202	254	-147.0	147	38202	254	-147.0	147	38202	254	-147.0	147	38202	254	-147.0	147	38202	254	-147.0	147	38202	254	-147.0	147	38202	254	-147.0	147	38202	254	-147.0	147	38202
255	-154.0	154	38356	255	-154.0	154	38356	255	-154.0	154	38356	255	-154.0	154	38356	255	-154.0	154	38356	255	-154.0	154	38356	255	-154.0	154	38356	255	-154.0	154	38356	255	-154.0	154	38356
256	-132.0	132	38488	256	-132.0	132	38488	256	-132.0	132	38488	256	-132.0	132	38488	256	-132.0	132	38488	256	-132.0	132	38488	256	-132.0	132	38488	256	-132.0	132	38488	256	-132.0	132	38488
257	-141.0	141	38629	257	-141.0	141	38629	257	-141.0	141	38629	257	-141.0	141	38629	257	-141.0	141	38629	257	-141.0	141	38629	257	-141.0	141	38629	257	-141.0	141	38629	257	-141.0	141	38629
258	-136.0	136	38765	258	-136.0	136	38765	258	-136.0	136	38765	258	-136.0	136	38765	258	-136.0	136	38765	258	-136.0	136	38765	258	-136.0	136	38765	258	-136.0	136	38765	258	-136.0	136	38765
259	-135.0	135	38900	259	-135.0	135	38900	259	-135.0	135	38900	259	-135.0	135	38900	259	-135.0	135	38900	259	-135.0	135	38900	259	-135.0	135	38900	259	-135.0	135	38900	259	-135.0	135	38900
260	-200.0	200	39100	260	-200.0	200	39100	260	-200.0	200	39100	260	-200.0	200	39100	260	-200.0	200	39100	260	-200.0	200	39100	260	-200.0	200	39100	260	-200.0	200	39100	260	-200.0	200	39100
261	-138.0	138	39238	261	-138.0	138	39238	261	-138.0	138	39238	261	-138.0	138	39238	261	-138.0	138	39238	261	-138.0	138	39238	261	-138.0	138	39238	261	-138.0	138	39238	261	-138.0	138	39238
262	-194.0	194	39432	262	-194.0	194	39432	262	-194.0	194	39432	262	-194.0	194	39432	262	-194.0	194	39432	262	-194.0	194	39432	262	-194.0	194	39432	262	-194.0	194	39432	262	-194.0	194	39432
263	-136.0	136	39568	263	-136.0	136	39568	263	-136.0	136	39568	263	-136.0	136	39568	263	-136.0	136	39568	263	-136.0	136	39568	263	-136.0	136	39568	263	-136.0	136	39568	263	-136.0	136	39568
264	-136.0	136	39704	264	-136.0	136	39704	264	-136.0	136	39704	264	-136.0	136	39704	264	-136.0	136	39704	264	-136.0	136	39704	264	-136.0	136	39704	264	-136.0	136	39704	264	-136.0	136	39704
265	-136.0	136	39840	265	-136.0	136	39840	265	-136.0	136	39840	265	-136.0	136	39840	265	-136.0	136	39840	265	-136.0	136	39840	265	-136.0	136	39840	265	-136.0	136	39840	265	-136.0	136	39840
266	-146.0	146	39986	266	-146.0	146	39986	266	-146.0	146	39986	266	-146.0	146	39986	266	-146.0	146	39986	266	-146.0	146	39986	266	-146.0	146	39986	266	-146.0	146	39986	266	-146.0	146	39986
267	-137.0	137	40123	267	-137.0	137	40123	267	-137.0	137	40123	267	-137.0	137	40123	267	-137.0	137	40123	267	-137.0	137	40123	267	-137.0	137	40123	267	-137.0	137	40123	267	-137.0	137	40123
268	-133.0	133	40256	268	-133.0	133	40256	268	-133.0	133	40256	268	-133.0	133	40256	268	-133.0	133	40256	268	-133.0	133	40256	268	-133.0	133	40256	268	-133.0	133	40256	268	-133.0	133	40256
269	-200.0	200	40456	269	-200.0	200	40456	269	-200.0	200	40456	269	-200.0	200	40456	269	-200.0	200	40456	269	-200.0	200	40456	269	-200.0	200	40456	269	-200.0	200	40456	269	-200.0	200	40456
270	-152.0	152	40608	270	-152.0	152	40608	270	-152.0	152	40608	270	-152.0	152	40608	270	-152.0	152	40608	270	-152.0	152	40608	270	-152.0	152	40608	270	-152.0	152	40608	270	-152.0	152	40608
271	-136.0	136	40744	271	-136.0	136	40744	271	-136.0	136	40744	271	-136.0	136	40744	271	-136.0	136	40744	271	-136.0	136	40744	271	-136.0	136	40744	271	-136.0	136	40744	271	-136.0	136	40744
272	-138.0	138	40882	272	-138.0	138	40882	272	-138.0	138	40882	272	-138.0	138	40882	272	-138.0	138	40882	272	-138.0	138	40882	272	-138.0	138	40882	272	-138.0	138	40882	272	-138.0	138	40882
273	-147.0	147	41029	273	-147.0	147	41029	273	-147.0	147	41029	273	-147.0	147	41029	273	-147.0	147	41029	273	-147.0	147	41029	273	-147.0	147	41029	273	-147.0	147	41029	273	-147.0	147	41029
274	-137.0	137	41166	274	-137.0	137	41166	274	-137.0	137	41166	274	-137.0	137	41166	274	-137.0	137	41166	274	-137.0	137	41166	274	-137.0	137	41166	274	-137.0	137	41166	274	-137.0	137	41166
275	-138.0	138	41304	275	-138.0	138	41304	275	-138.0	138	41304	275	-138.0	138	41304	275	-138.0	138	41304	275	-138.0	138	41304	275	-138.0	138	41304	275	-138.0	138	41304	275	-138.0	138	41304
276	-138.0	138	41442	276	-138.0	138	41442	276	-138.0	138	41442	276	-138.0	138	41442	276	-138.0	138	41442	276	-138.0	138	41442	276	-138.0	138	41442	276	-138.0	138	41442	276	-138.0	138	41442
277	-135.0	135	41577	277	-135.0	135	41577	277	-135.0	135	41577	277	-135.0	135	41577	277	-135.0	135	41577	277	-135.0	135	41577	277	-135.0	135	41577	277	-135.0	135	41577	277	-135.0	135	41577
278	-137.0	137	41714	278	-137.0	137	41714	278	-137.0	137	41714	278	-137.0	137	41714	278	-137.0	137	41714	278	-137.0	137	41714	278	-137.0	137	41714	278	-137.0	137	41714	278	-137.0	137	41714
279	-134.0	134	41848	279	-134.0	134	41848	279	-134.0	134	41848	279	-134.0	134	41848	279	-134.0	134	41848	279	-134.0	134	41848	279	-134.0	134	41848	279	-134.0	134	41848	279	-134.0	134	41848
280	-186.0	186	42034	280	-186.0	186	42034	280	-186.0	186	42034	280	-186.0	186	42034	280	-186.0	186	42034	280	-186.0	186	42034	280	-186.0	186	42034	280	-186.0	186	42034	280	-186.0	186	42034
281	-136.0	136	42170	281	-136.0	136	42170	281	-136.0	136	42170	281	-136.0	136	42170	281	-136.0	136	42170	281	-136.0	136	42170	281	-136.0	136	42170	281	-136.0	136	42170	281	-136.0	136	42170
282	-133.0	133	42303	282	-133.0	133	42303	282	-133.0	133	42303	282	-133.0	133	42303	282	-133.0	133	42303	282	-133.0	133	42303	282	-133.0	133	42303	282	-133.0	133	42303	282	-133.0	133	42303
283	-138.0	138	42441	283	-138.0	138	42441	283	-138.0	138	42441	283	-138.0	138	42441	283	-138.0	138	42441	283	-138.0	138	42441	283	-138.0	138	42441	283	-138.0	138	42441	283	-138.0	138	42441
284	-139.0	139	42580	284	-139.0	139	42580	284	-139.0	139	42580	284	-139.0	139	42580	284	-139.0	139	42580	284	-139.0	139	42580	284	-139.0	139	42580	284	-139.0	139	42580	284	-139.0	139	42580
285	-136.0	136	42716	285	-136.0	136	42716	285	-136.0	136	42716	285	-136.0	136	42716	285	-136.0	136	42716	285	-136.0	136	42716	285	-136.0	136	42716	285	-136.0	136	42716	285	-136.0	136	42716
286	-169.0	169	42885	286	-169.0	169	42885	286	-169.0	169	42885	286	-169.0	169	42885	286	-169.0	169	42885	286	-169.0	169	42885	286	-169.0	169	42885	286	-169.0	169	42885	286	-169.0	169	42885
287	-138.0	138	43023	287	-138.0	138	43023	287	-138.0	138	43023	287	-138.0	138	43023	287	-138.0	138	43023	287	-138.0	138	43023	287	-138.0	138	43023	287	-138.0	138	43023	287	-138.0	138	43023
288	-112.0	112	43135	288	-112.0	112	43135	288	-112.0	112	43135	288	-112.0	112	43135	288	-112.0	112	43135	288	-112.0	112	43135	288	-112.0	112	43135	288	-112.0	112	43135	288	-112.0	112	43135
289	-140.0	140	43275	289	-140.0	140	43275	289	-140.0	140	43275	289	-140.0	140	43275	289	-140.0	140	43275	289	-140.0	140	43275	289	-140.0	140	43275	289	-140.0	140	43275	289	-140.0	140	43275
290	-105.0	105	43380	290	-105.0	105	43380	290	-105.0	105	43380	290	-105.0	105	43380	290	-105.0	105	43380	290	-105.0	105	43380	290	-105.0	105	43380	290	-105.0	105	43380	290	-105.0	105	43380
291	-106.0	106	43486	291	-106.0	106	43486	291	-106.0	106	43486	291	-106.0	106	43486	291	-106.0	106	43486	291	-106.0	106	43486	291	-106.0	106	43486	291	-106.0	106	43486	291	-106.0	106	43486
292	-139.0	139	43625	292	-139.0	139	43625	292	-139.0	139	43625	292	-139.0	139	43625	292	-139.0	139	43625	292	-139.0	139	43625	292	-139.0	139	43625	292	-139.0	139	43625	292	-139.0	139	43625
293	-135.0	135	43760	293	-135.0	135	43760	293	-135.0	135	43760	293	-135.0	135	43760	293	-135.0	135	43760	293	-135.0	135	43760	293	-135.0	135	43760	293	-135.0	135	43760	293	-135.0	135	43760
294	-138.0	138	43898	294	-138.0	138	43898	294	-138.0	138	43898	294	-138.0	138	43898	294	-138.0	138	43898	294	-138.0	138	43898	294	-138.0	138	43898	294	-138.0	138	43898	294	-138.0	138	43898
295	-118.0	118	44016	295	-118.0	118	44016	295	-118.0	118	44016	295	-118.0	118	44016	295	-118.0	118	44016	295	-118.0	118	44016	295	-118.0	118	44016	295	-118.0	118	44016	295	-118.0	118	44016
296	-147.0	147	44163	296	-147.0	147	44163	296	-147.0	147	44163	296	-147.0	147	44163	296	-147.0	147	44163	296	-147.0	147	44163	296	-147.0	147	44163	296	-147.0	147	44163	296	-147.0	147	44163
297	-139.0	139	44302	297	-139.0	139	44302	297	-139.0	139	44302	297	-139.0	139	44302	297	-139.0	139	44302	297	-139.0	139	44302	297	-139.0	139	44302	297	-139.0	139	44302	297	-139.0	139	44302
298	-135.0	135	44437	298	-135.0	135	44437	298	-135.0	135	44437	298	-135.0	135	44437	298	-135.0	135	44437	298	-135.0	135	44437	298	-135.0	135	44437	298	-135.0	135	44437	298	-135.0	135	44437
299	-174.0	174	44611	299	-174.0	174	44611	299	-174.0	174	44611	299	-174.0	174	44611	299	-174.0	174	44611	299	-174.0	174	44611	299	-174.0	174	44611	299	-174.0	174	44611	299	-174.0	174	44611
