Episode	Accumulated Reward	Length	Steps	Episode	Accumulated Reward	Length	Steps	Episode	Accumulated Reward	Length	Steps	Episode	Accumulated Reward	Length	Steps	Episode	Accumulated Reward	Length	Steps	Episode	Accumulated Reward	Length	Steps	Episode	Accumulated Reward	Length	Steps
0	-874	280	280	0	-874	280	280	0	-874	280	280	0	-874	280	280	0	-874	280	280	0	-874	280	280	0	-874	280	280
1	-2498	914	1194	1	-2498	914	1194	1	-2498	914	1194	1	-2498	914	1194	1	-2498	914	1194	1	-2498	914	1194	1	-2498	914	1194
2	-169	169	1363	2	-169	169	1363	2	-169	169	1363	2	-169	169	1363	2	-169	169	1363	2	-169	169	1363	2	-169	169	1363
3	-815	419	1782	3	-815	419	1782	3	-815	419	1782	3	-815	419	1782	3	-815	419	1782	3	-815	419	1782	3	-815	419	1782
4	-356	257	2039	4	-356	257	2039	4	-356	257	2039	4	-356	257	2039	4	-356	257	2039	4	-356	257	2039	4	-356	257	2039
5	-366	168	2207	5	-366	168	2207	5	-366	168	2207	5	-366	168	2207	5	-366	168	2207	5	-366	168	2207	5	-366	168	2207
6	-348	150	2357	6	-348	150	2357	6	-348	150	2357	6	-348	150	2357	6	-348	150	2357	6	-348	150	2357	6	-348	150	2357
7	-243	144	2501	7	-243	144	2501	7	-243	144	2501	7	-243	144	2501	7	-243	144	2501	7	-243	144	2501	7	-243	144	2501
8	-87	87	2588	8	-87	87	2588	8	-87	87	2588	8	-87	87	2588	8	-87	87	2588	8	-87	87	2588	8	-87	87	2588
9	-128	128	2716	9	-128	128	2716	9	-128	128	2716	9	-128	128	2716	9	-128	128	2716	9	-128	128	2716	9	-128	128	2716
10	-202	103	2819	10	-202	103	2819	10	-202	103	2819	10	-202	103	2819	10	-202	103	2819	10	-202	103	2819	10	-202	103	2819
11	-237	138	2957	11	-237	138	2957	11	-237	138	2957	11	-237	138	2957	11	-237	138	2957	11	-237	138	2957	11	-237	138	2957
12	-376	178	3135	12	-376	178	3135	12	-376	178	3135	12	-376	178	3135	12	-376	178	3135	12	-376	178	3135	12	-376	178	3135
13	-120	120	3255	13	-120	120	3255	13	-120	120	3255	13	-120	120	3255	13	-120	120	3255	13	-120	120	3255	13	-120	120	3255
14	-91	91	3346	14	-91	91	3346	14	-91	91	3346	14	-91	91	3346	14	-91	91	3346	14	-91	91	3346	14	-91	91	3346
15	-73	73	3419	15	-73	73	3419	15	-73	73	3419	15	-73	73	3419	15	-73	73	3419	15	-73	73	3419	15	-73	73	3419
16	-64	64	3483	16	-64	64	3483	16	-64	64	3483	16	-64	64	3483	16	-64	64	3483	16	-64	64	3483	16	-64	64	3483
17	-278	179	3662	17	-278	179	3662	17	-278	179	3662	17	-278	179	3662	17	-278	179	3662	17	-278	179	3662	17	-278	179	3662
18	-193	94	3756	18	-193	94	3756	18	-193	94	3756	18	-193	94	3756	18	-193	94	3756	18	-193	94	3756	18	-193	94	3756
19	-65	65	3821	19	-65	65	3821	19	-65	65	3821	19	-65	65	3821	19	-65	65	3821	19	-65	65	3821	19	-65	65	3821
20	-57	57	3878	20	-57	57	3878	20	-57	57	3878	20	-57	57	3878	20	-57	57	3878	20	-57	57	3878	20	-57	57	3878
21	-67	67	3945	21	-67	67	3945	21	-67	67	3945	21	-67	67	3945	21	-67	67	3945	21	-67	67	3945	21	-67	67	3945
22	-232	133	4078	22	-232	133	4078	22	-232	133	4078	22	-232	133	4078	22	-232	133	4078	22	-232	133	4078	22	-232	133	4078
23	-65	65	4143	23	-65	65	4143	23	-65	65	4143	23	-65	65	4143	23	-65	65	4143	23	-65	65	4143	23	-65	65	4143
24	-185	86	4229	24	-185	86	4229	24	-185	86	4229	24	-185	86	4229	24	-185	86	4229	24	-185	86	4229	24	-185	86	4229
25	-95	95	4324	25	-95	95	4324	25	-95	95	4324	25	-95	95	4324	25	-95	95	4324	25	-95	95	4324	25	-95	95	4324
26	-55	55	4379	26	-55	55	4379	26	-55	55	4379	26	-55	55	4379	26	-55	55	4379	26	-55	55	4379	26	-55	55	4379
27	-107	107	4486	27	-107	107	4486	27	-107	107	4486	27	-107	107	4486	27	-107	107	4486	27	-107	107	4486	27	-107	107	4486
28	-76	76	4562	28	-76	76	4562	28	-76	76	4562	28	-76	76	4562	28	-76	76	4562	28	-76	76	4562	28	-76	76	4562
29	-155	56	4618	29	-155	56	4618	29	-155	56	4618	29	-155	56	4618	29	-155	56	4618	29	-155	56	4618	29	-155	56	4618
30	-133	34	4652	30	-133	34	4652	30	-133	34	4652	30	-133	34	4652	30	-133	34	4652	30	-133	34	4652	30	-133	34	4652
31	-339	141	4793	31	-339	141	4793	31	-339	141	4793	31	-339	141	4793	31	-339	141	4793	31	-339	141	4793	31	-339	141	4793
32	-184	85	4878	32	-184	85	4878	32	-184	85	4878	32	-184	85	4878	32	-184	85	4878	32	-184	85	4878	32	-184	85	4878
33	-49	49	4927	33	-49	49	4927	33	-49	49	4927	33	-49	49	4927	33	-49	49	4927	33	-49	49	4927	33	-49	49	4927
34	-126	126	5053	34	-126	126	5053	34	-126	126	5053	34	-126	126	5053	34	-126	126	5053	34	-126	126	5053	34	-126	126	5053
35	-54	54	5107	35	-54	54	5107	35	-54	54	5107	35	-54	54	5107	35	-54	54	5107	35	-54	54	5107	35	-54	54	5107
36	-306	108	5215	36	-306	108	5215	36	-306	108	5215	36	-306	108	5215	36	-306	108	5215	36	-306	108	5215	36	-306	108	5215
37	-55	55	5270	37	-55	55	5270	37	-55	55	5270	37	-55	55	5270	37	-55	55	5270	37	-55	55	5270	37	-55	55	5270
38	-37	37	5307	38	-37	37	5307	38	-37	37	5307	38	-37	37	5307	38	-37	37	5307	38	-37	37	5307	38	-37	37	5307
39	-101	101	5408	39	-101	101	5408	39	-101	101	5408	39	-101	101	5408	39	-101	101	5408	39	-101	101	5408	39	-101	101	5408
40	-78	78	5486	40	-78	78	5486	40	-78	78	5486	40	-78	78	5486	40	-78	78	5486	40	-78	78	5486	40	-78	78	5486
41	-29	29	5515	41	-29	29	5515	41	-29	29	5515	41	-29	29	5515	41	-29	29	5515	41	-29	29	5515	41	-29	29	5515
42	-35	35	5550	42	-35	35	5550	42	-35	35	5550	42	-35	35	5550	42	-35	35	5550	42	-35	35	5550	42	-35	35	5550
43	-94	94	5644	43	-94	94	5644	43	-94	94	5644	43	-94	94	5644	43	-94	94	5644	43	-94	94	5644	43	-94	94	5644
44	-37	37	5681	44	-37	37	5681	44	-37	37	5681	44	-37	37	5681	44	-37	37	5681	44	-37	37	5681	44	-37	37	5681
45	-49	49	5730	45	-49	49	5730	45	-49	49	5730	45	-49	49	5730	45	-49	49	5730	45	-49	49	5730	45	-49	49	5730
46	-47	47	5777	46	-47	47	5777	46	-47	47	5777	46	-47	47	5777	46	-47	47	5777	46	-47	47	5777	46	-47	47	5777
47	-209	110	5887	47	-209	110	5887	47	-209	110	5887	47	-209	110	5887	47	-209	110	5887	47	-209	110	5887	47	-209	110	5887
48	-26	26	5913	48	-26	26	5913	48	-26	26	5913	48	-26	26	5913	48	-26	26	5913	48	-26	26	5913	48	-26	26	5913
49	-43	43	5956	49	-43	43	5956	49	-43	43	5956	49	-43	43	5956	49	-43	43	5956	49	-43	43	5956	49	-43	43	5956
50	-239	140	6096	50	-239	140	6096	50	-239	140	6096	50	-239	140	6096	50	-239	140	6096	50	-239	140	6096	50	-239	140	6096
51	-25	25	6121	51	-25	25	6121	51	-25	25	6121	51	-25	25	6121	51	-25	25	6121	51	-25	25	6121	51	-25	25	6121
52	-58	58	6179	52	-58	58	6179	52	-58	58	6179	52	-58	58	6179	52	-58	58	6179	52	-58	58	6179	52	-58	58	6179
53	-74	74	6253	53	-74	74	6253	53	-74	74	6253	53	-74	74	6253	53	-74	74	6253	53	-74	74	6253	53	-74	74	6253
54	-51	51	6304	54	-51	51	6304	54	-51	51	6304	54	-51	51	6304	54	-51	51	6304	54	-51	51	6304	54	-51	51	6304
55	-26	26	6330	55	-26	26	6330	55	-26	26	6330	55	-26	26	6330	55	-26	26	6330	55	-26	26	6330	55	-26	26	6330
56	-180	81	6411	56	-180	81	6411	56	-180	81	6411	56	-180	81	6411	56	-180	81	6411	56	-180	81	6411	56	-180	81	6411
57	-53	53	6464	57	-53	53	6464	57	-53	53	6464	57	-53	53	6464	57	-53	53	6464	57	-53	53	6464	57	-53	53	6464
58	-47	47	6511	58	-47	47	6511	58	-47	47	6511	58	-47	47	6511	58	-47	47	6511	58	-47	47	6511	58	-47	47	6511
59	-47	47	6558	59	-47	47	6558	59	-47	47	6558	59	-47	47	6558	59	-47	47	6558	59	-47	47	6558	59	-47	47	6558
60	-60	60	6618	60	-60	60	6618	60	-60	60	6618	60	-60	60	6618	60	-60	60	6618	60	-60	60	6618	60	-60	60	6618
61	-38	38	6656	61	-38	38	6656	61	-38	38	6656	61	-38	38	6656	61	-38	38	6656	61	-38	38	6656	61	-38	38	6656
62	-25	25	6681	62	-25	25	6681	62	-25	25	6681	62	-25	25	6681	62	-25	25	6681	62	-25	25	6681	62	-25	25	6681
63	-47	47	6728	63	-47	47	6728	63	-47	47	6728	63	-47	47	6728	63	-47	47	6728	63	-47	47	6728	63	-47	47	6728
64	-40	40	6768	64	-40	40	6768	64	-40	40	6768	64	-40	40	6768	64	-40	40	6768	64	-40	40	6768	64	-40	40	6768
65	-61	61	6829	65	-61	61	6829	65	-61	61	6829	65	-61	61	6829	65	-61	61	6829	65	-61	61	6829	65	-61	61	6829
66	-32	32	6861	66	-32	32	6861	66	-32	32	6861	66	-32	32	6861	66	-32	32	6861	66	-32	32	6861	66	-32	32	6861
67	-194	95	6956	67	-194	95	6956	67	-194	95	6956	67	-194	95	6956	67	-194	95	6956	67	-194	95	6956	67	-194	95	6956
68	-31	31	6987	68	-31	31	6987	68	-31	31	6987	68	-31	31	6987	68	-31	31	6987	68	-31	31	6987	68	-31	31	6987
69	-36	36	7023	69	-36	36	7023	69	-36	36	7023	69	-36	36	7023	69	-36	36	7023	69	-36	36	7023	69	-36	36	7023
70	-66	66	7089	70	-66	66	7089	70	-66	66	7089	70	-66	66	7089	70	-66	66	7089	70	-66	66	7089	70	-66	66	7089
71	-41	41	7130	71	-41	41	7130	71	-41	41	7130	71	-41	41	7130	71	-41	41	7130	71	-41	41	7130	71	-41	41	7130
72	-32	32	7162	72	-32	32	7162	72	-32	32	7162	72	-32	32	7162	72	-32	32	7162	72	-32	32	7162	72	-32	32	7162
73	-45	45	7207	73	-45	45	7207	73	-45	45	7207	73	-45	45	7207	73	-45	45	7207	73	-45	45	7207	73	-45	45	7207
74	-48	48	7255	74	-48	48	7255	74	-48	48	7255	74	-48	48	7255	74	-48	48	7255	74	-48	48	7255	74	-48	48	7255
75	-46	46	7301	75	-46	46	7301	75	-46	46	7301	75	-46	46	7301	75	-46	46	7301	75	-46	46	7301	75	-46	46	7301
76	-152	53	7354	76	-152	53	7354	76	-152	53	7354	76	-152	53	7354	76	-152	53	7354	76	-152	53	7354	76	-152	53	7354
77	-37	37	7391	77	-37	37	7391	77	-37	37	7391	77	-37	37	7391	77	-37	37	7391	77	-37	37	7391	77	-37	37	7391
78	-21	21	7412	78	-21	21	7412	78	-21	21	7412	78	-21	21	7412	78	-21	21	7412	78	-21	21	7412	78	-21	21	7412
79	-45	45	7457	79	-45	45	7457	79	-45	45	7457	79	-45	45	7457	79	-45	45	7457	79	-45	45	7457	79	-45	45	7457
80	-41	41	7498	80	-41	41	7498	80	-41	41	7498	80	-41	41	7498	80	-41	41	7498	80	-41	41	7498	80	-41	41	7498
81	-25	25	7523	81	-25	25	7523	81	-25	25	7523	81	-25	25	7523	81	-25	25	7523	81	-25	25	7523	81	-25	25	7523
82	-43	43	7566	82	-43	43	7566	82	-43	43	7566	82	-43	43	7566	82	-43	43	7566	82	-43	43	7566	82	-43	43	7566
83	-49	49	7615	83	-49	49	7615	83	-49	49	7615	83	-49	49	7615	83	-49	49	7615	83	-49	49	7615	83	-49	49	7615
84	-28	28	7643	84	-28	28	7643	84	-28	28	7643	84	-28	28	7643	84	-28	28	7643	84	-28	28	7643	84	-28	28	7643
85	-162	63	7706	85	-162	63	7706	85	-162	63	7706	85	-162	63	7706	85	-162	63	7706	85	-162	63	7706	85	-162	63	7706
86	-128	29	7735	86	-128	29	7735	86	-128	29	7735	86	-128	29	7735	86	-128	29	7735	86	-128	29	7735	86	-128	29	7735
87	-30	30	7765	87	-30	30	7765	87	-30	30	7765	87	-30	30	7765	87	-30	30	7765	87	-30	30	7765	87	-30	30	7765
88	-47	47	7812	88	-47	47	7812	88	-47	47	7812	88	-47	47	7812	88	-47	47	7812	88	-47	47	7812	88	-47	47	7812
89	-262	64	7876	89	-262	64	7876	89	-262	64	7876	89	-262	64	7876	89	-262	64	7876	89	-262	64	7876	89	-262	64	7876
90	-68	68	7944	90	-68	68	7944	90	-68	68	7944	90	-68	68	7944	90	-68	68	7944	90	-68	68	7944	90	-68	68	7944
91	-251	53	7997	91	-251	53	7997	91	-251	53	7997	91	-251	53	7997	91	-251	53	7997	91	-251	53	7997	91	-251	53	7997
92	-41	41	8038	92	-41	41	8038	92	-41	41	8038	92	-41	41	8038	92	-41	41	8038	92	-41	41	8038	92	-41	41	8038
93	-38	38	8076	93	-38	38	8076	93	-38	38	8076	93	-38	38	8076	93	-38	38	8076	93	-38	38	8076	93	-38	38	8076
94	-33	33	8109	94	-33	33	8109	94	-33	33	8109	94	-33	33	8109	94	-33	33	8109	94	-33	33	8109	94	-33	33	8109
95	-28	28	8137	95	-28	28	8137	95	-28	28	8137	95	-28	28	8137	95	-28	28	8137	95	-28	28	8137	95	-28	28	8137
96	-37	37	8174	96	-37	37	8174	96	-37	37	8174	96	-37	37	8174	96	-37	37	8174	96	-37	37	8174	96	-37	37	8174
97	-281	83	8257	97	-281	83	8257	97	-281	83	8257	97	-281	83	8257	97	-281	83	8257	97	-281	83	8257	97	-281	83	8257
98	-37	37	8294	98	-37	37	8294	98	-37	37	8294	98	-37	37	8294	98	-37	37	8294	98	-37	37	8294	98	-37	37	8294
99	-17	17	8311	99	-17	17	8311	99	-17	17	8311	99	-17	17	8311	99	-17	17	8311	99	-17	17	8311	99	-17	17	8311
100	-60	60	8371	100	-60	60	8371	100	-60	60	8371	100	-60	60	8371	100	-60	60	8371	100	-60	60	8371	100	-60	60	8371
101	-25	25	8396	101	-25	25	8396	101	-25	25	8396	101	-25	25	8396	101	-25	25	8396	101	-25	25	8396	101	-25	25	8396
102	-29	29	8425	102	-29	29	8425	102	-29	29	8425	102	-29	29	8425	102	-29	29	8425	102	-29	29	8425	102	-29	29	8425
103	-34	34	8459	103	-34	34	8459	103	-34	34	8459	103	-34	34	8459	103	-34	34	8459	103	-34	34	8459	103	-34	34	8459
104	-31	31	8490	104	-31	31	8490	104	-31	31	8490	104	-31	31	8490	104	-31	31	8490	104	-31	31	8490	104	-31	31	8490
105	-135	36	8526	105	-135	36	8526	105	-135	36	8526	105	-135	36	8526	105	-135	36	8526	105	-135	36	8526	105	-135	36	8526
106	-47	47	8573	106	-47	47	8573	106	-47	47	8573	106	-47	47	8573	106	-47	47	8573	106	-47	47	8573	106	-47	47	8573
107	-18	18	8591	107	-18	18	8591	107	-18	18	8591	107	-18	18	8591	107	-18	18	8591	107	-18	18	8591	107	-18	18	8591
108	-35	35	8626	108	-35	35	8626	108	-35	35	8626	108	-35	35	8626	108	-35	35	8626	108	-35	35	8626	108	-35	35	8626
109	-45	45	8671	109	-45	45	8671	109	-45	45	8671	109	-45	45	8671	109	-45	45	8671	109	-45	45	8671	109	-45	45	8671
110	-22	22	8693	110	-22	22	8693	110	-22	22	8693	110	-22	22	8693	110	-22	22	8693	110	-22	22	8693	110	-22	22	8693
111	-48	48	8741	111	-48	48	8741	111	-48	48	8741	111	-48	48	8741	111	-48	48	8741	111	-48	48	8741	111	-48	48	8741
112	-36	36	8777	112	-36	36	8777	112	-36	36	8777	112	-36	36	8777	112	-36	36	8777	112	-36	36	8777	112	-36	36	8777
113	-37	37	8814	113	-37	37	8814	113	-37	37	8814	113	-37	37	8814	113	-37	37	8814	113	-37	37	8814	113	-37	37	8814
114	-26	26	8840	114	-26	26	8840	114	-26	26	8840	114	-26	26	8840	114	-26	26	8840	114	-26	26	8840	114	-26	26	8840
115	-22	22	8862	115	-22	22	8862	115	-22	22	8862	115	-22	22	8862	115	-22	22	8862	115	-22	22	8862	115	-22	22	8862
116	-32	32	8894	116	-32	32	8894	116	-32	32	8894	116	-32	32	8894	116	-32	32	8894	116	-32	32	8894	116	-32	32	8894
117	-47	47	8941	117	-47	47	8941	117	-47	47	8941	117	-47	47	8941	117	-47	47	8941	117	-47	47	8941	117	-47	47	8941
118	-224	26	8967	118	-224	26	8967	118	-224	26	8967	118	-224	26	8967	118	-224	26	8967	118	-224	26	8967	118	-224	26	8967
119	-52	52	9019	119	-52	52	9019	119	-52	52	9019	119	-52	52	9019	119	-52	52	9019	119	-52	52	9019	119	-52	52	9019
120	-23	23	9042	120	-23	23	9042	120	-23	23	9042	120	-23	23	9042	120	-23	23	9042	120	-23	23	9042	120	-23	23	9042
121	-20	20	9062	121	-20	20	9062	121	-20	20	9062	121	-20	20	9062	121	-20	20	9062	121	-20	20	9062	121	-20	20	9062
122	-28	28	9090	122	-28	28	9090	122	-28	28	9090	122	-28	28	9090	122	-28	28	9090	122	-28	28	9090	122	-28	28	9090
123	-30	30	9120	123	-30	30	9120	123	-30	30	9120	123	-30	30	9120	123	-30	30	9120	123	-30	30	9120	123	-30	30	9120
124	-167	68	9188	124	-167	68	9188	124	-167	68	9188	124	-167	68	9188	124	-167	68	9188	124	-167	68	9188	124	-167	68	9188
125	-129	30	9218	125	-129	30	9218	125	-129	30	9218	125	-129	30	9218	125	-129	30	9218	125	-129	30	9218	125	-129	30	9218
126	-26	26	9244	126	-26	26	9244	126	-26	26	9244	126	-26	26	9244	126	-26	26	9244	126	-26	26	9244	126	-26	26	9244
127	-43	43	9287	127	-43	43	9287	127	-43	43	9287	127	-43	43	9287	127	-43	43	9287	127	-43	43	9287	127	-43	43	9287
128	-35	35	9322	128	-35	35	9322	128	-35	35	9322	128	-35	35	9322	128	-35	35	9322	128	-35	35	9322	128	-35	35	9322
129	-270	72	9394	129	-270	72	9394	129	-270	72	9394	129	-270	72	9394	129	-270	72	9394	129	-270	72	9394	129	-270	72	9394
130	-28	28	9422	130	-28	28	9422	130	-28	28	9422	130	-28	28	9422	130	-28	28	9422	130	-28	28	9422	130	-28	28	9422
131	-143	44	9466	131	-143	44	9466	131	-143	44	9466	131	-143	44	9466	131	-143	44	9466	131	-143	44	9466	131	-143	44	9466
132	-216	18	9484	132	-216	18	9484	132	-216	18	9484	132	-216	18	9484	132	-216	18	9484	132	-216	18	9484	132	-216	18	9484
133	-18	18	9502	133	-18	18	9502	133	-18	18	9502	133	-18	18	9502	133	-18	18	9502	133	-18	18	9502	133	-18	18	9502
134	-37	37	9539	134	-37	37	9539	134	-37	37	9539	134	-37	37	9539	134	-37	37	9539	134	-37	37	9539	134	-37	37	9539
135	-27	27	9566	135	-27	27	9566	135	-27	27	9566	135	-27	27	9566	135	-27	27	9566	135	-27	27	9566	135	-27	27	9566
136	-29	29	9595	136	-29	29	9595	136	-29	29	9595	136	-29	29	9595	136	-29	29	9595	136	-29	29	9595	136	-29	29	9595
137	-20	20	9615	137	-20	20	9615	137	-20	20	9615	137	-20	20	9615	137	-20	20	9615	137	-20	20	9615	137	-20	20	9615
138	-140	41	9656	138	-140	41	9656	138	-140	41	9656	138	-140	41	9656	138	-140	41	9656	138	-140	41	9656	138	-140	41	9656
139	-31	31	9687	139	-31	31	9687	139	-31	31	9687	139	-31	31	9687	139	-31	31	9687	139	-31	31	9687	139	-31	31	9687
140	-261	63	9750	140	-261	63	9750	140	-261	63	9750	140	-261	63	9750	140	-261	63	9750	140	-261	63	9750	140	-261	63	9750
141	-22	22	9772	141	-22	22	9772	141	-22	22	9772	141	-22	22	9772	141	-22	22	9772	141	-22	22	9772	141	-22	22	9772
142	-117	18	9790	142	-117	18	9790	142	-117	18	9790	142	-117	18	9790	142	-117	18	9790	142	-117	18	9790	142	-117	18	9790
143	-136	37	9827	143	-136	37	9827	143	-136	37	9827	143	-136	37	9827	143	-136	37	9827	143	-136	37	9827	143	-136	37	9827
144	-24	24	9851	144	-24	24	9851	144	-24	24	9851	144	-24	24	9851	144	-24	24	9851	144	-24	24	9851	144	-24	24	9851
145	-37	37	9888	145	-37	37	9888	145	-37	37	9888	145	-37	37	9888	145	-37	37	9888	145	-37	37	9888	145	-37	37	9888
146	-29	29	9917	146	-29	29	9917	146	-29	29	9917	146	-29	29	9917	146	-29	29	9917	146	-29	29	9917	146	-29	29	9917
147	-272	74	9991	147	-272	74	9991	147	-272	74	9991	147	-272	74	9991	147	-272	74	9991	147	-272	74	9991	147	-272	74	9991
148	-32	32	10023	148	-32	32	10023	148	-32	32	10023	148	-32	32	10023	148	-32	32	10023	148	-32	32	10023	148	-32	32	10023
149	-24	24	10047	149	-24	24	10047	149	-24	24	10047	149	-24	24	10047	149	-24	24	10047	149	-24	24	10047	149	-24	24	10047
150	-143	44	10091	150	-143	44	10091	150	-143	44	10091	150	-143	44	10091	150	-143	44	10091	150	-143	44	10091	150	-143	44	10091
151	-29	29	10120	151	-29	29	10120	151	-29	29	10120	151	-29	29	10120	151	-29	29	10120	151	-29	29	10120	151	-29	29	10120
152	-132	33	10153	152	-132	33	10153	152	-132	33	10153	152	-132	33	10153	152	-132	33	10153	152	-132	33	10153	152	-132	33	10153
153	-24	24	10177	153	-24	24	10177	153	-24	24	10177	153	-24	24	10177	153	-24	24	10177	153	-24	24	10177	153	-24	24	10177
154	-13	13	10190	154	-13	13	10190	154	-13	13	10190	154	-13	13	10190	154	-13	13	10190	154	-13	13	10190	154	-13	13	10190
155	-30	30	10220	155	-30	30	10220	155	-30	30	10220	155	-30	30	10220	155	-30	30	10220	155	-30	30	10220	155	-30	30	10220
156	-16	16	10236	156	-16	16	10236	156	-16	16	10236	156	-16	16	10236	156	-16	16	10236	156	-16	16	10236	156	-16	16	10236
157	-18	18	10254	157	-18	18	10254	157	-18	18	10254	157	-18	18	10254	157	-18	18	10254	157	-18	18	10254	157	-18	18	10254
158	-23	23	10277	158	-23	23	10277	158	-23	23	10277	158	-23	23	10277	158	-23	23	10277	158	-23	23	10277	158	-23	23	10277
159	-131	32	10309	159	-131	32	10309	159	-131	32	10309	159	-131	32	10309	159	-131	32	10309	159	-131	32	10309	159	-131	32	10309
160	-22	22	10331	160	-22	22	10331	160	-22	22	10331	160	-22	22	10331	160	-22	22	10331	160	-22	22	10331	160	-22	22	10331
161	-19	19	10350	161	-19	19	10350	161	-19	19	10350	161	-19	19	10350	161	-19	19	10350	161	-19	19	10350	161	-19	19	10350
162	-34	34	10384	162	-34	34	10384	162	-34	34	10384	162	-34	34	10384	162	-34	34	10384	162	-34	34	10384	162	-34	34	10384
163	-24	24	10408	163	-24	24	10408	163	-24	24	10408	163	-24	24	10408	163	-24	24	10408	163	-24	24	10408	163	-24	24	10408
164	-17	17	10425	164	-17	17	10425	164	-17	17	10425	164	-17	17	10425	164	-17	17	10425	164	-17	17	10425	164	-17	17	10425
165	-130	31	10456	165	-130	31	10456	165	-130	31	10456	165	-130	31	10456	165	-130	31	10456	165	-130	31	10456	165	-130	31	10456
166	-34	34	10490	166	-34	34	10490	166	-34	34	10490	166	-34	34	10490	166	-34	34	10490	166	-34	34	10490	166	-34	34	10490
167	-21	21	10511	167	-21	21	10511	167	-21	21	10511	167	-21	21	10511	167	-21	21	10511	167	-21	21	10511	167	-21	21	10511
168	-22	22	10533	168	-22	22	10533	168	-22	22	10533	168	-22	22	10533	168	-22	22	10533	168	-22	22	10533	168	-22	22	10533
169	-19	19	10552	169	-19	19	10552	169	-19	19	10552	169	-19	19	10552	169	-19	19	10552	169	-19	19	10552	169	-19	19	10552
170	-15	15	10567	170	-15	15	10567	170	-15	15	10567	170	-15	15	10567	170	-15	15	10567	170	-15	15	10567	170	-15	15	10567
171	-29	29	10596	171	-29	29	10596	171	-29	29	10596	171	-29	29	10596	171	-29	29	10596	171	-29	29	10596	171	-29	29	10596
172	-248	50	10646	172	-248	50	10646	172	-248	50	10646	172	-248	50	10646	172	-248	50	10646	172	-248	50	10646	172	-248	50	10646
173	-23	23	10669	173	-23	23	10669	173	-23	23	10669	173	-23	23	10669	173	-23	23	10669	173	-23	23	10669	173	-23	23	10669
174	-25	25	10694	174	-25	25	10694	174	-25	25	10694	174	-25	25	10694	174	-25	25	10694	174	-25	25	10694	174	-25	25	10694
175	-23	23	10717	175	-23	23	10717	175	-23	23	10717	175	-23	23	10717	175	-23	23	10717	175	-23	23	10717	175	-23	23	10717
176	-33	33	10750	176	-33	33	10750	176	-33	33	10750	176	-33	33	10750	176	-33	33	10750	176	-33	33	10750	176	-33	33	10750
177	-15	15	10765	177	-15	15	10765	177	-15	15	10765	177	-15	15	10765	177	-15	15	10765	177	-15	15	10765	177	-15	15	10765
178	-15	15	10780	178	-15	15	10780	178	-15	15	10780	178	-15	15	10780	178	-15	15	10780	178	-15	15	10780	178	-15	15	10780
179	-143	44	10824	179	-143	44	10824	179	-143	44	10824	179	-143	44	10824	179	-143	44	10824	179	-143	44	10824	179	-143	44	10824
180	-128	29	10853	180	-128	29	10853	180	-128	29	10853	180	-128	29	10853	180	-128	29	10853	180	-128	29	10853	180	-128	29	10853
181	-15	15	10868	181	-15	15	10868	181	-15	15	10868	181	-15	15	10868	181	-15	15	10868	181	-15	15	10868	181	-15	15	10868
182	-150	51	10919	182	-150	51	10919	182	-150	51	10919	182	-150	51	10919	182	-150	51	10919	182	-150	51	10919	182	-150	51	10919
183	-13	13	10932	183	-13	13	10932	183	-13	13	10932	183	-13	13	10932	183	-13	13	10932	183	-13	13	10932	183	-13	13	10932
184	-17	17	10949	184	-17	17	10949	184	-17	17	10949	184	-17	17	10949	184	-17	17	10949	184	-17	17	10949	184	-17	17	10949
185	-24	24	10973	185	-24	24	10973	185	-24	24	10973	185	-24	24	10973	185	-24	24	10973	185	-24	24	10973	185	-24	24	10973
186	-21	21	10994	186	-21	21	10994	186	-21	21	10994	186	-21	21	10994	186	-21	21	10994	186	-21	21	10994	186	-21	21	10994
187	-33	33	11027	187	-33	33	11027	187	-33	33	11027	187	-33	33	11027	187	-33	33	11027	187	-33	33	11027	187	-33	33	11027
188	-28	28	11055	188	-28	28	11055	188	-28	28	11055	188	-28	28	11055	188	-28	28	11055	188	-28	28	11055	188	-28	28	11055
189	-17	17	11072	189	-17	17	11072	189	-17	17	11072	189	-17	17	11072	189	-17	17	11072	189	-17	17	11072	189	-17	17	11072
190	-19	19	11091	190	-19	19	11091	190	-19	19	11091	190	-19	19	11091	190	-19	19	11091	190	-19	19	11091	190	-19	19	11091
191	-18	18	11109	191	-18	18	11109	191	-18	18	11109	191	-18	18	11109	191	-18	18	11109	191	-18	18	11109	191	-18	18	11109
192	-135	36	11145	192	-135	36	11145	192	-135	36	11145	192	-135	36	11145	192	-135	36	11145	192	-135	36	11145	192	-135	36	11145
193	-30	30	11175	193	-30	30	11175	193	-30	30	11175	193	-30	30	11175	193	-30	30	11175	193	-30	30	11175	193	-30	30	11175
194	-13	13	11188	194	-13	13	11188	194	-13	13	11188	194	-13	13	11188	194	-13	13	11188	194	-13	13	11188	194	-13	13	11188
195	-19	19	11207	195	-19	19	11207	195	-19	19	11207	195	-19	19	11207	195	-19	19	11207	195	-19	19	11207	195	-19	19	11207
196	-140	41	11248	196	-140	41	11248	196	-140	41	11248	196	-140	41	11248	196	-140	41	11248	196	-140	41	11248	196	-140	41	11248
197	-21	21	11269	197	-21	21	11269	197	-21	21	11269	197	-21	21	11269	197	-21	21	11269	197	-21	21	11269	197	-21	21	11269
198	-118	19	11288	198	-118	19	11288	198	-118	19	11288	198	-118	19	11288	198	-118	19	11288	198	-118	19	11288	198	-118	19	11288
199	-32	32	11320	199	-32	32	11320	199	-32	32	11320	199	-32	32	11320	199	-32	32	11320	199	-32	32	11320	199	-32	32	11320
