Episode	Accumulated Reward	Length	Steps	Episode	Accumulated Reward	Length	Steps	Episode	Accumulated Reward	Length	Steps	Episode	Accumulated Reward	Length	Steps	Episode	Accumulated Reward	Length	Steps	Episode	Accumulated Reward	Length	Steps	Episode	Accumulated Reward	Length	Steps	Episode	Accumulated Reward	Length	Steps	Episode	Accumulated Reward	Length	Steps	Episode	Accumulated Reward	Length	Steps
0	-500.0	500	500	0	-500.0	500	500	0	-500.0	500	500	0	-500.0	500	500	0	-500.0	500	500	0	-500.0	500	500	0	-500.0	500	500	0	-500.0	500	500	0	-500.0	500	500	0	-500.0	500	500
1	-500.0	500	1000	1	-500.0	500	1000	1	-500.0	500	1000	1	-500.0	500	1000	1	-500.0	500	1000	1	-500.0	500	1000	1	-500.0	500	1000	1	-500.0	500	1000	1	-500.0	500	1000	1	-500.0	500	1000
2	-500.0	500	1500	2	-500.0	500	1500	2	-500.0	500	1500	2	-500.0	500	1500	2	-500.0	500	1500	2	-500.0	500	1500	2	-500.0	500	1500	2	-500.0	500	1500	2	-500.0	500	1500	2	-500.0	500	1500
3	-423.0	423	1923	3	-423.0	423	1923	3	-423.0	423	1923	3	-423.0	423	1923	3	-423.0	423	1923	3	-423.0	423	1923	3	-423.0	423	1923	3	-423.0	423	1923	3	-423.0	423	1923	3	-423.0	423	1923
4	-354.0	354	2277	4	-354.0	354	2277	4	-354.0	354	2277	4	-354.0	354	2277	4	-354.0	354	2277	4	-354.0	354	2277	4	-354.0	354	2277	4	-354.0	354	2277	4	-354.0	354	2277	4	-354.0	354	2277
5	-312.0	312	2589	5	-312.0	312	2589	5	-312.0	312	2589	5	-312.0	312	2589	5	-312.0	312	2589	5	-312.0	312	2589	5	-312.0	312	2589	5	-312.0	312	2589	5	-312.0	312	2589	5	-312.0	312	2589
6	-311.0	311	2900	6	-311.0	311	2900	6	-311.0	311	2900	6	-311.0	311	2900	6	-311.0	311	2900	6	-311.0	311	2900	6	-311.0	311	2900	6	-311.0	311	2900	6	-311.0	311	2900	6	-311.0	311	2900
7	-282.0	282	3182	7	-282.0	282	3182	7	-282.0	282	3182	7	-282.0	282	3182	7	-282.0	282	3182	7	-282.0	282	3182	7	-282.0	282	3182	7	-282.0	282	3182	7	-282.0	282	3182	7	-282.0	282	3182
8	-159.0	159	3341	8	-159.0	159	3341	8	-159.0	159	3341	8	-159.0	159	3341	8	-159.0	159	3341	8	-159.0	159	3341	8	-159.0	159	3341	8	-159.0	159	3341	8	-159.0	159	3341	8	-159.0	159	3341
9	-240.0	240	3581	9	-240.0	240	3581	9	-240.0	240	3581	9	-240.0	240	3581	9	-240.0	240	3581	9	-240.0	240	3581	9	-240.0	240	3581	9	-240.0	240	3581	9	-240.0	240	3581	9	-240.0	240	3581
10	-213.0	213	3794	10	-213.0	213	3794	10	-213.0	213	3794	10	-213.0	213	3794	10	-213.0	213	3794	10	-213.0	213	3794	10	-213.0	213	3794	10	-213.0	213	3794	10	-213.0	213	3794	10	-213.0	213	3794
11	-195.0	195	3989	11	-195.0	195	3989	11	-195.0	195	3989	11	-195.0	195	3989	11	-195.0	195	3989	11	-195.0	195	3989	11	-195.0	195	3989	11	-195.0	195	3989	11	-195.0	195	3989	11	-195.0	195	3989
12	-200.0	200	4189	12	-200.0	200	4189	12	-200.0	200	4189	12	-200.0	200	4189	12	-200.0	200	4189	12	-200.0	200	4189	12	-200.0	200	4189	12	-200.0	200	4189	12	-200.0	200	4189	12	-200.0	200	4189
13	-190.0	190	4379	13	-190.0	190	4379	13	-190.0	190	4379	13	-190.0	190	4379	13	-190.0	190	4379	13	-190.0	190	4379	13	-190.0	190	4379	13	-190.0	190	4379	13	-190.0	190	4379	13	-190.0	190	4379
14	-194.0	194	4573	14	-194.0	194	4573	14	-194.0	194	4573	14	-194.0	194	4573	14	-194.0	194	4573	14	-194.0	194	4573	14	-194.0	194	4573	14	-194.0	194	4573	14	-194.0	194	4573	14	-194.0	194	4573
15	-309.0	309	4882	15	-309.0	309	4882	15	-309.0	309	4882	15	-309.0	309	4882	15	-309.0	309	4882	15	-309.0	309	4882	15	-309.0	309	4882	15	-309.0	309	4882	15	-309.0	309	4882	15	-309.0	309	4882
16	-166.0	166	5048	16	-166.0	166	5048	16	-166.0	166	5048	16	-166.0	166	5048	16	-166.0	166	5048	16	-166.0	166	5048	16	-166.0	166	5048	16	-166.0	166	5048	16	-166.0	166	5048	16	-166.0	166	5048
17	-156.0	156	5204	17	-156.0	156	5204	17	-156.0	156	5204	17	-156.0	156	5204	17	-156.0	156	5204	17	-156.0	156	5204	17	-156.0	156	5204	17	-156.0	156	5204	17	-156.0	156	5204	17	-156.0	156	5204
18	-204.0	204	5408	18	-204.0	204	5408	18	-204.0	204	5408	18	-204.0	204	5408	18	-204.0	204	5408	18	-204.0	204	5408	18	-204.0	204	5408	18	-204.0	204	5408	18	-204.0	204	5408	18	-204.0	204	5408
19	-267.0	267	5675	19	-267.0	267	5675	19	-267.0	267	5675	19	-267.0	267	5675	19	-267.0	267	5675	19	-267.0	267	5675	19	-267.0	267	5675	19	-267.0	267	5675	19	-267.0	267	5675	19	-267.0	267	5675
20	-210.0	210	5885	20	-210.0	210	5885	20	-210.0	210	5885	20	-210.0	210	5885	20	-210.0	210	5885	20	-210.0	210	5885	20	-210.0	210	5885	20	-210.0	210	5885	20	-210.0	210	5885	20	-210.0	210	5885
21	-160.0	160	6045	21	-160.0	160	6045	21	-160.0	160	6045	21	-160.0	160	6045	21	-160.0	160	6045	21	-160.0	160	6045	21	-160.0	160	6045	21	-160.0	160	6045	21	-160.0	160	6045	21	-160.0	160	6045
22	-150.0	150	6195	22	-150.0	150	6195	22	-150.0	150	6195	22	-150.0	150	6195	22	-150.0	150	6195	22	-150.0	150	6195	22	-150.0	150	6195	22	-150.0	150	6195	22	-150.0	150	6195	22	-150.0	150	6195
23	-145.0	145	6340	23	-145.0	145	6340	23	-145.0	145	6340	23	-145.0	145	6340	23	-145.0	145	6340	23	-145.0	145	6340	23	-145.0	145	6340	23	-145.0	145	6340	23	-145.0	145	6340	23	-145.0	145	6340
24	-192.0	192	6532	24	-192.0	192	6532	24	-192.0	192	6532	24	-192.0	192	6532	24	-192.0	192	6532	24	-192.0	192	6532	24	-192.0	192	6532	24	-192.0	192	6532	24	-192.0	192	6532	24	-192.0	192	6532
25	-182.0	182	6714	25	-182.0	182	6714	25	-182.0	182	6714	25	-182.0	182	6714	25	-182.0	182	6714	25	-182.0	182	6714	25	-182.0	182	6714	25	-182.0	182	6714	25	-182.0	182	6714	25	-182.0	182	6714
26	-154.0	154	6868	26	-154.0	154	6868	26	-154.0	154	6868	26	-154.0	154	6868	26	-154.0	154	6868	26	-154.0	154	6868	26	-154.0	154	6868	26	-154.0	154	6868	26	-154.0	154	6868	26	-154.0	154	6868
27	-158.0	158	7026	27	-158.0	158	7026	27	-158.0	158	7026	27	-158.0	158	7026	27	-158.0	158	7026	27	-158.0	158	7026	27	-158.0	158	7026	27	-158.0	158	7026	27	-158.0	158	7026	27	-158.0	158	7026
28	-163.0	163	7189	28	-163.0	163	7189	28	-163.0	163	7189	28	-163.0	163	7189	28	-163.0	163	7189	28	-163.0	163	7189	28	-163.0	163	7189	28	-163.0	163	7189	28	-163.0	163	7189	28	-163.0	163	7189
29	-143.0	143	7332	29	-143.0	143	7332	29	-143.0	143	7332	29	-143.0	143	7332	29	-143.0	143	7332	29	-143.0	143	7332	29	-143.0	143	7332	29	-143.0	143	7332	29	-143.0	143	7332	29	-143.0	143	7332
30	-204.0	204	7536	30	-204.0	204	7536	30	-204.0	204	7536	30	-204.0	204	7536	30	-204.0	204	7536	30	-204.0	204	7536	30	-204.0	204	7536	30	-204.0	204	7536	30	-204.0	204	7536	30	-204.0	204	7536
31	-150.0	150	7686	31	-150.0	150	7686	31	-150.0	150	7686	31	-150.0	150	7686	31	-150.0	150	7686	31	-150.0	150	7686	31	-150.0	150	7686	31	-150.0	150	7686	31	-150.0	150	7686	31	-150.0	150	7686
32	-148.0	148	7834	32	-148.0	148	7834	32	-148.0	148	7834	32	-148.0	148	7834	32	-148.0	148	7834	32	-148.0	148	7834	32	-148.0	148	7834	32	-148.0	148	7834	32	-148.0	148	7834	32	-148.0	148	7834
33	-145.0	145	7979	33	-145.0	145	7979	33	-145.0	145	7979	33	-145.0	145	7979	33	-145.0	145	7979	33	-145.0	145	7979	33	-145.0	145	7979	33	-145.0	145	7979	33	-145.0	145	7979	33	-145.0	145	7979
34	-180.0	180	8159	34	-180.0	180	8159	34	-180.0	180	8159	34	-180.0	180	8159	34	-180.0	180	8159	34	-180.0	180	8159	34	-180.0	180	8159	34	-180.0	180	8159	34	-180.0	180	8159	34	-180.0	180	8159
35	-212.0	212	8371	35	-212.0	212	8371	35	-212.0	212	8371	35	-212.0	212	8371	35	-212.0	212	8371	35	-212.0	212	8371	35	-212.0	212	8371	35	-212.0	212	8371	35	-212.0	212	8371	35	-212.0	212	8371
36	-147.0	147	8518	36	-147.0	147	8518	36	-147.0	147	8518	36	-147.0	147	8518	36	-147.0	147	8518	36	-147.0	147	8518	36	-147.0	147	8518	36	-147.0	147	8518	36	-147.0	147	8518	36	-147.0	147	8518
37	-228.0	228	8746	37	-228.0	228	8746	37	-228.0	228	8746	37	-228.0	228	8746	37	-228.0	228	8746	37	-228.0	228	8746	37	-228.0	228	8746	37	-228.0	228	8746	37	-228.0	228	8746	37	-228.0	228	8746
38	-224.0	224	8970	38	-224.0	224	8970	38	-224.0	224	8970	38	-224.0	224	8970	38	-224.0	224	8970	38	-224.0	224	8970	38	-224.0	224	8970	38	-224.0	224	8970	38	-224.0	224	8970	38	-224.0	224	8970
39	-147.0	147	9117	39	-147.0	147	9117	39	-147.0	147	9117	39	-147.0	147	9117	39	-147.0	147	9117	39	-147.0	147	9117	39	-147.0	147	9117	39	-147.0	147	9117	39	-147.0	147	9117	39	-147.0	147	9117
40	-187.0	187	9304	40	-187.0	187	9304	40	-187.0	187	9304	40	-187.0	187	9304	40	-187.0	187	9304	40	-187.0	187	9304	40	-187.0	187	9304	40	-187.0	187	9304	40	-187.0	187	9304	40	-187.0	187	9304
41	-192.0	192	9496	41	-192.0	192	9496	41	-192.0	192	9496	41	-192.0	192	9496	41	-192.0	192	9496	41	-192.0	192	9496	41	-192.0	192	9496	41	-192.0	192	9496	41	-192.0	192	9496	41	-192.0	192	9496
42	-138.0	138	9634	42	-138.0	138	9634	42	-138.0	138	9634	42	-138.0	138	9634	42	-138.0	138	9634	42	-138.0	138	9634	42	-138.0	138	9634	42	-138.0	138	9634	42	-138.0	138	9634	42	-138.0	138	9634
43	-168.0	168	9802	43	-168.0	168	9802	43	-168.0	168	9802	43	-168.0	168	9802	43	-168.0	168	9802	43	-168.0	168	9802	43	-168.0	168	9802	43	-168.0	168	9802	43	-168.0	168	9802	43	-168.0	168	9802
44	-171.0	171	9973	44	-171.0	171	9973	44	-171.0	171	9973	44	-171.0	171	9973	44	-171.0	171	9973	44	-171.0	171	9973	44	-171.0	171	9973	44	-171.0	171	9973	44	-171.0	171	9973	44	-171.0	171	9973
45	-211.0	211	10184	45	-211.0	211	10184	45	-211.0	211	10184	45	-211.0	211	10184	45	-211.0	211	10184	45	-211.0	211	10184	45	-211.0	211	10184	45	-211.0	211	10184	45	-211.0	211	10184	45	-211.0	211	10184
46	-149.0	149	10333	46	-149.0	149	10333	46	-149.0	149	10333	46	-149.0	149	10333	46	-149.0	149	10333	46	-149.0	149	10333	46	-149.0	149	10333	46	-149.0	149	10333	46	-149.0	149	10333	46	-149.0	149	10333
47	-212.0	212	10545	47	-212.0	212	10545	47	-212.0	212	10545	47	-212.0	212	10545	47	-212.0	212	10545	47	-212.0	212	10545	47	-212.0	212	10545	47	-212.0	212	10545	47	-212.0	212	10545	47	-212.0	212	10545
48	-116.0	116	10661	48	-116.0	116	10661	48	-116.0	116	10661	48	-116.0	116	10661	48	-116.0	116	10661	48	-116.0	116	10661	48	-116.0	116	10661	48	-116.0	116	10661	48	-116.0	116	10661	48	-116.0	116	10661
49	-142.0	142	10803	49	-142.0	142	10803	49	-142.0	142	10803	49	-142.0	142	10803	49	-142.0	142	10803	49	-142.0	142	10803	49	-142.0	142	10803	49	-142.0	142	10803	49	-142.0	142	10803	49	-142.0	142	10803
50	-113.0	113	10916	50	-113.0	113	10916	50	-113.0	113	10916	50	-113.0	113	10916	50	-113.0	113	10916	50	-113.0	113	10916	50	-113.0	113	10916	50	-113.0	113	10916	50	-113.0	113	10916	50	-113.0	113	10916
51	-143.0	143	11059	51	-143.0	143	11059	51	-143.0	143	11059	51	-143.0	143	11059	51	-143.0	143	11059	51	-143.0	143	11059	51	-143.0	143	11059	51	-143.0	143	11059	51	-143.0	143	11059	51	-143.0	143	11059
52	-112.0	112	11171	52	-112.0	112	11171	52	-112.0	112	11171	52	-112.0	112	11171	52	-112.0	112	11171	52	-112.0	112	11171	52	-112.0	112	11171	52	-112.0	112	11171	52	-112.0	112	11171	52	-112.0	112	11171
53	-89.0	89	11260	53	-89.0	89	11260	53	-89.0	89	11260	53	-89.0	89	11260	53	-89.0	89	11260	53	-89.0	89	11260	53	-89.0	89	11260	53	-89.0	89	11260	53	-89.0	89	11260	53	-89.0	89	11260
54	-110.0	110	11370	54	-110.0	110	11370	54	-110.0	110	11370	54	-110.0	110	11370	54	-110.0	110	11370	54	-110.0	110	11370	54	-110.0	110	11370	54	-110.0	110	11370	54	-110.0	110	11370	54	-110.0	110	11370
55	-107.0	107	11477	55	-107.0	107	11477	55	-107.0	107	11477	55	-107.0	107	11477	55	-107.0	107	11477	55	-107.0	107	11477	55	-107.0	107	11477	55	-107.0	107	11477	55	-107.0	107	11477	55	-107.0	107	11477
56	-86.0	86	11563	56	-86.0	86	11563	56	-86.0	86	11563	56	-86.0	86	11563	56	-86.0	86	11563	56	-86.0	86	11563	56	-86.0	86	11563	56	-86.0	86	11563	56	-86.0	86	11563	56	-86.0	86	11563
57	-165.0	165	11728	57	-165.0	165	11728	57	-165.0	165	11728	57	-165.0	165	11728	57	-165.0	165	11728	57	-165.0	165	11728	57	-165.0	165	11728	57	-165.0	165	11728	57	-165.0	165	11728	57	-165.0	165	11728
58	-106.0	106	11834	58	-106.0	106	11834	58	-106.0	106	11834	58	-106.0	106	11834	58	-106.0	106	11834	58	-106.0	106	11834	58	-106.0	106	11834	58	-106.0	106	11834	58	-106.0	106	11834	58	-106.0	106	11834
59	-149.0	149	11983	59	-149.0	149	11983	59	-149.0	149	11983	59	-149.0	149	11983	59	-149.0	149	11983	59	-149.0	149	11983	59	-149.0	149	11983	59	-149.0	149	11983	59	-149.0	149	11983	59	-149.0	149	11983
60	-185.0	185	12168	60	-185.0	185	12168	60	-185.0	185	12168	60	-185.0	185	12168	60	-185.0	185	12168	60	-185.0	185	12168	60	-185.0	185	12168	60	-185.0	185	12168	60	-185.0	185	12168	60	-185.0	185	12168
61	-141.0	141	12309	61	-141.0	141	12309	61	-141.0	141	12309	61	-141.0	141	12309	61	-141.0	141	12309	61	-141.0	141	12309	61	-141.0	141	12309	61	-141.0	141	12309	61	-141.0	141	12309	61	-141.0	141	12309
62	-141.0	141	12450	62	-141.0	141	12450	62	-141.0	141	12450	62	-141.0	141	12450	62	-141.0	141	12450	62	-141.0	141	12450	62	-141.0	141	12450	62	-141.0	141	12450	62	-141.0	141	12450	62	-141.0	141	12450
63	-143.0	143	12593	63	-143.0	143	12593	63	-143.0	143	12593	63	-143.0	143	12593	63	-143.0	143	12593	63	-143.0	143	12593	63	-143.0	143	12593	63	-143.0	143	12593	63	-143.0	143	12593	63	-143.0	143	12593
64	-142.0	142	12735	64	-142.0	142	12735	64	-142.0	142	12735	64	-142.0	142	12735	64	-142.0	142	12735	64	-142.0	142	12735	64	-142.0	142	12735	64	-142.0	142	12735	64	-142.0	142	12735	64	-142.0	142	12735
65	-172.0	172	12907	65	-172.0	172	12907	65	-172.0	172	12907	65	-172.0	172	12907	65	-172.0	172	12907	65	-172.0	172	12907	65	-172.0	172	12907	65	-172.0	172	12907	65	-172.0	172	12907	65	-172.0	172	12907
66	-148.0	148	13055	66	-148.0	148	13055	66	-148.0	148	13055	66	-148.0	148	13055	66	-148.0	148	13055	66	-148.0	148	13055	66	-148.0	148	13055	66	-148.0	148	13055	66	-148.0	148	13055	66	-148.0	148	13055
67	-147.0	147	13202	67	-147.0	147	13202	67	-147.0	147	13202	67	-147.0	147	13202	67	-147.0	147	13202	67	-147.0	147	13202	67	-147.0	147	13202	67	-147.0	147	13202	67	-147.0	147	13202	67	-147.0	147	13202
68	-150.0	150	13352	68	-150.0	150	13352	68	-150.0	150	13352	68	-150.0	150	13352	68	-150.0	150	13352	68	-150.0	150	13352	68	-150.0	150	13352	68	-150.0	150	13352	68	-150.0	150	13352	68	-150.0	150	13352
69	-152.0	152	13504	69	-152.0	152	13504	69	-152.0	152	13504	69	-152.0	152	13504	69	-152.0	152	13504	69	-152.0	152	13504	69	-152.0	152	13504	69	-152.0	152	13504	69	-152.0	152	13504	69	-152.0	152	13504
70	-145.0	145	13649	70	-145.0	145	13649	70	-145.0	145	13649	70	-145.0	145	13649	70	-145.0	145	13649	70	-145.0	145	13649	70	-145.0	145	13649	70	-145.0	145	13649	70	-145.0	145	13649	70	-145.0	145	13649
71	-148.0	148	13797	71	-148.0	148	13797	71	-148.0	148	13797	71	-148.0	148	13797	71	-148.0	148	13797	71	-148.0	148	13797	71	-148.0	148	13797	71	-148.0	148	13797	71	-148.0	148	13797	71	-148.0	148	13797
72	-147.0	147	13944	72	-147.0	147	13944	72	-147.0	147	13944	72	-147.0	147	13944	72	-147.0	147	13944	72	-147.0	147	13944	72	-147.0	147	13944	72	-147.0	147	13944	72	-147.0	147	13944	72	-147.0	147	13944
73	-190.0	190	14134	73	-190.0	190	14134	73	-190.0	190	14134	73	-190.0	190	14134	73	-190.0	190	14134	73	-190.0	190	14134	73	-190.0	190	14134	73	-190.0	190	14134	73	-190.0	190	14134	73	-190.0	190	14134
74	-144.0	144	14278	74	-144.0	144	14278	74	-144.0	144	14278	74	-144.0	144	14278	74	-144.0	144	14278	74	-144.0	144	14278	74	-144.0	144	14278	74	-144.0	144	14278	74	-144.0	144	14278	74	-144.0	144	14278
75	-150.0	150	14428	75	-150.0	150	14428	75	-150.0	150	14428	75	-150.0	150	14428	75	-150.0	150	14428	75	-150.0	150	14428	75	-150.0	150	14428	75	-150.0	150	14428	75	-150.0	150	14428	75	-150.0	150	14428
76	-185.0	185	14613	76	-185.0	185	14613	76	-185.0	185	14613	76	-185.0	185	14613	76	-185.0	185	14613	76	-185.0	185	14613	76	-185.0	185	14613	76	-185.0	185	14613	76	-185.0	185	14613	76	-185.0	185	14613
77	-150.0	150	14763	77	-150.0	150	14763	77	-150.0	150	14763	77	-150.0	150	14763	77	-150.0	150	14763	77	-150.0	150	14763	77	-150.0	150	14763	77	-150.0	150	14763	77	-150.0	150	14763	77	-150.0	150	14763
78	-147.0	147	14910	78	-147.0	147	14910	78	-147.0	147	14910	78	-147.0	147	14910	78	-147.0	147	14910	78	-147.0	147	14910	78	-147.0	147	14910	78	-147.0	147	14910	78	-147.0	147	14910	78	-147.0	147	14910
79	-141.0	141	15051	79	-141.0	141	15051	79	-141.0	141	15051	79	-141.0	141	15051	79	-141.0	141	15051	79	-141.0	141	15051	79	-141.0	141	15051	79	-141.0	141	15051	79	-141.0	141	15051	79	-141.0	141	15051
80	-144.0	144	15195	80	-144.0	144	15195	80	-144.0	144	15195	80	-144.0	144	15195	80	-144.0	144	15195	80	-144.0	144	15195	80	-144.0	144	15195	80	-144.0	144	15195	80	-144.0	144	15195	80	-144.0	144	15195
81	-150.0	150	15345	81	-150.0	150	15345	81	-150.0	150	15345	81	-150.0	150	15345	81	-150.0	150	15345	81	-150.0	150	15345	81	-150.0	150	15345	81	-150.0	150	15345	81	-150.0	150	15345	81	-150.0	150	15345
82	-178.0	178	15523	82	-178.0	178	15523	82	-178.0	178	15523	82	-178.0	178	15523	82	-178.0	178	15523	82	-178.0	178	15523	82	-178.0	178	15523	82	-178.0	178	15523	82	-178.0	178	15523	82	-178.0	178	15523
83	-147.0	147	15670	83	-147.0	147	15670	83	-147.0	147	15670	83	-147.0	147	15670	83	-147.0	147	15670	83	-147.0	147	15670	83	-147.0	147	15670	83	-147.0	147	15670	83	-147.0	147	15670	83	-147.0	147	15670
84	-155.0	155	15825	84	-155.0	155	15825	84	-155.0	155	15825	84	-155.0	155	15825	84	-155.0	155	15825	84	-155.0	155	15825	84	-155.0	155	15825	84	-155.0	155	15825	84	-155.0	155	15825	84	-155.0	155	15825
85	-213.0	213	16038	85	-213.0	213	16038	85	-213.0	213	16038	85	-213.0	213	16038	85	-213.0	213	16038	85	-213.0	213	16038	85	-213.0	213	16038	85	-213.0	213	16038	85	-213.0	213	16038	85	-213.0	213	16038
86	-148.0	148	16186	86	-148.0	148	16186	86	-148.0	148	16186	86	-148.0	148	16186	86	-148.0	148	16186	86	-148.0	148	16186	86	-148.0	148	16186	86	-148.0	148	16186	86	-148.0	148	16186	86	-148.0	148	16186
87	-199.0	199	16385	87	-199.0	199	16385	87	-199.0	199	16385	87	-199.0	199	16385	87	-199.0	199	16385	87	-199.0	199	16385	87	-199.0	199	16385	87	-199.0	199	16385	87	-199.0	199	16385	87	-199.0	199	16385
88	-176.0	176	16561	88	-176.0	176	16561	88	-176.0	176	16561	88	-176.0	176	16561	88	-176.0	176	16561	88	-176.0	176	16561	88	-176.0	176	16561	88	-176.0	176	16561	88	-176.0	176	16561	88	-176.0	176	16561
89	-152.0	152	16713	89	-152.0	152	16713	89	-152.0	152	16713	89	-152.0	152	16713	89	-152.0	152	16713	89	-152.0	152	16713	89	-152.0	152	16713	89	-152.0	152	16713	89	-152.0	152	16713	89	-152.0	152	16713
90	-144.0	144	16857	90	-144.0	144	16857	90	-144.0	144	16857	90	-144.0	144	16857	90	-144.0	144	16857	90	-144.0	144	16857	90	-144.0	144	16857	90	-144.0	144	16857	90	-144.0	144	16857	90	-144.0	144	16857
91	-130.0	130	16987	91	-130.0	130	16987	91	-130.0	130	16987	91	-130.0	130	16987	91	-130.0	130	16987	91	-130.0	130	16987	91	-130.0	130	16987	91	-130.0	130	16987	91	-130.0	130	16987	91	-130.0	130	16987
92	-144.0	144	17131	92	-144.0	144	17131	92	-144.0	144	17131	92	-144.0	144	17131	92	-144.0	144	17131	92	-144.0	144	17131	92	-144.0	144	17131	92	-144.0	144	17131	92	-144.0	144	17131	92	-144.0	144	17131
93	-109.0	109	17240	93	-109.0	109	17240	93	-109.0	109	17240	93	-109.0	109	17240	93	-109.0	109	17240	93	-109.0	109	17240	93	-109.0	109	17240	93	-109.0	109	17240	93	-109.0	109	17240	93	-109.0	109	17240
94	-148.0	148	17388	94	-148.0	148	17388	94	-148.0	148	17388	94	-148.0	148	17388	94	-148.0	148	17388	94	-148.0	148	17388	94	-148.0	148	17388	94	-148.0	148	17388	94	-148.0	148	17388	94	-148.0	148	17388
95	-140.0	140	17528	95	-140.0	140	17528	95	-140.0	140	17528	95	-140.0	140	17528	95	-140.0	140	17528	95	-140.0	140	17528	95	-140.0	140	17528	95	-140.0	140	17528	95	-140.0	140	17528	95	-140.0	140	17528
96	-143.0	143	17671	96	-143.0	143	17671	96	-143.0	143	17671	96	-143.0	143	17671	96	-143.0	143	17671	96	-143.0	143	17671	96	-143.0	143	17671	96	-143.0	143	17671	96	-143.0	143	17671	96	-143.0	143	17671
97	-138.0	138	17809	97	-138.0	138	17809	97	-138.0	138	17809	97	-138.0	138	17809	97	-138.0	138	17809	97	-138.0	138	17809	97	-138.0	138	17809	97	-138.0	138	17809	97	-138.0	138	17809	97	-138.0	138	17809
98	-141.0	141	17950	98	-141.0	141	17950	98	-141.0	141	17950	98	-141.0	141	17950	98	-141.0	141	17950	98	-141.0	141	17950	98	-141.0	141	17950	98	-141.0	141	17950	98	-141.0	141	17950	98	-141.0	141	17950
99	-135.0	135	18085	99	-135.0	135	18085	99	-135.0	135	18085	99	-135.0	135	18085	99	-135.0	135	18085	99	-135.0	135	18085	99	-135.0	135	18085	99	-135.0	135	18085	99	-135.0	135	18085	99	-135.0	135	18085
100	-113.0	113	18198	100	-113.0	113	18198	100	-113.0	113	18198	100	-113.0	113	18198	100	-113.0	113	18198	100	-113.0	113	18198	100	-113.0	113	18198	100	-113.0	113	18198	100	-113.0	113	18198	100	-113.0	113	18198
101	-138.0	138	18336	101	-138.0	138	18336	101	-138.0	138	18336	101	-138.0	138	18336	101	-138.0	138	18336	101	-138.0	138	18336	101	-138.0	138	18336	101	-138.0	138	18336	101	-138.0	138	18336	101	-138.0	138	18336
102	-134.0	134	18470	102	-134.0	134	18470	102	-134.0	134	18470	102	-134.0	134	18470	102	-134.0	134	18470	102	-134.0	134	18470	102	-134.0	134	18470	102	-134.0	134	18470	102	-134.0	134	18470	102	-134.0	134	18470
103	-139.0	139	18609	103	-139.0	139	18609	103	-139.0	139	18609	103	-139.0	139	18609	103	-139.0	139	18609	103	-139.0	139	18609	103	-139.0	139	18609	103	-139.0	139	18609	103	-139.0	139	18609	103	-139.0	139	18609
104	-108.0	108	18717	104	-108.0	108	18717	104	-108.0	108	18717	104	-108.0	108	18717	104	-108.0	108	18717	104	-108.0	108	18717	104	-108.0	108	18717	104	-108.0	108	18717	104	-108.0	108	18717	104	-108.0	108	18717
105	-155.0	155	18872	105	-155.0	155	18872	105	-155.0	155	18872	105	-155.0	155	18872	105	-155.0	155	18872	105	-155.0	155	18872	105	-155.0	155	18872	105	-155.0	155	18872	105	-155.0	155	18872	105	-155.0	155	18872
106	-111.0	111	18983	106	-111.0	111	18983	106	-111.0	111	18983	106	-111.0	111	18983	106	-111.0	111	18983	106	-111.0	111	18983	106	-111.0	111	18983	106	-111.0	111	18983	106	-111.0	111	18983	106	-111.0	111	18983
107	-198.0	198	19181	107	-198.0	198	19181	107	-198.0	198	19181	107	-198.0	198	19181	107	-198.0	198	19181	107	-198.0	198	19181	107	-198.0	198	19181	107	-198.0	198	19181	107	-198.0	198	19181	107	-198.0	198	19181
108	-110.0	110	19291	108	-110.0	110	19291	108	-110.0	110	19291	108	-110.0	110	19291	108	-110.0	110	19291	108	-110.0	110	19291	108	-110.0	110	19291	108	-110.0	110	19291	108	-110.0	110	19291	108	-110.0	110	19291
109	-151.0	151	19442	109	-151.0	151	19442	109	-151.0	151	19442	109	-151.0	151	19442	109	-151.0	151	19442	109	-151.0	151	19442	109	-151.0	151	19442	109	-151.0	151	19442	109	-151.0	151	19442	109	-151.0	151	19442
110	-111.0	111	19553	110	-111.0	111	19553	110	-111.0	111	19553	110	-111.0	111	19553	110	-111.0	111	19553	110	-111.0	111	19553	110	-111.0	111	19553	110	-111.0	111	19553	110	-111.0	111	19553	110	-111.0	111	19553
111	-152.0	152	19705	111	-152.0	152	19705	111	-152.0	152	19705	111	-152.0	152	19705	111	-152.0	152	19705	111	-152.0	152	19705	111	-152.0	152	19705	111	-152.0	152	19705	111	-152.0	152	19705	111	-152.0	152	19705
112	-117.0	117	19822	112	-117.0	117	19822	112	-117.0	117	19822	112	-117.0	117	19822	112	-117.0	117	19822	112	-117.0	117	19822	112	-117.0	117	19822	112	-117.0	117	19822	112	-117.0	117	19822	112	-117.0	117	19822
113	-176.0	176	19998	113	-176.0	176	19998	113	-176.0	176	19998	113	-176.0	176	19998	113	-176.0	176	19998	113	-176.0	176	19998	113	-176.0	176	19998	113	-176.0	176	19998	113	-176.0	176	19998	113	-176.0	176	19998
114	-170.0	170	20168	114	-170.0	170	20168	114	-170.0	170	20168	114	-170.0	170	20168	114	-170.0	170	20168	114	-170.0	170	20168	114	-170.0	170	20168	114	-170.0	170	20168	114	-170.0	170	20168	114	-170.0	170	20168
115	-155.0	155	20323	115	-155.0	155	20323	115	-155.0	155	20323	115	-155.0	155	20323	115	-155.0	155	20323	115	-155.0	155	20323	115	-155.0	155	20323	115	-155.0	155	20323	115	-155.0	155	20323	115	-155.0	155	20323
116	-150.0	150	20473	116	-150.0	150	20473	116	-150.0	150	20473	116	-150.0	150	20473	116	-150.0	150	20473	116	-150.0	150	20473	116	-150.0	150	20473	116	-150.0	150	20473	116	-150.0	150	20473	116	-150.0	150	20473
117	-142.0	142	20615	117	-142.0	142	20615	117	-142.0	142	20615	117	-142.0	142	20615	117	-142.0	142	20615	117	-142.0	142	20615	117	-142.0	142	20615	117	-142.0	142	20615	117	-142.0	142	20615	117	-142.0	142	20615
118	-158.0	158	20773	118	-158.0	158	20773	118	-158.0	158	20773	118	-158.0	158	20773	118	-158.0	158	20773	118	-158.0	158	20773	118	-158.0	158	20773	118	-158.0	158	20773	118	-158.0	158	20773	118	-158.0	158	20773
119	-153.0	153	20926	119	-153.0	153	20926	119	-153.0	153	20926	119	-153.0	153	20926	119	-153.0	153	20926	119	-153.0	153	20926	119	-153.0	153	20926	119	-153.0	153	20926	119	-153.0	153	20926	119	-153.0	153	20926
120	-136.0	136	21062	120	-136.0	136	21062	120	-136.0	136	21062	120	-136.0	136	21062	120	-136.0	136	21062	120	-136.0	136	21062	120	-136.0	136	21062	120	-136.0	136	21062	120	-136.0	136	21062	120	-136.0	136	21062
121	-155.0	155	21217	121	-155.0	155	21217	121	-155.0	155	21217	121	-155.0	155	21217	121	-155.0	155	21217	121	-155.0	155	21217	121	-155.0	155	21217	121	-155.0	155	21217	121	-155.0	155	21217	121	-155.0	155	21217
122	-137.0	137	21354	122	-137.0	137	21354	122	-137.0	137	21354	122	-137.0	137	21354	122	-137.0	137	21354	122	-137.0	137	21354	122	-137.0	137	21354	122	-137.0	137	21354	122	-137.0	137	21354	122	-137.0	137	21354
123	-138.0	138	21492	123	-138.0	138	21492	123	-138.0	138	21492	123	-138.0	138	21492	123	-138.0	138	21492	123	-138.0	138	21492	123	-138.0	138	21492	123	-138.0	138	21492	123	-138.0	138	21492	123	-138.0	138	21492
124	-135.0	135	21627	124	-135.0	135	21627	124	-135.0	135	21627	124	-135.0	135	21627	124	-135.0	135	21627	124	-135.0	135	21627	124	-135.0	135	21627	124	-135.0	135	21627	124	-135.0	135	21627	124	-135.0	135	21627
125	-140.0	140	21767	125	-140.0	140	21767	125	-140.0	140	21767	125	-140.0	140	21767	125	-140.0	140	21767	125	-140.0	140	21767	125	-140.0	140	21767	125	-140.0	140	21767	125	-140.0	140	21767	125	-140.0	140	21767
126	-135.0	135	21902	126	-135.0	135	21902	126	-135.0	135	21902	126	-135.0	135	21902	126	-135.0	135	21902	126	-135.0	135	21902	126	-135.0	135	21902	126	-135.0	135	21902	126	-135.0	135	21902	126	-135.0	135	21902
127	-139.0	139	22041	127	-139.0	139	22041	127	-139.0	139	22041	127	-139.0	139	22041	127	-139.0	139	22041	127	-139.0	139	22041	127	-139.0	139	22041	127	-139.0	139	22041	127	-139.0	139	22041	127	-139.0	139	22041
128	-133.0	133	22174	128	-133.0	133	22174	128	-133.0	133	22174	128	-133.0	133	22174	128	-133.0	133	22174	128	-133.0	133	22174	128	-133.0	133	22174	128	-133.0	133	22174	128	-133.0	133	22174	128	-133.0	133	22174
129	-132.0	132	22306	129	-132.0	132	22306	129	-132.0	132	22306	129	-132.0	132	22306	129	-132.0	132	22306	129	-132.0	132	22306	129	-132.0	132	22306	129	-132.0	132	22306	129	-132.0	132	22306	129	-132.0	132	22306
130	-115.0	115	22421	130	-115.0	115	22421	130	-115.0	115	22421	130	-115.0	115	22421	130	-115.0	115	22421	130	-115.0	115	22421	130	-115.0	115	22421	130	-115.0	115	22421	130	-115.0	115	22421	130	-115.0	115	22421
131	-130.0	130	22551	131	-130.0	130	22551	131	-130.0	130	22551	131	-130.0	130	22551	131	-130.0	130	22551	131	-130.0	130	22551	131	-130.0	130	22551	131	-130.0	130	22551	131	-130.0	130	22551	131	-130.0	130	22551
132	-106.0	106	22657	132	-106.0	106	22657	132	-106.0	106	22657	132	-106.0	106	22657	132	-106.0	106	22657	132	-106.0	106	22657	132	-106.0	106	22657	132	-106.0	106	22657	132	-106.0	106	22657	132	-106.0	106	22657
133	-105.0	105	22762	133	-105.0	105	22762	133	-105.0	105	22762	133	-105.0	105	22762	133	-105.0	105	22762	133	-105.0	105	22762	133	-105.0	105	22762	133	-105.0	105	22762	133	-105.0	105	22762	133	-105.0	105	22762
134	-105.0	105	22867	134	-105.0	105	22867	134	-105.0	105	22867	134	-105.0	105	22867	134	-105.0	105	22867	134	-105.0	105	22867	134	-105.0	105	22867	134	-105.0	105	22867	134	-105.0	105	22867	134	-105.0	105	22867
135	-104.0	104	22971	135	-104.0	104	22971	135	-104.0	104	22971	135	-104.0	104	22971	135	-104.0	104	22971	135	-104.0	104	22971	135	-104.0	104	22971	135	-104.0	104	22971	135	-104.0	104	22971	135	-104.0	104	22971
136	-104.0	104	23075	136	-104.0	104	23075	136	-104.0	104	23075	136	-104.0	104	23075	136	-104.0	104	23075	136	-104.0	104	23075	136	-104.0	104	23075	136	-104.0	104	23075	136	-104.0	104	23075	136	-104.0	104	23075
137	-169.0	169	23244	137	-169.0	169	23244	137	-169.0	169	23244	137	-169.0	169	23244	137	-169.0	169	23244	137	-169.0	169	23244	137	-169.0	169	23244	137	-169.0	169	23244	137	-169.0	169	23244	137	-169.0	169	23244
138	-104.0	104	23348	138	-104.0	104	23348	138	-104.0	104	23348	138	-104.0	104	23348	138	-104.0	104	23348	138	-104.0	104	23348	138	-104.0	104	23348	138	-104.0	104	23348	138	-104.0	104	23348	138	-104.0	104	23348
139	-135.0	135	23483	139	-135.0	135	23483	139	-135.0	135	23483	139	-135.0	135	23483	139	-135.0	135	23483	139	-135.0	135	23483	139	-135.0	135	23483	139	-135.0	135	23483	139	-135.0	135	23483	139	-135.0	135	23483
140	-136.0	136	23619	140	-136.0	136	23619	140	-136.0	136	23619	140	-136.0	136	23619	140	-136.0	136	23619	140	-136.0	136	23619	140	-136.0	136	23619	140	-136.0	136	23619	140	-136.0	136	23619	140	-136.0	136	23619
141	-104.0	104	23723	141	-104.0	104	23723	141	-104.0	104	23723	141	-104.0	104	23723	141	-104.0	104	23723	141	-104.0	104	23723	141	-104.0	104	23723	141	-104.0	104	23723	141	-104.0	104	23723	141	-104.0	104	23723
142	-152.0	152	23875	142	-152.0	152	23875	142	-152.0	152	23875	142	-152.0	152	23875	142	-152.0	152	23875	142	-152.0	152	23875	142	-152.0	152	23875	142	-152.0	152	23875	142	-152.0	152	23875	142	-152.0	152	23875
143	-105.0	105	23980	143	-105.0	105	23980	143	-105.0	105	23980	143	-105.0	105	23980	143	-105.0	105	23980	143	-105.0	105	23980	143	-105.0	105	23980	143	-105.0	105	23980	143	-105.0	105	23980	143	-105.0	105	23980
144	-136.0	136	24116	144	-136.0	136	24116	144	-136.0	136	24116	144	-136.0	136	24116	144	-136.0	136	24116	144	-136.0	136	24116	144	-136.0	136	24116	144	-136.0	136	24116	144	-136.0	136	24116	144	-136.0	136	24116
145	-104.0	104	24220	145	-104.0	104	24220	145	-104.0	104	24220	145	-104.0	104	24220	145	-104.0	104	24220	145	-104.0	104	24220	145	-104.0	104	24220	145	-104.0	104	24220	145	-104.0	104	24220	145	-104.0	104	24220
146	-104.0	104	24324	146	-104.0	104	24324	146	-104.0	104	24324	146	-104.0	104	24324	146	-104.0	104	24324	146	-104.0	104	24324	146	-104.0	104	24324	146	-104.0	104	24324	146	-104.0	104	24324	146	-104.0	104	24324
147	-106.0	106	24430	147	-106.0	106	24430	147	-106.0	106	24430	147	-106.0	106	24430	147	-106.0	106	24430	147	-106.0	106	24430	147	-106.0	106	24430	147	-106.0	106	24430	147	-106.0	106	24430	147	-106.0	106	24430
148	-136.0	136	24566	148	-136.0	136	24566	148	-136.0	136	24566	148	-136.0	136	24566	148	-136.0	136	24566	148	-136.0	136	24566	148	-136.0	136	24566	148	-136.0	136	24566	148	-136.0	136	24566	148	-136.0	136	24566
149	-106.0	106	24672	149	-106.0	106	24672	149	-106.0	106	24672	149	-106.0	106	24672	149	-106.0	106	24672	149	-106.0	106	24672	149	-106.0	106	24672	149	-106.0	106	24672	149	-106.0	106	24672	149	-106.0	106	24672
150	-104.0	104	24776	150	-104.0	104	24776	150	-104.0	104	24776	150	-104.0	104	24776	150	-104.0	104	24776	150	-104.0	104	24776	150	-104.0	104	24776	150	-104.0	104	24776	150	-104.0	104	24776	150	-104.0	104	24776
151	-104.0	104	24880	151	-104.0	104	24880	151	-104.0	104	24880	151	-104.0	104	24880	151	-104.0	104	24880	151	-104.0	104	24880	151	-104.0	104	24880	151	-104.0	104	24880	151	-104.0	104	24880	151	-104.0	104	24880
152	-105.0	105	24985	152	-105.0	105	24985	152	-105.0	105	24985	152	-105.0	105	24985	152	-105.0	105	24985	152	-105.0	105	24985	152	-105.0	105	24985	152	-105.0	105	24985	152	-105.0	105	24985	152	-105.0	105	24985
153	-132.0	132	25117	153	-132.0	132	25117	153	-132.0	132	25117	153	-132.0	132	25117	153	-132.0	132	25117	153	-132.0	132	25117	153	-132.0	132	25117	153	-132.0	132	25117	153	-132.0	132	25117	153	-132.0	132	25117
154	-128.0	128	25245	154	-128.0	128	25245	154	-128.0	128	25245	154	-128.0	128	25245	154	-128.0	128	25245	154	-128.0	128	25245	154	-128.0	128	25245	154	-128.0	128	25245	154	-128.0	128	25245	154	-128.0	128	25245
155	-129.0	129	25374	155	-129.0	129	25374	155	-129.0	129	25374	155	-129.0	129	25374	155	-129.0	129	25374	155	-129.0	129	25374	155	-129.0	129	25374	155	-129.0	129	25374	155	-129.0	129	25374	155	-129.0	129	25374
156	-105.0	105	25479	156	-105.0	105	25479	156	-105.0	105	25479	156	-105.0	105	25479	156	-105.0	105	25479	156	-105.0	105	25479	156	-105.0	105	25479	156	-105.0	105	25479	156	-105.0	105	25479	156	-105.0	105	25479
157	-105.0	105	25584	157	-105.0	105	25584	157	-105.0	105	25584	157	-105.0	105	25584	157	-105.0	105	25584	157	-105.0	105	25584	157	-105.0	105	25584	157	-105.0	105	25584	157	-105.0	105	25584	157	-105.0	105	25584
158	-105.0	105	25689	158	-105.0	105	25689	158	-105.0	105	25689	158	-105.0	105	25689	158	-105.0	105	25689	158	-105.0	105	25689	158	-105.0	105	25689	158	-105.0	105	25689	158	-105.0	105	25689	158	-105.0	105	25689
159	-95.0	95	25784	159	-95.0	95	25784	159	-95.0	95	25784	159	-95.0	95	25784	159	-95.0	95	25784	159	-95.0	95	25784	159	-95.0	95	25784	159	-95.0	95	25784	159	-95.0	95	25784	159	-95.0	95	25784
160	-105.0	105	25889	160	-105.0	105	25889	160	-105.0	105	25889	160	-105.0	105	25889	160	-105.0	105	25889	160	-105.0	105	25889	160	-105.0	105	25889	160	-105.0	105	25889	160	-105.0	105	25889	160	-105.0	105	25889
161	-107.0	107	25996	161	-107.0	107	25996	161	-107.0	107	25996	161	-107.0	107	25996	161	-107.0	107	25996	161	-107.0	107	25996	161	-107.0	107	25996	161	-107.0	107	25996	161	-107.0	107	25996	161	-107.0	107	25996
162	-142.0	142	26138	162	-142.0	142	26138	162	-142.0	142	26138	162	-142.0	142	26138	162	-142.0	142	26138	162	-142.0	142	26138	162	-142.0	142	26138	162	-142.0	142	26138	162	-142.0	142	26138	162	-142.0	142	26138
163	-107.0	107	26245	163	-107.0	107	26245	163	-107.0	107	26245	163	-107.0	107	26245	163	-107.0	107	26245	163	-107.0	107	26245	163	-107.0	107	26245	163	-107.0	107	26245	163	-107.0	107	26245	163	-107.0	107	26245
164	-105.0	105	26350	164	-105.0	105	26350	164	-105.0	105	26350	164	-105.0	105	26350	164	-105.0	105	26350	164	-105.0	105	26350	164	-105.0	105	26350	164	-105.0	105	26350	164	-105.0	105	26350	164	-105.0	105	26350
165	-140.0	140	26490	165	-140.0	140	26490	165	-140.0	140	26490	165	-140.0	140	26490	165	-140.0	140	26490	165	-140.0	140	26490	165	-140.0	140	26490	165	-140.0	140	26490	165	-140.0	140	26490	165	-140.0	140	26490
166	-138.0	138	26628	166	-138.0	138	26628	166	-138.0	138	26628	166	-138.0	138	26628	166	-138.0	138	26628	166	-138.0	138	26628	166	-138.0	138	26628	166	-138.0	138	26628	166	-138.0	138	26628	166	-138.0	138	26628
167	-137.0	137	26765	167	-137.0	137	26765	167	-137.0	137	26765	167	-137.0	137	26765	167	-137.0	137	26765	167	-137.0	137	26765	167	-137.0	137	26765	167	-137.0	137	26765	167	-137.0	137	26765	167	-137.0	137	26765
168	-136.0	136	26901	168	-136.0	136	26901	168	-136.0	136	26901	168	-136.0	136	26901	168	-136.0	136	26901	168	-136.0	136	26901	168	-136.0	136	26901	168	-136.0	136	26901	168	-136.0	136	26901	168	-136.0	136	26901
169	-106.0	106	27007	169	-106.0	106	27007	169	-106.0	106	27007	169	-106.0	106	27007	169	-106.0	106	27007	169	-106.0	106	27007	169	-106.0	106	27007	169	-106.0	106	27007	169	-106.0	106	27007	169	-106.0	106	27007
170	-161.0	161	27168	170	-161.0	161	27168	170	-161.0	161	27168	170	-161.0	161	27168	170	-161.0	161	27168	170	-161.0	161	27168	170	-161.0	161	27168	170	-161.0	161	27168	170	-161.0	161	27168	170	-161.0	161	27168
171	-137.0	137	27305	171	-137.0	137	27305	171	-137.0	137	27305	171	-137.0	137	27305	171	-137.0	137	27305	171	-137.0	137	27305	171	-137.0	137	27305	171	-137.0	137	27305	171	-137.0	137	27305	171	-137.0	137	27305
172	-164.0	164	27469	172	-164.0	164	27469	172	-164.0	164	27469	172	-164.0	164	27469	172	-164.0	164	27469	172	-164.0	164	27469	172	-164.0	164	27469	172	-164.0	164	27469	172	-164.0	164	27469	172	-164.0	164	27469
173	-137.0	137	27606	173	-137.0	137	27606	173	-137.0	137	27606	173	-137.0	137	27606	173	-137.0	137	27606	173	-137.0	137	27606	173	-137.0	137	27606	173	-137.0	137	27606	173	-137.0	137	27606	173	-137.0	137	27606
174	-165.0	165	27771	174	-165.0	165	27771	174	-165.0	165	27771	174	-165.0	165	27771	174	-165.0	165	27771	174	-165.0	165	27771	174	-165.0	165	27771	174	-165.0	165	27771	174	-165.0	165	27771	174	-165.0	165	27771
175	-178.0	178	27949	175	-178.0	178	27949	175	-178.0	178	27949	175	-178.0	178	27949	175	-178.0	178	27949	175	-178.0	178	27949	175	-178.0	178	27949	175	-178.0	178	27949	175	-178.0	178	27949	175	-178.0	178	27949
176	-121.0	121	28070	176	-121.0	121	28070	176	-121.0	121	28070	176	-121.0	121	28070	176	-121.0	121	28070	176	-121.0	121	28070	176	-121.0	121	28070	176	-121.0	121	28070	176	-121.0	121	28070	176	-121.0	121	28070
177	-143.0	143	28213	177	-143.0	143	28213	177	-143.0	143	28213	177	-143.0	143	28213	177	-143.0	143	28213	177	-143.0	143	28213	177	-143.0	143	28213	177	-143.0	143	28213	177	-143.0	143	28213	177	-143.0	143	28213
178	-109.0	109	28322	178	-109.0	109	28322	178	-109.0	109	28322	178	-109.0	109	28322	178	-109.0	109	28322	178	-109.0	109	28322	178	-109.0	109	28322	178	-109.0	109	28322	178	-109.0	109	28322	178	-109.0	109	28322
179	-108.0	108	28430	179	-108.0	108	28430	179	-108.0	108	28430	179	-108.0	108	28430	179	-108.0	108	28430	179	-108.0	108	28430	179	-108.0	108	28430	179	-108.0	108	28430	179	-108.0	108	28430	179	-108.0	108	28430
180	-105.0	105	28535	180	-105.0	105	28535	180	-105.0	105	28535	180	-105.0	105	28535	180	-105.0	105	28535	180	-105.0	105	28535	180	-105.0	105	28535	180	-105.0	105	28535	180	-105.0	105	28535	180	-105.0	105	28535
181	-104.0	104	28639	181	-104.0	104	28639	181	-104.0	104	28639	181	-104.0	104	28639	181	-104.0	104	28639	181	-104.0	104	28639	181	-104.0	104	28639	181	-104.0	104	28639	181	-104.0	104	28639	181	-104.0	104	28639
182	-137.0	137	28776	182	-137.0	137	28776	182	-137.0	137	28776	182	-137.0	137	28776	182	-137.0	137	28776	182	-137.0	137	28776	182	-137.0	137	28776	182	-137.0	137	28776	182	-137.0	137	28776	182	-137.0	137	28776
183	-151.0	151	28927	183	-151.0	151	28927	183	-151.0	151	28927	183	-151.0	151	28927	183	-151.0	151	28927	183	-151.0	151	28927	183	-151.0	151	28927	183	-151.0	151	28927	183	-151.0	151	28927	183	-151.0	151	28927
184	-110.0	110	29037	184	-110.0	110	29037	184	-110.0	110	29037	184	-110.0	110	29037	184	-110.0	110	29037	184	-110.0	110	29037	184	-110.0	110	29037	184	-110.0	110	29037	184	-110.0	110	29037	184	-110.0	110	29037
185	-140.0	140	29177	185	-140.0	140	29177	185	-140.0	140	29177	185	-140.0	140	29177	185	-140.0	140	29177	185	-140.0	140	29177	185	-140.0	140	29177	185	-140.0	140	29177	185	-140.0	140	29177	185	-140.0	140	29177
186	-112.0	112	29289	186	-112.0	112	29289	186	-112.0	112	29289	186	-112.0	112	29289	186	-112.0	112	29289	186	-112.0	112	29289	186	-112.0	112	29289	186	-112.0	112	29289	186	-112.0	112	29289	186	-112.0	112	29289
187	-107.0	107	29396	187	-107.0	107	29396	187	-107.0	107	29396	187	-107.0	107	29396	187	-107.0	107	29396	187	-107.0	107	29396	187	-107.0	107	29396	187	-107.0	107	29396	187	-107.0	107	29396	187	-107.0	107	29396
188	-106.0	106	29502	188	-106.0	106	29502	188	-106.0	106	29502	188	-106.0	106	29502	188	-106.0	106	29502	188	-106.0	106	29502	188	-106.0	106	29502	188	-106.0	106	29502	188	-106.0	106	29502	188	-106.0	106	29502
189	-105.0	105	29607	189	-105.0	105	29607	189	-105.0	105	29607	189	-105.0	105	29607	189	-105.0	105	29607	189	-105.0	105	29607	189	-105.0	105	29607	189	-105.0	105	29607	189	-105.0	105	29607	189	-105.0	105	29607
190	-90.0	90	29697	190	-90.0	90	29697	190	-90.0	90	29697	190	-90.0	90	29697	190	-90.0	90	29697	190	-90.0	90	29697	190	-90.0	90	29697	190	-90.0	90	29697	190	-90.0	90	29697	190	-90.0	90	29697
191	-104.0	104	29801	191	-104.0	104	29801	191	-104.0	104	29801	191	-104.0	104	29801	191	-104.0	104	29801	191	-104.0	104	29801	191	-104.0	104	29801	191	-104.0	104	29801	191	-104.0	104	29801	191	-104.0	104	29801
192	-181.0	181	29982	192	-181.0	181	29982	192	-181.0	181	29982	192	-181.0	181	29982	192	-181.0	181	29982	192	-181.0	181	29982	192	-181.0	181	29982	192	-181.0	181	29982	192	-181.0	181	29982	192	-181.0	181	29982
193	-190.0	190	30172	193	-190.0	190	30172	193	-190.0	190	30172	193	-190.0	190	30172	193	-190.0	190	30172	193	-190.0	190	30172	193	-190.0	190	30172	193	-190.0	190	30172	193	-190.0	190	30172	193	-190.0	190	30172
194	-131.0	131	30303	194	-131.0	131	30303	194	-131.0	131	30303	194	-131.0	131	30303	194	-131.0	131	30303	194	-131.0	131	30303	194	-131.0	131	30303	194	-131.0	131	30303	194	-131.0	131	30303	194	-131.0	131	30303
195	-168.0	168	30471	195	-168.0	168	30471	195	-168.0	168	30471	195	-168.0	168	30471	195	-168.0	168	30471	195	-168.0	168	30471	195	-168.0	168	30471	195	-168.0	168	30471	195	-168.0	168	30471	195	-168.0	168	30471
196	-131.0	131	30602	196	-131.0	131	30602	196	-131.0	131	30602	196	-131.0	131	30602	196	-131.0	131	30602	196	-131.0	131	30602	196	-131.0	131	30602	196	-131.0	131	30602	196	-131.0	131	30602	196	-131.0	131	30602
197	-151.0	151	30753	197	-151.0	151	30753	197	-151.0	151	30753	197	-151.0	151	30753	197	-151.0	151	30753	197	-151.0	151	30753	197	-151.0	151	30753	197	-151.0	151	30753	197	-151.0	151	30753	197	-151.0	151	30753
198	-143.0	143	30896	198	-143.0	143	30896	198	-143.0	143	30896	198	-143.0	143	30896	198	-143.0	143	30896	198	-143.0	143	30896	198	-143.0	143	30896	198	-143.0	143	30896	198	-143.0	143	30896	198	-143.0	143	30896
199	-147.0	147	31043	199	-147.0	147	31043	199	-147.0	147	31043	199	-147.0	147	31043	199	-147.0	147	31043	199	-147.0	147	31043	199	-147.0	147	31043	199	-147.0	147	31043	199	-147.0	147	31043	199	-147.0	147	31043
200	-139.0	139	31182	200	-139.0	139	31182	200	-139.0	139	31182	200	-139.0	139	31182	200	-139.0	139	31182	200	-139.0	139	31182	200	-139.0	139	31182	200	-139.0	139	31182	200	-139.0	139	31182	200	-139.0	139	31182
201	-146.0	146	31328	201	-146.0	146	31328	201	-146.0	146	31328	201	-146.0	146	31328	201	-146.0	146	31328	201	-146.0	146	31328	201	-146.0	146	31328	201	-146.0	146	31328	201	-146.0	146	31328	201	-146.0	146	31328
202	-134.0	134	31462	202	-134.0	134	31462	202	-134.0	134	31462	202	-134.0	134	31462	202	-134.0	134	31462	202	-134.0	134	31462	202	-134.0	134	31462	202	-134.0	134	31462	202	-134.0	134	31462	202	-134.0	134	31462
203	-138.0	138	31600	203	-138.0	138	31600	203	-138.0	138	31600	203	-138.0	138	31600	203	-138.0	138	31600	203	-138.0	138	31600	203	-138.0	138	31600	203	-138.0	138	31600	203	-138.0	138	31600	203	-138.0	138	31600
204	-138.0	138	31738	204	-138.0	138	31738	204	-138.0	138	31738	204	-138.0	138	31738	204	-138.0	138	31738	204	-138.0	138	31738	204	-138.0	138	31738	204	-138.0	138	31738	204	-138.0	138	31738	204	-138.0	138	31738
205	-148.0	148	31886	205	-148.0	148	31886	205	-148.0	148	31886	205	-148.0	148	31886	205	-148.0	148	31886	205	-148.0	148	31886	205	-148.0	148	31886	205	-148.0	148	31886	205	-148.0	148	31886	205	-148.0	148	31886
206	-144.0	144	32030	206	-144.0	144	32030	206	-144.0	144	32030	206	-144.0	144	32030	206	-144.0	144	32030	206	-144.0	144	32030	206	-144.0	144	32030	206	-144.0	144	32030	206	-144.0	144	32030	206	-144.0	144	32030
207	-139.0	139	32169	207	-139.0	139	32169	207	-139.0	139	32169	207	-139.0	139	32169	207	-139.0	139	32169	207	-139.0	139	32169	207	-139.0	139	32169	207	-139.0	139	32169	207	-139.0	139	32169	207	-139.0	139	32169
208	-136.0	136	32305	208	-136.0	136	32305	208	-136.0	136	32305	208	-136.0	136	32305	208	-136.0	136	32305	208	-136.0	136	32305	208	-136.0	136	32305	208	-136.0	136	32305	208	-136.0	136	32305	208	-136.0	136	32305
209	-136.0	136	32441	209	-136.0	136	32441	209	-136.0	136	32441	209	-136.0	136	32441	209	-136.0	136	32441	209	-136.0	136	32441	209	-136.0	136	32441	209	-136.0	136	32441	209	-136.0	136	32441	209	-136.0	136	32441
210	-137.0	137	32578	210	-137.0	137	32578	210	-137.0	137	32578	210	-137.0	137	32578	210	-137.0	137	32578	210	-137.0	137	32578	210	-137.0	137	32578	210	-137.0	137	32578	210	-137.0	137	32578	210	-137.0	137	32578
211	-136.0	136	32714	211	-136.0	136	32714	211	-136.0	136	32714	211	-136.0	136	32714	211	-136.0	136	32714	211	-136.0	136	32714	211	-136.0	136	32714	211	-136.0	136	32714	211	-136.0	136	32714	211	-136.0	136	32714
212	-138.0	138	32852	212	-138.0	138	32852	212	-138.0	138	32852	212	-138.0	138	32852	212	-138.0	138	32852	212	-138.0	138	32852	212	-138.0	138	32852	212	-138.0	138	32852	212	-138.0	138	32852	212	-138.0	138	32852
213	-133.0	133	32985	213	-133.0	133	32985	213	-133.0	133	32985	213	-133.0	133	32985	213	-133.0	133	32985	213	-133.0	133	32985	213	-133.0	133	32985	213	-133.0	133	32985	213	-133.0	133	32985	213	-133.0	133	32985
214	-133.0	133	33118	214	-133.0	133	33118	214	-133.0	133	33118	214	-133.0	133	33118	214	-133.0	133	33118	214	-133.0	133	33118	214	-133.0	133	33118	214	-133.0	133	33118	214	-133.0	133	33118	214	-133.0	133	33118
215	-137.0	137	33255	215	-137.0	137	33255	215	-137.0	137	33255	215	-137.0	137	33255	215	-137.0	137	33255	215	-137.0	137	33255	215	-137.0	137	33255	215	-137.0	137	33255	215	-137.0	137	33255	215	-137.0	137	33255
216	-163.0	163	33418	216	-163.0	163	33418	216	-163.0	163	33418	216	-163.0	163	33418	216	-163.0	163	33418	216	-163.0	163	33418	216	-163.0	163	33418	216	-163.0	163	33418	216	-163.0	163	33418	216	-163.0	163	33418
217	-155.0	155	33573	217	-155.0	155	33573	217	-155.0	155	33573	217	-155.0	155	33573	217	-155.0	155	33573	217	-155.0	155	33573	217	-155.0	155	33573	217	-155.0	155	33573	217	-155.0	155	33573	217	-155.0	155	33573
218	-135.0	135	33708	218	-135.0	135	33708	218	-135.0	135	33708	218	-135.0	135	33708	218	-135.0	135	33708	218	-135.0	135	33708	218	-135.0	135	33708	218	-135.0	135	33708	218	-135.0	135	33708	218	-135.0	135	33708
219	-131.0	131	33839	219	-131.0	131	33839	219	-131.0	131	33839	219	-131.0	131	33839	219	-131.0	131	33839	219	-131.0	131	33839	219	-131.0	131	33839	219	-131.0	131	33839	219	-131.0	131	33839	219	-131.0	131	33839
220	-131.0	131	33970	220	-131.0	131	33970	220	-131.0	131	33970	220	-131.0	131	33970	220	-131.0	131	33970	220	-131.0	131	33970	220	-131.0	131	33970	220	-131.0	131	33970	220	-131.0	131	33970	220	-131.0	131	33970
221	-137.0	137	34107	221	-137.0	137	34107	221	-137.0	137	34107	221	-137.0	137	34107	221	-137.0	137	34107	221	-137.0	137	34107	221	-137.0	137	34107	221	-137.0	137	34107	221	-137.0	137	34107	221	-137.0	137	34107
222	-139.0	139	34246	222	-139.0	139	34246	222	-139.0	139	34246	222	-139.0	139	34246	222	-139.0	139	34246	222	-139.0	139	34246	222	-139.0	139	34246	222	-139.0	139	34246	222	-139.0	139	34246	222	-139.0	139	34246
223	-137.0	137	34383	223	-137.0	137	34383	223	-137.0	137	34383	223	-137.0	137	34383	223	-137.0	137	34383	223	-137.0	137	34383	223	-137.0	137	34383	223	-137.0	137	34383	223	-137.0	137	34383	223	-137.0	137	34383
224	-135.0	135	34518	224	-135.0	135	34518	224	-135.0	135	34518	224	-135.0	135	34518	224	-135.0	135	34518	224	-135.0	135	34518	224	-135.0	135	34518	224	-135.0	135	34518	224	-135.0	135	34518	224	-135.0	135	34518
225	-135.0	135	34653	225	-135.0	135	34653	225	-135.0	135	34653	225	-135.0	135	34653	225	-135.0	135	34653	225	-135.0	135	34653	225	-135.0	135	34653	225	-135.0	135	34653	225	-135.0	135	34653	225	-135.0	135	34653
226	-136.0	136	34789	226	-136.0	136	34789	226	-136.0	136	34789	226	-136.0	136	34789	226	-136.0	136	34789	226	-136.0	136	34789	226	-136.0	136	34789	226	-136.0	136	34789	226	-136.0	136	34789	226	-136.0	136	34789
227	-138.0	138	34927	227	-138.0	138	34927	227	-138.0	138	34927	227	-138.0	138	34927	227	-138.0	138	34927	227	-138.0	138	34927	227	-138.0	138	34927	227	-138.0	138	34927	227	-138.0	138	34927	227	-138.0	138	34927
228	-146.0	146	35073	228	-146.0	146	35073	228	-146.0	146	35073	228	-146.0	146	35073	228	-146.0	146	35073	228	-146.0	146	35073	228	-146.0	146	35073	228	-146.0	146	35073	228	-146.0	146	35073	228	-146.0	146	35073
229	-145.0	145	35218	229	-145.0	145	35218	229	-145.0	145	35218	229	-145.0	145	35218	229	-145.0	145	35218	229	-145.0	145	35218	229	-145.0	145	35218	229	-145.0	145	35218	229	-145.0	145	35218	229	-145.0	145	35218
230	-135.0	135	35353	230	-135.0	135	35353	230	-135.0	135	35353	230	-135.0	135	35353	230	-135.0	135	35353	230	-135.0	135	35353	230	-135.0	135	35353	230	-135.0	135	35353	230	-135.0	135	35353	230	-135.0	135	35353
231	-136.0	136	35489	231	-136.0	136	35489	231	-136.0	136	35489	231	-136.0	136	35489	231	-136.0	136	35489	231	-136.0	136	35489	231	-136.0	136	35489	231	-136.0	136	35489	231	-136.0	136	35489	231	-136.0	136	35489
232	-136.0	136	35625	232	-136.0	136	35625	232	-136.0	136	35625	232	-136.0	136	35625	232	-136.0	136	35625	232	-136.0	136	35625	232	-136.0	136	35625	232	-136.0	136	35625	232	-136.0	136	35625	232	-136.0	136	35625
233	-137.0	137	35762	233	-137.0	137	35762	233	-137.0	137	35762	233	-137.0	137	35762	233	-137.0	137	35762	233	-137.0	137	35762	233	-137.0	137	35762	233	-137.0	137	35762	233	-137.0	137	35762	233	-137.0	137	35762
234	-140.0	140	35902	234	-140.0	140	35902	234	-140.0	140	35902	234	-140.0	140	35902	234	-140.0	140	35902	234	-140.0	140	35902	234	-140.0	140	35902	234	-140.0	140	35902	234	-140.0	140	35902	234	-140.0	140	35902
235	-146.0	146	36048	235	-146.0	146	36048	235	-146.0	146	36048	235	-146.0	146	36048	235	-146.0	146	36048	235	-146.0	146	36048	235	-146.0	146	36048	235	-146.0	146	36048	235	-146.0	146	36048	235	-146.0	146	36048
236	-152.0	152	36200	236	-152.0	152	36200	236	-152.0	152	36200	236	-152.0	152	36200	236	-152.0	152	36200	236	-152.0	152	36200	236	-152.0	152	36200	236	-152.0	152	36200	236	-152.0	152	36200	236	-152.0	152	36200
237	-90.0	90	36290	237	-90.0	90	36290	237	-90.0	90	36290	237	-90.0	90	36290	237	-90.0	90	36290	237	-90.0	90	36290	237	-90.0	90	36290	237	-90.0	90	36290	237	-90.0	90	36290	237	-90.0	90	36290
238	-146.0	146	36436	238	-146.0	146	36436	238	-146.0	146	36436	238	-146.0	146	36436	238	-146.0	146	36436	238	-146.0	146	36436	238	-146.0	146	36436	238	-146.0	146	36436	238	-146.0	146	36436	238	-146.0	146	36436
239	-149.0	149	36585	239	-149.0	149	36585	239	-149.0	149	36585	239	-149.0	149	36585	239	-149.0	149	36585	239	-149.0	149	36585	239	-149.0	149	36585	239	-149.0	149	36585	239	-149.0	149	36585	239	-149.0	149	36585
240	-140.0	140	36725	240	-140.0	140	36725	240	-140.0	140	36725	240	-140.0	140	36725	240	-140.0	140	36725	240	-140.0	140	36725	240	-140.0	140	36725	240	-140.0	140	36725	240	-140.0	140	36725	240	-140.0	140	36725
241	-138.0	138	36863	241	-138.0	138	36863	241	-138.0	138	36863	241	-138.0	138	36863	241	-138.0	138	36863	241	-138.0	138	36863	241	-138.0	138	36863	241	-138.0	138	36863	241	-138.0	138	36863	241	-138.0	138	36863
242	-138.0	138	37001	242	-138.0	138	37001	242	-138.0	138	37001	242	-138.0	138	37001	242	-138.0	138	37001	242	-138.0	138	37001	242	-138.0	138	37001	242	-138.0	138	37001	242	-138.0	138	37001	242	-138.0	138	37001
243	-137.0	137	37138	243	-137.0	137	37138	243	-137.0	137	37138	243	-137.0	137	37138	243	-137.0	137	37138	243	-137.0	137	37138	243	-137.0	137	37138	243	-137.0	137	37138	243	-137.0	137	37138	243	-137.0	137	37138
244	-130.0	130	37268	244	-130.0	130	37268	244	-130.0	130	37268	244	-130.0	130	37268	244	-130.0	130	37268	244	-130.0	130	37268	244	-130.0	130	37268	244	-130.0	130	37268	244	-130.0	130	37268	244	-130.0	130	37268
245	-118.0	118	37386	245	-118.0	118	37386	245	-118.0	118	37386	245	-118.0	118	37386	245	-118.0	118	37386	245	-118.0	118	37386	245	-118.0	118	37386	245	-118.0	118	37386	245	-118.0	118	37386	245	-118.0	118	37386
246	-138.0	138	37524	246	-138.0	138	37524	246	-138.0	138	37524	246	-138.0	138	37524	246	-138.0	138	37524	246	-138.0	138	37524	246	-138.0	138	37524	246	-138.0	138	37524	246	-138.0	138	37524	246	-138.0	138	37524
247	-140.0	140	37664	247	-140.0	140	37664	247	-140.0	140	37664	247	-140.0	140	37664	247	-140.0	140	37664	247	-140.0	140	37664	247	-140.0	140	37664	247	-140.0	140	37664	247	-140.0	140	37664	247	-140.0	140	37664
248	-108.0	108	37772	248	-108.0	108	37772	248	-108.0	108	37772	248	-108.0	108	37772	248	-108.0	108	37772	248	-108.0	108	37772	248	-108.0	108	37772	248	-108.0	108	37772	248	-108.0	108	37772	248	-108.0	108	37772
249	-137.0	137	37909	249	-137.0	137	37909	249	-137.0	137	37909	249	-137.0	137	37909	249	-137.0	137	37909	249	-137.0	137	37909	249	-137.0	137	37909	249	-137.0	137	37909	249	-137.0	137	37909	249	-137.0	137	37909
250	-140.0	140	38049	250	-140.0	140	38049	250	-140.0	140	38049	250	-140.0	140	38049	250	-140.0	140	38049	250	-140.0	140	38049	250	-140.0	140	38049	250	-140.0	140	38049	250	-140.0	140	38049	250	-140.0	140	38049
251	-141.0	141	38190	251	-141.0	141	38190	251	-141.0	141	38190	251	-141.0	141	38190	251	-141.0	141	38190	251	-141.0	141	38190	251	-141.0	141	38190	251	-141.0	141	38190	251	-141.0	141	38190	251	-141.0	141	38190
252	-109.0	109	38299	252	-109.0	109	38299	252	-109.0	109	38299	252	-109.0	109	38299	252	-109.0	109	38299	252	-109.0	109	38299	252	-109.0	109	38299	252	-109.0	109	38299	252	-109.0	109	38299	252	-109.0	109	38299
253	-109.0	109	38408	253	-109.0	109	38408	253	-109.0	109	38408	253	-109.0	109	38408	253	-109.0	109	38408	253	-109.0	109	38408	253	-109.0	109	38408	253	-109.0	109	38408	253	-109.0	109	38408	253	-109.0	109	38408
254	-107.0	107	38515	254	-107.0	107	38515	254	-107.0	107	38515	254	-107.0	107	38515	254	-107.0	107	38515	254	-107.0	107	38515	254	-107.0	107	38515	254	-107.0	107	38515	254	-107.0	107	38515	254	-107.0	107	38515
255	-107.0	107	38622	255	-107.0	107	38622	255	-107.0	107	38622	255	-107.0	107	38622	255	-107.0	107	38622	255	-107.0	107	38622	255	-107.0	107	38622	255	-107.0	107	38622	255	-107.0	107	38622	255	-107.0	107	38622
256	-111.0	111	38733	256	-111.0	111	38733	256	-111.0	111	38733	256	-111.0	111	38733	256	-111.0	111	38733	256	-111.0	111	38733	256	-111.0	111	38733	256	-111.0	111	38733	256	-111.0	111	38733	256	-111.0	111	38733
257	-116.0	116	38849	257	-116.0	116	38849	257	-116.0	116	38849	257	-116.0	116	38849	257	-116.0	116	38849	257	-116.0	116	38849	257	-116.0	116	38849	257	-116.0	116	38849	257	-116.0	116	38849	257	-116.0	116	38849
258	-115.0	115	38964	258	-115.0	115	38964	258	-115.0	115	38964	258	-115.0	115	38964	258	-115.0	115	38964	258	-115.0	115	38964	258	-115.0	115	38964	258	-115.0	115	38964	258	-115.0	115	38964	258	-115.0	115	38964
259	-176.0	176	39140	259	-176.0	176	39140	259	-176.0	176	39140	259	-176.0	176	39140	259	-176.0	176	39140	259	-176.0	176	39140	259	-176.0	176	39140	259	-176.0	176	39140	259	-176.0	176	39140	259	-176.0	176	39140
260	-112.0	112	39252	260	-112.0	112	39252	260	-112.0	112	39252	260	-112.0	112	39252	260	-112.0	112	39252	260	-112.0	112	39252	260	-112.0	112	39252	260	-112.0	112	39252	260	-112.0	112	39252	260	-112.0	112	39252
261	-145.0	145	39397	261	-145.0	145	39397	261	-145.0	145	39397	261	-145.0	145	39397	261	-145.0	145	39397	261	-145.0	145	39397	261	-145.0	145	39397	261	-145.0	145	39397	261	-145.0	145	39397	261	-145.0	145	39397
262	-110.0	110	39507	262	-110.0	110	39507	262	-110.0	110	39507	262	-110.0	110	39507	262	-110.0	110	39507	262	-110.0	110	39507	262	-110.0	110	39507	262	-110.0	110	39507	262	-110.0	110	39507	262	-110.0	110	39507
263	-171.0	171	39678	263	-171.0	171	39678	263	-171.0	171	39678	263	-171.0	171	39678	263	-171.0	171	39678	263	-171.0	171	39678	263	-171.0	171	39678	263	-171.0	171	39678	263	-171.0	171	39678	263	-171.0	171	39678
264	-156.0	156	39834	264	-156.0	156	39834	264	-156.0	156	39834	264	-156.0	156	39834	264	-156.0	156	39834	264	-156.0	156	39834	264	-156.0	156	39834	264	-156.0	156	39834	264	-156.0	156	39834	264	-156.0	156	39834
265	-111.0	111	39945	265	-111.0	111	39945	265	-111.0	111	39945	265	-111.0	111	39945	265	-111.0	111	39945	265	-111.0	111	39945	265	-111.0	111	39945	265	-111.0	111	39945	265	-111.0	111	39945	265	-111.0	111	39945
266	-108.0	108	40053	266	-108.0	108	40053	266	-108.0	108	40053	266	-108.0	108	40053	266	-108.0	108	40053	266	-108.0	108	40053	266	-108.0	108	40053	266	-108.0	108	40053	266	-108.0	108	40053	266	-108.0	108	40053
267	-107.0	107	40160	267	-107.0	107	40160	267	-107.0	107	40160	267	-107.0	107	40160	267	-107.0	107	40160	267	-107.0	107	40160	267	-107.0	107	40160	267	-107.0	107	40160	267	-107.0	107	40160	267	-107.0	107	40160
268	-86.0	86	40246	268	-86.0	86	40246	268	-86.0	86	40246	268	-86.0	86	40246	268	-86.0	86	40246	268	-86.0	86	40246	268	-86.0	86	40246	268	-86.0	86	40246	268	-86.0	86	40246	268	-86.0	86	40246
269	-105.0	105	40351	269	-105.0	105	40351	269	-105.0	105	40351	269	-105.0	105	40351	269	-105.0	105	40351	269	-105.0	105	40351	269	-105.0	105	40351	269	-105.0	105	40351	269	-105.0	105	40351	269	-105.0	105	40351
270	-105.0	105	40456	270	-105.0	105	40456	270	-105.0	105	40456	270	-105.0	105	40456	270	-105.0	105	40456	270	-105.0	105	40456	270	-105.0	105	40456	270	-105.0	105	40456	270	-105.0	105	40456	270	-105.0	105	40456
271	-158.0	158	40614	271	-158.0	158	40614	271	-158.0	158	40614	271	-158.0	158	40614	271	-158.0	158	40614	271	-158.0	158	40614	271	-158.0	158	40614	271	-158.0	158	40614	271	-158.0	158	40614	271	-158.0	158	40614
272	-145.0	145	40759	272	-145.0	145	40759	272	-145.0	145	40759	272	-145.0	145	40759	272	-145.0	145	40759	272	-145.0	145	40759	272	-145.0	145	40759	272	-145.0	145	40759	272	-145.0	145	40759	272	-145.0	145	40759
273	-140.0	140	40899	273	-140.0	140	40899	273	-140.0	140	40899	273	-140.0	140	40899	273	-140.0	140	40899	273	-140.0	140	40899	273	-140.0	140	40899	273	-140.0	140	40899	273	-140.0	140	40899	273	-140.0	140	40899
274	-143.0	143	41042	274	-143.0	143	41042	274	-143.0	143	41042	274	-143.0	143	41042	274	-143.0	143	41042	274	-143.0	143	41042	274	-143.0	143	41042	274	-143.0	143	41042	274	-143.0	143	41042	274	-143.0	143	41042
275	-142.0	142	41184	275	-142.0	142	41184	275	-142.0	142	41184	275	-142.0	142	41184	275	-142.0	142	41184	275	-142.0	142	41184	275	-142.0	142	41184	275	-142.0	142	41184	275	-142.0	142	41184	275	-142.0	142	41184
276	-166.0	166	41350	276	-166.0	166	41350	276	-166.0	166	41350	276	-166.0	166	41350	276	-166.0	166	41350	276	-166.0	166	41350	276	-166.0	166	41350	276	-166.0	166	41350	276	-166.0	166	41350	276	-166.0	166	41350
277	-137.0	137	41487	277	-137.0	137	41487	277	-137.0	137	41487	277	-137.0	137	41487	277	-137.0	137	41487	277	-137.0	137	41487	277	-137.0	137	41487	277	-137.0	137	41487	277	-137.0	137	41487	277	-137.0	137	41487
278	-152.0	152	41639	278	-152.0	152	41639	278	-152.0	152	41639	278	-152.0	152	41639	278	-152.0	152	41639	278	-152.0	152	41639	278	-152.0	152	41639	278	-152.0	152	41639	278	-152.0	152	41639	278	-152.0	152	41639
279	-148.0	148	41787	279	-148.0	148	41787	279	-148.0	148	41787	279	-148.0	148	41787	279	-148.0	148	41787	279	-148.0	148	41787	279	-148.0	148	41787	279	-148.0	148	41787	279	-148.0	148	41787	279	-148.0	148	41787
280	-141.0	141	41928	280	-141.0	141	41928	280	-141.0	141	41928	280	-141.0	141	41928	280	-141.0	141	41928	280	-141.0	141	41928	280	-141.0	141	41928	280	-141.0	141	41928	280	-141.0	141	41928	280	-141.0	141	41928
281	-139.0	139	42067	281	-139.0	139	42067	281	-139.0	139	42067	281	-139.0	139	42067	281	-139.0	139	42067	281	-139.0	139	42067	281	-139.0	139	42067	281	-139.0	139	42067	281	-139.0	139	42067	281	-139.0	139	42067
282	-135.0	135	42202	282	-135.0	135	42202	282	-135.0	135	42202	282	-135.0	135	42202	282	-135.0	135	42202	282	-135.0	135	42202	282	-135.0	135	42202	282	-135.0	135	42202	282	-135.0	135	42202	282	-135.0	135	42202
283	-109.0	109	42311	283	-109.0	109	42311	283	-109.0	109	42311	283	-109.0	109	42311	283	-109.0	109	42311	283	-109.0	109	42311	283	-109.0	109	42311	283	-109.0	109	42311	283	-109.0	109	42311	283	-109.0	109	42311
284	-92.0	92	42403	284	-92.0	92	42403	284	-92.0	92	42403	284	-92.0	92	42403	284	-92.0	92	42403	284	-92.0	92	42403	284	-92.0	92	42403	284	-92.0	92	42403	284	-92.0	92	42403	284	-92.0	92	42403
285	-88.0	88	42491	285	-88.0	88	42491	285	-88.0	88	42491	285	-88.0	88	42491	285	-88.0	88	42491	285	-88.0	88	42491	285	-88.0	88	42491	285	-88.0	88	42491	285	-88.0	88	42491	285	-88.0	88	42491
286	-137.0	137	42628	286	-137.0	137	42628	286	-137.0	137	42628	286	-137.0	137	42628	286	-137.0	137	42628	286	-137.0	137	42628	286	-137.0	137	42628	286	-137.0	137	42628	286	-137.0	137	42628	286	-137.0	137	42628
287	-146.0	146	42774	287	-146.0	146	42774	287	-146.0	146	42774	287	-146.0	146	42774	287	-146.0	146	42774	287	-146.0	146	42774	287	-146.0	146	42774	287	-146.0	146	42774	287	-146.0	146	42774	287	-146.0	146	42774
288	-148.0	148	42922	288	-148.0	148	42922	288	-148.0	148	42922	288	-148.0	148	42922	288	-148.0	148	42922	288	-148.0	148	42922	288	-148.0	148	42922	288	-148.0	148	42922	288	-148.0	148	42922	288	-148.0	148	42922
289	-138.0	138	43060	289	-138.0	138	43060	289	-138.0	138	43060	289	-138.0	138	43060	289	-138.0	138	43060	289	-138.0	138	43060	289	-138.0	138	43060	289	-138.0	138	43060	289	-138.0	138	43060	289	-138.0	138	43060
290	-142.0	142	43202	290	-142.0	142	43202	290	-142.0	142	43202	290	-142.0	142	43202	290	-142.0	142	43202	290	-142.0	142	43202	290	-142.0	142	43202	290	-142.0	142	43202	290	-142.0	142	43202	290	-142.0	142	43202
291	-145.0	145	43347	291	-145.0	145	43347	291	-145.0	145	43347	291	-145.0	145	43347	291	-145.0	145	43347	291	-145.0	145	43347	291	-145.0	145	43347	291	-145.0	145	43347	291	-145.0	145	43347	291	-145.0	145	43347
292	-116.0	116	43463	292	-116.0	116	43463	292	-116.0	116	43463	292	-116.0	116	43463	292	-116.0	116	43463	292	-116.0	116	43463	292	-116.0	116	43463	292	-116.0	116	43463	292	-116.0	116	43463	292	-116.0	116	43463
293	-169.0	169	43632	293	-169.0	169	43632	293	-169.0	169	43632	293	-169.0	169	43632	293	-169.0	169	43632	293	-169.0	169	43632	293	-169.0	169	43632	293	-169.0	169	43632	293	-169.0	169	43632	293	-169.0	169	43632
294	-145.0	145	43777	294	-145.0	145	43777	294	-145.0	145	43777	294	-145.0	145	43777	294	-145.0	145	43777	294	-145.0	145	43777	294	-145.0	145	43777	294	-145.0	145	43777	294	-145.0	145	43777	294	-145.0	145	43777
295	-163.0	163	43940	295	-163.0	163	43940	295	-163.0	163	43940	295	-163.0	163	43940	295	-163.0	163	43940	295	-163.0	163	43940	295	-163.0	163	43940	295	-163.0	163	43940	295	-163.0	163	43940	295	-163.0	163	43940
296	-131.0	131	44071	296	-131.0	131	44071	296	-131.0	131	44071	296	-131.0	131	44071	296	-131.0	131	44071	296	-131.0	131	44071	296	-131.0	131	44071	296	-131.0	131	44071	296	-131.0	131	44071	296	-131.0	131	44071
297	-129.0	129	44200	297	-129.0	129	44200	297	-129.0	129	44200	297	-129.0	129	44200	297	-129.0	129	44200	297	-129.0	129	44200	297	-129.0	129	44200	297	-129.0	129	44200	297	-129.0	129	44200	297	-129.0	129	44200
298	-134.0	134	44334	298	-134.0	134	44334	298	-134.0	134	44334	298	-134.0	134	44334	298	-134.0	134	44334	298	-134.0	134	44334	298	-134.0	134	44334	298	-134.0	134	44334	298	-134.0	134	44334	298	-134.0	134	44334
299	-130.0	130	44464	299	-130.0	130	44464	299	-130.0	130	44464	299	-130.0	130	44464	299	-130.0	130	44464	299	-130.0	130	44464	299	-130.0	130	44464	299	-130.0	130	44464	299	-130.0	130	44464	299	-130.0	130	44464
