Episode	Accumulated Reward	Length	Steps	Episode	Accumulated Reward	Length	Steps	Episode	Accumulated Reward	Length	Steps	Episode	Accumulated Reward	Length	Steps	Episode	Accumulated Reward	Length	Steps	Episode	Accumulated Reward	Length	Steps	Episode	Accumulated Reward	Length	Steps	Episode	Accumulated Reward	Length	Steps	Episode	Accumulated Reward	Length	Steps	Episode	Accumulated Reward	Length	Steps
0	-3187	1009	1009	0	-3187	1009	1009	0	-3187	1009	1009	0	-3187	1009	1009	0	-3187	1009	1009	0	-3187	1009	1009	0	-3187	1009	1009	0	-3187	1009	1009	0	-3187	1009	1009	0	-3187	1009	1009
1	-209	110	1119	1	-209	110	1119	1	-209	110	1119	1	-209	110	1119	1	-209	110	1119	1	-209	110	1119	1	-209	110	1119	1	-209	110	1119	1	-209	110	1119	1	-209	110	1119
2	-658	361	1480	2	-658	361	1480	2	-658	361	1480	2	-658	361	1480	2	-658	361	1480	2	-658	361	1480	2	-658	361	1480	2	-658	361	1480	2	-658	361	1480	2	-658	361	1480
3	-263	164	1644	3	-263	164	1644	3	-263	164	1644	3	-263	164	1644	3	-263	164	1644	3	-263	164	1644	3	-263	164	1644	3	-263	164	1644	3	-263	164	1644	3	-263	164	1644
4	-468	270	1914	4	-468	270	1914	4	-468	270	1914	4	-468	270	1914	4	-468	270	1914	4	-468	270	1914	4	-468	270	1914	4	-468	270	1914	4	-468	270	1914	4	-468	270	1914
5	-124	124	2038	5	-124	124	2038	5	-124	124	2038	5	-124	124	2038	5	-124	124	2038	5	-124	124	2038	5	-124	124	2038	5	-124	124	2038	5	-124	124	2038	5	-124	124	2038
6	-658	262	2300	6	-658	262	2300	6	-658	262	2300	6	-658	262	2300	6	-658	262	2300	6	-658	262	2300	6	-658	262	2300	6	-658	262	2300	6	-658	262	2300	6	-658	262	2300
7	-114	114	2414	7	-114	114	2414	7	-114	114	2414	7	-114	114	2414	7	-114	114	2414	7	-114	114	2414	7	-114	114	2414	7	-114	114	2414	7	-114	114	2414	7	-114	114	2414
8	-111	111	2525	8	-111	111	2525	8	-111	111	2525	8	-111	111	2525	8	-111	111	2525	8	-111	111	2525	8	-111	111	2525	8	-111	111	2525	8	-111	111	2525	8	-111	111	2525
9	-82	82	2607	9	-82	82	2607	9	-82	82	2607	9	-82	82	2607	9	-82	82	2607	9	-82	82	2607	9	-82	82	2607	9	-82	82	2607	9	-82	82	2607	9	-82	82	2607
10	-133	34	2641	10	-133	34	2641	10	-133	34	2641	10	-133	34	2641	10	-133	34	2641	10	-133	34	2641	10	-133	34	2641	10	-133	34	2641	10	-133	34	2641	10	-133	34	2641
11	-293	194	2835	11	-293	194	2835	11	-293	194	2835	11	-293	194	2835	11	-293	194	2835	11	-293	194	2835	11	-293	194	2835	11	-293	194	2835	11	-293	194	2835	11	-293	194	2835
12	-80	80	2915	12	-80	80	2915	12	-80	80	2915	12	-80	80	2915	12	-80	80	2915	12	-80	80	2915	12	-80	80	2915	12	-80	80	2915	12	-80	80	2915	12	-80	80	2915
13	-153	153	3068	13	-153	153	3068	13	-153	153	3068	13	-153	153	3068	13	-153	153	3068	13	-153	153	3068	13	-153	153	3068	13	-153	153	3068	13	-153	153	3068	13	-153	153	3068
14	-79	79	3147	14	-79	79	3147	14	-79	79	3147	14	-79	79	3147	14	-79	79	3147	14	-79	79	3147	14	-79	79	3147	14	-79	79	3147	14	-79	79	3147	14	-79	79	3147
15	-105	105	3252	15	-105	105	3252	15	-105	105	3252	15	-105	105	3252	15	-105	105	3252	15	-105	105	3252	15	-105	105	3252	15	-105	105	3252	15	-105	105	3252	15	-105	105	3252
16	-118	118	3370	16	-118	118	3370	16	-118	118	3370	16	-118	118	3370	16	-118	118	3370	16	-118	118	3370	16	-118	118	3370	16	-118	118	3370	16	-118	118	3370	16	-118	118	3370
17	-403	205	3575	17	-403	205	3575	17	-403	205	3575	17	-403	205	3575	17	-403	205	3575	17	-403	205	3575	17	-403	205	3575	17	-403	205	3575	17	-403	205	3575	17	-403	205	3575
18	-224	125	3700	18	-224	125	3700	18	-224	125	3700	18	-224	125	3700	18	-224	125	3700	18	-224	125	3700	18	-224	125	3700	18	-224	125	3700	18	-224	125	3700	18	-224	125	3700
19	-49	49	3749	19	-49	49	3749	19	-49	49	3749	19	-49	49	3749	19	-49	49	3749	19	-49	49	3749	19	-49	49	3749	19	-49	49	3749	19	-49	49	3749	19	-49	49	3749
20	-154	55	3804	20	-154	55	3804	20	-154	55	3804	20	-154	55	3804	20	-154	55	3804	20	-154	55	3804	20	-154	55	3804	20	-154	55	3804	20	-154	55	3804	20	-154	55	3804
21	-434	236	4040	21	-434	236	4040	21	-434	236	4040	21	-434	236	4040	21	-434	236	4040	21	-434	236	4040	21	-434	236	4040	21	-434	236	4040	21	-434	236	4040	21	-434	236	4040
22	-201	102	4142	22	-201	102	4142	22	-201	102	4142	22	-201	102	4142	22	-201	102	4142	22	-201	102	4142	22	-201	102	4142	22	-201	102	4142	22	-201	102	4142	22	-201	102	4142
23	-326	128	4270	23	-326	128	4270	23	-326	128	4270	23	-326	128	4270	23	-326	128	4270	23	-326	128	4270	23	-326	128	4270	23	-326	128	4270	23	-326	128	4270	23	-326	128	4270
24	-92	92	4362	24	-92	92	4362	24	-92	92	4362	24	-92	92	4362	24	-92	92	4362	24	-92	92	4362	24	-92	92	4362	24	-92	92	4362	24	-92	92	4362	24	-92	92	4362
25	-63	63	4425	25	-63	63	4425	25	-63	63	4425	25	-63	63	4425	25	-63	63	4425	25	-63	63	4425	25	-63	63	4425	25	-63	63	4425	25	-63	63	4425	25	-63	63	4425
26	-80	80	4505	26	-80	80	4505	26	-80	80	4505	26	-80	80	4505	26	-80	80	4505	26	-80	80	4505	26	-80	80	4505	26	-80	80	4505	26	-80	80	4505	26	-80	80	4505
27	-194	95	4600	27	-194	95	4600	27	-194	95	4600	27	-194	95	4600	27	-194	95	4600	27	-194	95	4600	27	-194	95	4600	27	-194	95	4600	27	-194	95	4600	27	-194	95	4600
28	-185	86	4686	28	-185	86	4686	28	-185	86	4686	28	-185	86	4686	28	-185	86	4686	28	-185	86	4686	28	-185	86	4686	28	-185	86	4686	28	-185	86	4686	28	-185	86	4686
29	-216	117	4803	29	-216	117	4803	29	-216	117	4803	29	-216	117	4803	29	-216	117	4803	29	-216	117	4803	29	-216	117	4803	29	-216	117	4803	29	-216	117	4803	29	-216	117	4803
30	-146	47	4850	30	-146	47	4850	30	-146	47	4850	30	-146	47	4850	30	-146	47	4850	30	-146	47	4850	30	-146	47	4850	30	-146	47	4850	30	-146	47	4850	30	-146	47	4850
31	-65	65	4915	31	-65	65	4915	31	-65	65	4915	31	-65	65	4915	31	-65	65	4915	31	-65	65	4915	31	-65	65	4915	31	-65	65	4915	31	-65	65	4915	31	-65	65	4915
32	-320	122	5037	32	-320	122	5037	32	-320	122	5037	32	-320	122	5037	32	-320	122	5037	32	-320	122	5037	32	-320	122	5037	32	-320	122	5037	32	-320	122	5037	32	-320	122	5037
33	-39	39	5076	33	-39	39	5076	33	-39	39	5076	33	-39	39	5076	33	-39	39	5076	33	-39	39	5076	33	-39	39	5076	33	-39	39	5076	33	-39	39	5076	33	-39	39	5076
34	-383	185	5261	34	-383	185	5261	34	-383	185	5261	34	-383	185	5261	34	-383	185	5261	34	-383	185	5261	34	-383	185	5261	34	-383	185	5261	34	-383	185	5261	34	-383	185	5261
35	-30	30	5291	35	-30	30	5291	35	-30	30	5291	35	-30	30	5291	35	-30	30	5291	35	-30	30	5291	35	-30	30	5291	35	-30	30	5291	35	-30	30	5291	35	-30	30	5291
36	-81	81	5372	36	-81	81	5372	36	-81	81	5372	36	-81	81	5372	36	-81	81	5372	36	-81	81	5372	36	-81	81	5372	36	-81	81	5372	36	-81	81	5372	36	-81	81	5372
37	-30	30	5402	37	-30	30	5402	37	-30	30	5402	37	-30	30	5402	37	-30	30	5402	37	-30	30	5402	37	-30	30	5402	37	-30	30	5402	37	-30	30	5402	37	-30	30	5402
38	-66	66	5468	38	-66	66	5468	38	-66	66	5468	38	-66	66	5468	38	-66	66	5468	38	-66	66	5468	38	-66	66	5468	38	-66	66	5468	38	-66	66	5468	38	-66	66	5468
39	-81	81	5549	39	-81	81	5549	39	-81	81	5549	39	-81	81	5549	39	-81	81	5549	39	-81	81	5549	39	-81	81	5549	39	-81	81	5549	39	-81	81	5549	39	-81	81	5549
40	-330	132	5681	40	-330	132	5681	40	-330	132	5681	40	-330	132	5681	40	-330	132	5681	40	-330	132	5681	40	-330	132	5681	40	-330	132	5681	40	-330	132	5681	40	-330	132	5681
41	-425	128	5809	41	-425	128	5809	41	-425	128	5809	41	-425	128	5809	41	-425	128	5809	41	-425	128	5809	41	-425	128	5809	41	-425	128	5809	41	-425	128	5809	41	-425	128	5809
42	-32	32	5841	42	-32	32	5841	42	-32	32	5841	42	-32	32	5841	42	-32	32	5841	42	-32	32	5841	42	-32	32	5841	42	-32	32	5841	42	-32	32	5841	42	-32	32	5841
43	-78	78	5919	43	-78	78	5919	43	-78	78	5919	43	-78	78	5919	43	-78	78	5919	43	-78	78	5919	43	-78	78	5919	43	-78	78	5919	43	-78	78	5919	43	-78	78	5919
44	-44	44	5963	44	-44	44	5963	44	-44	44	5963	44	-44	44	5963	44	-44	44	5963	44	-44	44	5963	44	-44	44	5963	44	-44	44	5963	44	-44	44	5963	44	-44	44	5963
45	-51	51	6014	45	-51	51	6014	45	-51	51	6014	45	-51	51	6014	45	-51	51	6014	45	-51	51	6014	45	-51	51	6014	45	-51	51	6014	45	-51	51	6014	45	-51	51	6014
46	-40	40	6054	46	-40	40	6054	46	-40	40	6054	46	-40	40	6054	46	-40	40	6054	46	-40	40	6054	46	-40	40	6054	46	-40	40	6054	46	-40	40	6054	46	-40	40	6054
47	-46	46	6100	47	-46	46	6100	47	-46	46	6100	47	-46	46	6100	47	-46	46	6100	47	-46	46	6100	47	-46	46	6100	47	-46	46	6100	47	-46	46	6100	47	-46	46	6100
48	-174	75	6175	48	-174	75	6175	48	-174	75	6175	48	-174	75	6175	48	-174	75	6175	48	-174	75	6175	48	-174	75	6175	48	-174	75	6175	48	-174	75	6175	48	-174	75	6175
49	-70	70	6245	49	-70	70	6245	49	-70	70	6245	49	-70	70	6245	49	-70	70	6245	49	-70	70	6245	49	-70	70	6245	49	-70	70	6245	49	-70	70	6245	49	-70	70	6245
50	-194	95	6340	50	-194	95	6340	50	-194	95	6340	50	-194	95	6340	50	-194	95	6340	50	-194	95	6340	50	-194	95	6340	50	-194	95	6340	50	-194	95	6340	50	-194	95	6340
51	-65	65	6405	51	-65	65	6405	51	-65	65	6405	51	-65	65	6405	51	-65	65	6405	51	-65	65	6405	51	-65	65	6405	51	-65	65	6405	51	-65	65	6405	51	-65	65	6405
52	-36	36	6441	52	-36	36	6441	52	-36	36	6441	52	-36	36	6441	52	-36	36	6441	52	-36	36	6441	52	-36	36	6441	52	-36	36	6441	52	-36	36	6441	52	-36	36	6441
53	-34	34	6475	53	-34	34	6475	53	-34	34	6475	53	-34	34	6475	53	-34	34	6475	53	-34	34	6475	53	-34	34	6475	53	-34	34	6475	53	-34	34	6475	53	-34	34	6475
54	-49	49	6524	54	-49	49	6524	54	-49	49	6524	54	-49	49	6524	54	-49	49	6524	54	-49	49	6524	54	-49	49	6524	54	-49	49	6524	54	-49	49	6524	54	-49	49	6524
55	-42	42	6566	55	-42	42	6566	55	-42	42	6566	55	-42	42	6566	55	-42	42	6566	55	-42	42	6566	55	-42	42	6566	55	-42	42	6566	55	-42	42	6566	55	-42	42	6566
56	-178	79	6645	56	-178	79	6645	56	-178	79	6645	56	-178	79	6645	56	-178	79	6645	56	-178	79	6645	56	-178	79	6645	56	-178	79	6645	56	-178	79	6645	56	-178	79	6645
57	-50	50	6695	57	-50	50	6695	57	-50	50	6695	57	-50	50	6695	57	-50	50	6695	57	-50	50	6695	57	-50	50	6695	57	-50	50	6695	57	-50	50	6695	57	-50	50	6695
58	-46	46	6741	58	-46	46	6741	58	-46	46	6741	58	-46	46	6741	58	-46	46	6741	58	-46	46	6741	58	-46	46	6741	58	-46	46	6741	58	-46	46	6741	58	-46	46	6741
59	-39	39	6780	59	-39	39	6780	59	-39	39	6780	59	-39	39	6780	59	-39	39	6780	59	-39	39	6780	59	-39	39	6780	59	-39	39	6780	59	-39	39	6780	59	-39	39	6780
60	-40	40	6820	60	-40	40	6820	60	-40	40	6820	60	-40	40	6820	60	-40	40	6820	60	-40	40	6820	60	-40	40	6820	60	-40	40	6820	60	-40	40	6820	60	-40	40	6820
61	-162	63	6883	61	-162	63	6883	61	-162	63	6883	61	-162	63	6883	61	-162	63	6883	61	-162	63	6883	61	-162	63	6883	61	-162	63	6883	61	-162	63	6883	61	-162	63	6883
62	-20	20	6903	62	-20	20	6903	62	-20	20	6903	62	-20	20	6903	62	-20	20	6903	62	-20	20	6903	62	-20	20	6903	62	-20	20	6903	62	-20	20	6903	62	-20	20	6903
63	-53	53	6956	63	-53	53	6956	63	-53	53	6956	63	-53	53	6956	63	-53	53	6956	63	-53	53	6956	63	-53	53	6956	63	-53	53	6956	63	-53	53	6956	63	-53	53	6956
64	-69	69	7025	64	-69	69	7025	64	-69	69	7025	64	-69	69	7025	64	-69	69	7025	64	-69	69	7025	64	-69	69	7025	64	-69	69	7025	64	-69	69	7025	64	-69	69	7025
65	-42	42	7067	65	-42	42	7067	65	-42	42	7067	65	-42	42	7067	65	-42	42	7067	65	-42	42	7067	65	-42	42	7067	65	-42	42	7067	65	-42	42	7067	65	-42	42	7067
66	-33	33	7100	66	-33	33	7100	66	-33	33	7100	66	-33	33	7100	66	-33	33	7100	66	-33	33	7100	66	-33	33	7100	66	-33	33	7100	66	-33	33	7100	66	-33	33	7100
67	-415	118	7218	67	-415	118	7218	67	-415	118	7218	67	-415	118	7218	67	-415	118	7218	67	-415	118	7218	67	-415	118	7218	67	-415	118	7218	67	-415	118	7218	67	-415	118	7218
68	-51	51	7269	68	-51	51	7269	68	-51	51	7269	68	-51	51	7269	68	-51	51	7269	68	-51	51	7269	68	-51	51	7269	68	-51	51	7269	68	-51	51	7269	68	-51	51	7269
69	-45	45	7314	69	-45	45	7314	69	-45	45	7314	69	-45	45	7314	69	-45	45	7314	69	-45	45	7314	69	-45	45	7314	69	-45	45	7314	69	-45	45	7314	69	-45	45	7314
70	-33	33	7347	70	-33	33	7347	70	-33	33	7347	70	-33	33	7347	70	-33	33	7347	70	-33	33	7347	70	-33	33	7347	70	-33	33	7347	70	-33	33	7347	70	-33	33	7347
71	-269	71	7418	71	-269	71	7418	71	-269	71	7418	71	-269	71	7418	71	-269	71	7418	71	-269	71	7418	71	-269	71	7418	71	-269	71	7418	71	-269	71	7418	71	-269	71	7418
72	-46	46	7464	72	-46	46	7464	72	-46	46	7464	72	-46	46	7464	72	-46	46	7464	72	-46	46	7464	72	-46	46	7464	72	-46	46	7464	72	-46	46	7464	72	-46	46	7464
73	-35	35	7499	73	-35	35	7499	73	-35	35	7499	73	-35	35	7499	73	-35	35	7499	73	-35	35	7499	73	-35	35	7499	73	-35	35	7499	73	-35	35	7499	73	-35	35	7499
74	-25	25	7524	74	-25	25	7524	74	-25	25	7524	74	-25	25	7524	74	-25	25	7524	74	-25	25	7524	74	-25	25	7524	74	-25	25	7524	74	-25	25	7524	74	-25	25	7524
75	-44	44	7568	75	-44	44	7568	75	-44	44	7568	75	-44	44	7568	75	-44	44	7568	75	-44	44	7568	75	-44	44	7568	75	-44	44	7568	75	-44	44	7568	75	-44	44	7568
76	-153	54	7622	76	-153	54	7622	76	-153	54	7622	76	-153	54	7622	76	-153	54	7622	76	-153	54	7622	76	-153	54	7622	76	-153	54	7622	76	-153	54	7622	76	-153	54	7622
77	-64	64	7686	77	-64	64	7686	77	-64	64	7686	77	-64	64	7686	77	-64	64	7686	77	-64	64	7686	77	-64	64	7686	77	-64	64	7686	77	-64	64	7686	77	-64	64	7686
78	-24	24	7710	78	-24	24	7710	78	-24	24	7710	78	-24	24	7710	78	-24	24	7710	78	-24	24	7710	78	-24	24	7710	78	-24	24	7710	78	-24	24	7710	78	-24	24	7710
79	-21	21	7731	79	-21	21	7731	79	-21	21	7731	79	-21	21	7731	79	-21	21	7731	79	-21	21	7731	79	-21	21	7731	79	-21	21	7731	79	-21	21	7731	79	-21	21	7731
80	-44	44	7775	80	-44	44	7775	80	-44	44	7775	80	-44	44	7775	80	-44	44	7775	80	-44	44	7775	80	-44	44	7775	80	-44	44	7775	80	-44	44	7775	80	-44	44	7775
81	-132	33	7808	81	-132	33	7808	81	-132	33	7808	81	-132	33	7808	81	-132	33	7808	81	-132	33	7808	81	-132	33	7808	81	-132	33	7808	81	-132	33	7808	81	-132	33	7808
82	-60	60	7868	82	-60	60	7868	82	-60	60	7868	82	-60	60	7868	82	-60	60	7868	82	-60	60	7868	82	-60	60	7868	82	-60	60	7868	82	-60	60	7868	82	-60	60	7868
83	-32	32	7900	83	-32	32	7900	83	-32	32	7900	83	-32	32	7900	83	-32	32	7900	83	-32	32	7900	83	-32	32	7900	83	-32	32	7900	83	-32	32	7900	83	-32	32	7900
84	-26	26	7926	84	-26	26	7926	84	-26	26	7926	84	-26	26	7926	84	-26	26	7926	84	-26	26	7926	84	-26	26	7926	84	-26	26	7926	84	-26	26	7926	84	-26	26	7926
85	-51	51	7977	85	-51	51	7977	85	-51	51	7977	85	-51	51	7977	85	-51	51	7977	85	-51	51	7977	85	-51	51	7977	85	-51	51	7977	85	-51	51	7977	85	-51	51	7977
86	-27	27	8004	86	-27	27	8004	86	-27	27	8004	86	-27	27	8004	86	-27	27	8004	86	-27	27	8004	86	-27	27	8004	86	-27	27	8004	86	-27	27	8004	86	-27	27	8004
87	-35	35	8039	87	-35	35	8039	87	-35	35	8039	87	-35	35	8039	87	-35	35	8039	87	-35	35	8039	87	-35	35	8039	87	-35	35	8039	87	-35	35	8039	87	-35	35	8039
88	-19	19	8058	88	-19	19	8058	88	-19	19	8058	88	-19	19	8058	88	-19	19	8058	88	-19	19	8058	88	-19	19	8058	88	-19	19	8058	88	-19	19	8058	88	-19	19	8058
89	-154	55	8113	89	-154	55	8113	89	-154	55	8113	89	-154	55	8113	89	-154	55	8113	89	-154	55	8113	89	-154	55	8113	89	-154	55	8113	89	-154	55	8113	89	-154	55	8113
90	-29	29	8142	90	-29	29	8142	90	-29	29	8142	90	-29	29	8142	90	-29	29	8142	90	-29	29	8142	90	-29	29	8142	90	-29	29	8142	90	-29	29	8142	90	-29	29	8142
91	-41	41	8183	91	-41	41	8183	91	-41	41	8183	91	-41	41	8183	91	-41	41	8183	91	-41	41	8183	91	-41	41	8183	91	-41	41	8183	91	-41	41	8183	91	-41	41	8183
92	-41	41	8224	92	-41	41	8224	92	-41	41	8224	92	-41	41	8224	92	-41	41	8224	92	-41	41	8224	92	-41	41	8224	92	-41	41	8224	92	-41	41	8224	92	-41	41	8224
93	-38	38	8262	93	-38	38	8262	93	-38	38	8262	93	-38	38	8262	93	-38	38	8262	93	-38	38	8262	93	-38	38	8262	93	-38	38	8262	93	-38	38	8262	93	-38	38	8262
94	-41	41	8303	94	-41	41	8303	94	-41	41	8303	94	-41	41	8303	94	-41	41	8303	94	-41	41	8303	94	-41	41	8303	94	-41	41	8303	94	-41	41	8303	94	-41	41	8303
95	-137	38	8341	95	-137	38	8341	95	-137	38	8341	95	-137	38	8341	95	-137	38	8341	95	-137	38	8341	95	-137	38	8341	95	-137	38	8341	95	-137	38	8341	95	-137	38	8341
96	-26	26	8367	96	-26	26	8367	96	-26	26	8367	96	-26	26	8367	96	-26	26	8367	96	-26	26	8367	96	-26	26	8367	96	-26	26	8367	96	-26	26	8367	96	-26	26	8367
97	-36	36	8403	97	-36	36	8403	97	-36	36	8403	97	-36	36	8403	97	-36	36	8403	97	-36	36	8403	97	-36	36	8403	97	-36	36	8403	97	-36	36	8403	97	-36	36	8403
98	-52	52	8455	98	-52	52	8455	98	-52	52	8455	98	-52	52	8455	98	-52	52	8455	98	-52	52	8455	98	-52	52	8455	98	-52	52	8455	98	-52	52	8455	98	-52	52	8455
99	-131	32	8487	99	-131	32	8487	99	-131	32	8487	99	-131	32	8487	99	-131	32	8487	99	-131	32	8487	99	-131	32	8487	99	-131	32	8487	99	-131	32	8487	99	-131	32	8487
100	-21	21	8508	100	-21	21	8508	100	-21	21	8508	100	-21	21	8508	100	-21	21	8508	100	-21	21	8508	100	-21	21	8508	100	-21	21	8508	100	-21	21	8508	100	-21	21	8508
101	-39	39	8547	101	-39	39	8547	101	-39	39	8547	101	-39	39	8547	101	-39	39	8547	101	-39	39	8547	101	-39	39	8547	101	-39	39	8547	101	-39	39	8547	101	-39	39	8547
102	-42	42	8589	102	-42	42	8589	102	-42	42	8589	102	-42	42	8589	102	-42	42	8589	102	-42	42	8589	102	-42	42	8589	102	-42	42	8589	102	-42	42	8589	102	-42	42	8589
103	-26	26	8615	103	-26	26	8615	103	-26	26	8615	103	-26	26	8615	103	-26	26	8615	103	-26	26	8615	103	-26	26	8615	103	-26	26	8615	103	-26	26	8615	103	-26	26	8615
104	-18	18	8633	104	-18	18	8633	104	-18	18	8633	104	-18	18	8633	104	-18	18	8633	104	-18	18	8633	104	-18	18	8633	104	-18	18	8633	104	-18	18	8633	104	-18	18	8633
105	-31	31	8664	105	-31	31	8664	105	-31	31	8664	105	-31	31	8664	105	-31	31	8664	105	-31	31	8664	105	-31	31	8664	105	-31	31	8664	105	-31	31	8664	105	-31	31	8664
106	-28	28	8692	106	-28	28	8692	106	-28	28	8692	106	-28	28	8692	106	-28	28	8692	106	-28	28	8692	106	-28	28	8692	106	-28	28	8692	106	-28	28	8692	106	-28	28	8692
107	-55	55	8747	107	-55	55	8747	107	-55	55	8747	107	-55	55	8747	107	-55	55	8747	107	-55	55	8747	107	-55	55	8747	107	-55	55	8747	107	-55	55	8747	107	-55	55	8747
108	-23	23	8770	108	-23	23	8770	108	-23	23	8770	108	-23	23	8770	108	-23	23	8770	108	-23	23	8770	108	-23	23	8770	108	-23	23	8770	108	-23	23	8770	108	-23	23	8770
109	-34	34	8804	109	-34	34	8804	109	-34	34	8804	109	-34	34	8804	109	-34	34	8804	109	-34	34	8804	109	-34	34	8804	109	-34	34	8804	109	-34	34	8804	109	-34	34	8804
110	-34	34	8838	110	-34	34	8838	110	-34	34	8838	110	-34	34	8838	110	-34	34	8838	110	-34	34	8838	110	-34	34	8838	110	-34	34	8838	110	-34	34	8838	110	-34	34	8838
111	-376	79	8917	111	-376	79	8917	111	-376	79	8917	111	-376	79	8917	111	-376	79	8917	111	-376	79	8917	111	-376	79	8917	111	-376	79	8917	111	-376	79	8917	111	-376	79	8917
112	-28	28	8945	112	-28	28	8945	112	-28	28	8945	112	-28	28	8945	112	-28	28	8945	112	-28	28	8945	112	-28	28	8945	112	-28	28	8945	112	-28	28	8945	112	-28	28	8945
113	-22	22	8967	113	-22	22	8967	113	-22	22	8967	113	-22	22	8967	113	-22	22	8967	113	-22	22	8967	113	-22	22	8967	113	-22	22	8967	113	-22	22	8967	113	-22	22	8967
114	-34	34	9001	114	-34	34	9001	114	-34	34	9001	114	-34	34	9001	114	-34	34	9001	114	-34	34	9001	114	-34	34	9001	114	-34	34	9001	114	-34	34	9001	114	-34	34	9001
115	-36	36	9037	115	-36	36	9037	115	-36	36	9037	115	-36	36	9037	115	-36	36	9037	115	-36	36	9037	115	-36	36	9037	115	-36	36	9037	115	-36	36	9037	115	-36	36	9037
116	-139	40	9077	116	-139	40	9077	116	-139	40	9077	116	-139	40	9077	116	-139	40	9077	116	-139	40	9077	116	-139	40	9077	116	-139	40	9077	116	-139	40	9077	116	-139	40	9077
117	-32	32	9109	117	-32	32	9109	117	-32	32	9109	117	-32	32	9109	117	-32	32	9109	117	-32	32	9109	117	-32	32	9109	117	-32	32	9109	117	-32	32	9109	117	-32	32	9109
118	-15	15	9124	118	-15	15	9124	118	-15	15	9124	118	-15	15	9124	118	-15	15	9124	118	-15	15	9124	118	-15	15	9124	118	-15	15	9124	118	-15	15	9124	118	-15	15	9124
119	-25	25	9149	119	-25	25	9149	119	-25	25	9149	119	-25	25	9149	119	-25	25	9149	119	-25	25	9149	119	-25	25	9149	119	-25	25	9149	119	-25	25	9149	119	-25	25	9149
120	-38	38	9187	120	-38	38	9187	120	-38	38	9187	120	-38	38	9187	120	-38	38	9187	120	-38	38	9187	120	-38	38	9187	120	-38	38	9187	120	-38	38	9187	120	-38	38	9187
121	-18	18	9205	121	-18	18	9205	121	-18	18	9205	121	-18	18	9205	121	-18	18	9205	121	-18	18	9205	121	-18	18	9205	121	-18	18	9205	121	-18	18	9205	121	-18	18	9205
122	-34	34	9239	122	-34	34	9239	122	-34	34	9239	122	-34	34	9239	122	-34	34	9239	122	-34	34	9239	122	-34	34	9239	122	-34	34	9239	122	-34	34	9239	122	-34	34	9239
123	-39	39	9278	123	-39	39	9278	123	-39	39	9278	123	-39	39	9278	123	-39	39	9278	123	-39	39	9278	123	-39	39	9278	123	-39	39	9278	123	-39	39	9278	123	-39	39	9278
124	-27	27	9305	124	-27	27	9305	124	-27	27	9305	124	-27	27	9305	124	-27	27	9305	124	-27	27	9305	124	-27	27	9305	124	-27	27	9305	124	-27	27	9305	124	-27	27	9305
125	-15	15	9320	125	-15	15	9320	125	-15	15	9320	125	-15	15	9320	125	-15	15	9320	125	-15	15	9320	125	-15	15	9320	125	-15	15	9320	125	-15	15	9320	125	-15	15	9320
126	-22	22	9342	126	-22	22	9342	126	-22	22	9342	126	-22	22	9342	126	-22	22	9342	126	-22	22	9342	126	-22	22	9342	126	-22	22	9342	126	-22	22	9342	126	-22	22	9342
127	-57	57	9399	127	-57	57	9399	127	-57	57	9399	127	-57	57	9399	127	-57	57	9399	127	-57	57	9399	127	-57	57	9399	127	-57	57	9399	127	-57	57	9399	127	-57	57	9399
128	-24	24	9423	128	-24	24	9423	128	-24	24	9423	128	-24	24	9423	128	-24	24	9423	128	-24	24	9423	128	-24	24	9423	128	-24	24	9423	128	-24	24	9423	128	-24	24	9423
129	-134	35	9458	129	-134	35	9458	129	-134	35	9458	129	-134	35	9458	129	-134	35	9458	129	-134	35	9458	129	-134	35	9458	129	-134	35	9458	129	-134	35	9458	129	-134	35	9458
130	-17	17	9475	130	-17	17	9475	130	-17	17	9475	130	-17	17	9475	130	-17	17	9475	130	-17	17	9475	130	-17	17	9475	130	-17	17	9475	130	-17	17	9475	130	-17	17	9475
131	-279	81	9556	131	-279	81	9556	131	-279	81	9556	131	-279	81	9556	131	-279	81	9556	131	-279	81	9556	131	-279	81	9556	131	-279	81	9556	131	-279	81	9556	131	-279	81	9556
132	-29	29	9585	132	-29	29	9585	132	-29	29	9585	132	-29	29	9585	132	-29	29	9585	132	-29	29	9585	132	-29	29	9585	132	-29	29	9585	132	-29	29	9585	132	-29	29	9585
133	-263	65	9650	133	-263	65	9650	133	-263	65	9650	133	-263	65	9650	133	-263	65	9650	133	-263	65	9650	133	-263	65	9650	133	-263	65	9650	133	-263	65	9650	133	-263	65	9650
134	-136	37	9687	134	-136	37	9687	134	-136	37	9687	134	-136	37	9687	134	-136	37	9687	134	-136	37	9687	134	-136	37	9687	134	-136	37	9687	134	-136	37	9687	134	-136	37	9687
135	-16	16	9703	135	-16	16	9703	135	-16	16	9703	135	-16	16	9703	135	-16	16	9703	135	-16	16	9703	135	-16	16	9703	135	-16	16	9703	135	-16	16	9703	135	-16	16	9703
136	-43	43	9746	136	-43	43	9746	136	-43	43	9746	136	-43	43	9746	136	-43	43	9746	136	-43	43	9746	136	-43	43	9746	136	-43	43	9746	136	-43	43	9746	136	-43	43	9746
137	-20	20	9766	137	-20	20	9766	137	-20	20	9766	137	-20	20	9766	137	-20	20	9766	137	-20	20	9766	137	-20	20	9766	137	-20	20	9766	137	-20	20	9766	137	-20	20	9766
138	-22	22	9788	138	-22	22	9788	138	-22	22	9788	138	-22	22	9788	138	-22	22	9788	138	-22	22	9788	138	-22	22	9788	138	-22	22	9788	138	-22	22	9788	138	-22	22	9788
139	-35	35	9823	139	-35	35	9823	139	-35	35	9823	139	-35	35	9823	139	-35	35	9823	139	-35	35	9823	139	-35	35	9823	139	-35	35	9823	139	-35	35	9823	139	-35	35	9823
140	-21	21	9844	140	-21	21	9844	140	-21	21	9844	140	-21	21	9844	140	-21	21	9844	140	-21	21	9844	140	-21	21	9844	140	-21	21	9844	140	-21	21	9844	140	-21	21	9844
141	-137	38	9882	141	-137	38	9882	141	-137	38	9882	141	-137	38	9882	141	-137	38	9882	141	-137	38	9882	141	-137	38	9882	141	-137	38	9882	141	-137	38	9882	141	-137	38	9882
142	-55	55	9937	142	-55	55	9937	142	-55	55	9937	142	-55	55	9937	142	-55	55	9937	142	-55	55	9937	142	-55	55	9937	142	-55	55	9937	142	-55	55	9937	142	-55	55	9937
143	-17	17	9954	143	-17	17	9954	143	-17	17	9954	143	-17	17	9954	143	-17	17	9954	143	-17	17	9954	143	-17	17	9954	143	-17	17	9954	143	-17	17	9954	143	-17	17	9954
144	-18	18	9972	144	-18	18	9972	144	-18	18	9972	144	-18	18	9972	144	-18	18	9972	144	-18	18	9972	144	-18	18	9972	144	-18	18	9972	144	-18	18	9972	144	-18	18	9972
145	-141	42	10014	145	-141	42	10014	145	-141	42	10014	145	-141	42	10014	145	-141	42	10014	145	-141	42	10014	145	-141	42	10014	145	-141	42	10014	145	-141	42	10014	145	-141	42	10014
146	-376	79	10093	146	-376	79	10093	146	-376	79	10093	146	-376	79	10093	146	-376	79	10093	146	-376	79	10093	146	-376	79	10093	146	-376	79	10093	146	-376	79	10093	146	-376	79	10093
147	-131	32	10125	147	-131	32	10125	147	-131	32	10125	147	-131	32	10125	147	-131	32	10125	147	-131	32	10125	147	-131	32	10125	147	-131	32	10125	147	-131	32	10125	147	-131	32	10125
148	-22	22	10147	148	-22	22	10147	148	-22	22	10147	148	-22	22	10147	148	-22	22	10147	148	-22	22	10147	148	-22	22	10147	148	-22	22	10147	148	-22	22	10147	148	-22	22	10147
149	-32	32	10179	149	-32	32	10179	149	-32	32	10179	149	-32	32	10179	149	-32	32	10179	149	-32	32	10179	149	-32	32	10179	149	-32	32	10179	149	-32	32	10179	149	-32	32	10179
150	-27	27	10206	150	-27	27	10206	150	-27	27	10206	150	-27	27	10206	150	-27	27	10206	150	-27	27	10206	150	-27	27	10206	150	-27	27	10206	150	-27	27	10206	150	-27	27	10206
151	-15	15	10221	151	-15	15	10221	151	-15	15	10221	151	-15	15	10221	151	-15	15	10221	151	-15	15	10221	151	-15	15	10221	151	-15	15	10221	151	-15	15	10221	151	-15	15	10221
152	-34	34	10255	152	-34	34	10255	152	-34	34	10255	152	-34	34	10255	152	-34	34	10255	152	-34	34	10255	152	-34	34	10255	152	-34	34	10255	152	-34	34	10255	152	-34	34	10255
153	-30	30	10285	153	-30	30	10285	153	-30	30	10285	153	-30	30	10285	153	-30	30	10285	153	-30	30	10285	153	-30	30	10285	153	-30	30	10285	153	-30	30	10285	153	-30	30	10285
154	-25	25	10310	154	-25	25	10310	154	-25	25	10310	154	-25	25	10310	154	-25	25	10310	154	-25	25	10310	154	-25	25	10310	154	-25	25	10310	154	-25	25	10310	154	-25	25	10310
155	-27	27	10337	155	-27	27	10337	155	-27	27	10337	155	-27	27	10337	155	-27	27	10337	155	-27	27	10337	155	-27	27	10337	155	-27	27	10337	155	-27	27	10337	155	-27	27	10337
156	-130	31	10368	156	-130	31	10368	156	-130	31	10368	156	-130	31	10368	156	-130	31	10368	156	-130	31	10368	156	-130	31	10368	156	-130	31	10368	156	-130	31	10368	156	-130	31	10368
157	-27	27	10395	157	-27	27	10395	157	-27	27	10395	157	-27	27	10395	157	-27	27	10395	157	-27	27	10395	157	-27	27	10395	157	-27	27	10395	157	-27	27	10395	157	-27	27	10395
158	-22	22	10417	158	-22	22	10417	158	-22	22	10417	158	-22	22	10417	158	-22	22	10417	158	-22	22	10417	158	-22	22	10417	158	-22	22	10417	158	-22	22	10417	158	-22	22	10417
159	-19	19	10436	159	-19	19	10436	159	-19	19	10436	159	-19	19	10436	159	-19	19	10436	159	-19	19	10436	159	-19	19	10436	159	-19	19	10436	159	-19	19	10436	159	-19	19	10436
160	-34	34	10470	160	-34	34	10470	160	-34	34	10470	160	-34	34	10470	160	-34	34	10470	160	-34	34	10470	160	-34	34	10470	160	-34	34	10470	160	-34	34	10470	160	-34	34	10470
161	-22	22	10492	161	-22	22	10492	161	-22	22	10492	161	-22	22	10492	161	-22	22	10492	161	-22	22	10492	161	-22	22	10492	161	-22	22	10492	161	-22	22	10492	161	-22	22	10492
162	-30	30	10522	162	-30	30	10522	162	-30	30	10522	162	-30	30	10522	162	-30	30	10522	162	-30	30	10522	162	-30	30	10522	162	-30	30	10522	162	-30	30	10522	162	-30	30	10522
163	-144	45	10567	163	-144	45	10567	163	-144	45	10567	163	-144	45	10567	163	-144	45	10567	163	-144	45	10567	163	-144	45	10567	163	-144	45	10567	163	-144	45	10567	163	-144	45	10567
164	-34	34	10601	164	-34	34	10601	164	-34	34	10601	164	-34	34	10601	164	-34	34	10601	164	-34	34	10601	164	-34	34	10601	164	-34	34	10601	164	-34	34	10601	164	-34	34	10601
165	-20	20	10621	165	-20	20	10621	165	-20	20	10621	165	-20	20	10621	165	-20	20	10621	165	-20	20	10621	165	-20	20	10621	165	-20	20	10621	165	-20	20	10621	165	-20	20	10621
166	-130	31	10652	166	-130	31	10652	166	-130	31	10652	166	-130	31	10652	166	-130	31	10652	166	-130	31	10652	166	-130	31	10652	166	-130	31	10652	166	-130	31	10652	166	-130	31	10652
167	-29	29	10681	167	-29	29	10681	167	-29	29	10681	167	-29	29	10681	167	-29	29	10681	167	-29	29	10681	167	-29	29	10681	167	-29	29	10681	167	-29	29	10681	167	-29	29	10681
168	-118	19	10700	168	-118	19	10700	168	-118	19	10700	168	-118	19	10700	168	-118	19	10700	168	-118	19	10700	168	-118	19	10700	168	-118	19	10700	168	-118	19	10700	168	-118	19	10700
169	-26	26	10726	169	-26	26	10726	169	-26	26	10726	169	-26	26	10726	169	-26	26	10726	169	-26	26	10726	169	-26	26	10726	169	-26	26	10726	169	-26	26	10726	169	-26	26	10726
170	-16	16	10742	170	-16	16	10742	170	-16	16	10742	170	-16	16	10742	170	-16	16	10742	170	-16	16	10742	170	-16	16	10742	170	-16	16	10742	170	-16	16	10742	170	-16	16	10742
171	-152	53	10795	171	-152	53	10795	171	-152	53	10795	171	-152	53	10795	171	-152	53	10795	171	-152	53	10795	171	-152	53	10795	171	-152	53	10795	171	-152	53	10795	171	-152	53	10795
172	-28	28	10823	172	-28	28	10823	172	-28	28	10823	172	-28	28	10823	172	-28	28	10823	172	-28	28	10823	172	-28	28	10823	172	-28	28	10823	172	-28	28	10823	172	-28	28	10823
173	-16	16	10839	173	-16	16	10839	173	-16	16	10839	173	-16	16	10839	173	-16	16	10839	173	-16	16	10839	173	-16	16	10839	173	-16	16	10839	173	-16	16	10839	173	-16	16	10839
174	-13	13	10852	174	-13	13	10852	174	-13	13	10852	174	-13	13	10852	174	-13	13	10852	174	-13	13	10852	174	-13	13	10852	174	-13	13	10852	174	-13	13	10852	174	-13	13	10852
175	-227	29	10881	175	-227	29	10881	175	-227	29	10881	175	-227	29	10881	175	-227	29	10881	175	-227	29	10881	175	-227	29	10881	175	-227	29	10881	175	-227	29	10881	175	-227	29	10881
176	-32	32	10913	176	-32	32	10913	176	-32	32	10913	176	-32	32	10913	176	-32	32	10913	176	-32	32	10913	176	-32	32	10913	176	-32	32	10913	176	-32	32	10913	176	-32	32	10913
177	-138	39	10952	177	-138	39	10952	177	-138	39	10952	177	-138	39	10952	177	-138	39	10952	177	-138	39	10952	177	-138	39	10952	177	-138	39	10952	177	-138	39	10952	177	-138	39	10952
178	-24	24	10976	178	-24	24	10976	178	-24	24	10976	178	-24	24	10976	178	-24	24	10976	178	-24	24	10976	178	-24	24	10976	178	-24	24	10976	178	-24	24	10976	178	-24	24	10976
179	-19	19	10995	179	-19	19	10995	179	-19	19	10995	179	-19	19	10995	179	-19	19	10995	179	-19	19	10995	179	-19	19	10995	179	-19	19	10995	179	-19	19	10995	179	-19	19	10995
180	-28	28	11023	180	-28	28	11023	180	-28	28	11023	180	-28	28	11023	180	-28	28	11023	180	-28	28	11023	180	-28	28	11023	180	-28	28	11023	180	-28	28	11023	180	-28	28	11023
181	-26	26	11049	181	-26	26	11049	181	-26	26	11049	181	-26	26	11049	181	-26	26	11049	181	-26	26	11049	181	-26	26	11049	181	-26	26	11049	181	-26	26	11049	181	-26	26	11049
182	-17	17	11066	182	-17	17	11066	182	-17	17	11066	182	-17	17	11066	182	-17	17	11066	182	-17	17	11066	182	-17	17	11066	182	-17	17	11066	182	-17	17	11066	182	-17	17	11066
183	-17	17	11083	183	-17	17	11083	183	-17	17	11083	183	-17	17	11083	183	-17	17	11083	183	-17	17	11083	183	-17	17	11083	183	-17	17	11083	183	-17	17	11083	183	-17	17	11083
184	-24	24	11107	184	-24	24	11107	184	-24	24	11107	184	-24	24	11107	184	-24	24	11107	184	-24	24	11107	184	-24	24	11107	184	-24	24	11107	184	-24	24	11107	184	-24	24	11107
185	-23	23	11130	185	-23	23	11130	185	-23	23	11130	185	-23	23	11130	185	-23	23	11130	185	-23	23	11130	185	-23	23	11130	185	-23	23	11130	185	-23	23	11130	185	-23	23	11130
186	-36	36	11166	186	-36	36	11166	186	-36	36	11166	186	-36	36	11166	186	-36	36	11166	186	-36	36	11166	186	-36	36	11166	186	-36	36	11166	186	-36	36	11166	186	-36	36	11166
187	-13	13	11179	187	-13	13	11179	187	-13	13	11179	187	-13	13	11179	187	-13	13	11179	187	-13	13	11179	187	-13	13	11179	187	-13	13	11179	187	-13	13	11179	187	-13	13	11179
188	-22	22	11201	188	-22	22	11201	188	-22	22	11201	188	-22	22	11201	188	-22	22	11201	188	-22	22	11201	188	-22	22	11201	188	-22	22	11201	188	-22	22	11201	188	-22	22	11201
189	-30	30	11231	189	-30	30	11231	189	-30	30	11231	189	-30	30	11231	189	-30	30	11231	189	-30	30	11231	189	-30	30	11231	189	-30	30	11231	189	-30	30	11231	189	-30	30	11231
190	-122	23	11254	190	-122	23	11254	190	-122	23	11254	190	-122	23	11254	190	-122	23	11254	190	-122	23	11254	190	-122	23	11254	190	-122	23	11254	190	-122	23	11254	190	-122	23	11254
191	-358	61	11315	191	-358	61	11315	191	-358	61	11315	191	-358	61	11315	191	-358	61	11315	191	-358	61	11315	191	-358	61	11315	191	-358	61	11315	191	-358	61	11315	191	-358	61	11315
192	-20	20	11335	192	-20	20	11335	192	-20	20	11335	192	-20	20	11335	192	-20	20	11335	192	-20	20	11335	192	-20	20	11335	192	-20	20	11335	192	-20	20	11335	192	-20	20	11335
193	-22	22	11357	193	-22	22	11357	193	-22	22	11357	193	-22	22	11357	193	-22	22	11357	193	-22	22	11357	193	-22	22	11357	193	-22	22	11357	193	-22	22	11357	193	-22	22	11357
194	-24	24	11381	194	-24	24	11381	194	-24	24	11381	194	-24	24	11381	194	-24	24	11381	194	-24	24	11381	194	-24	24	11381	194	-24	24	11381	194	-24	24	11381	194	-24	24	11381
195	-14	14	11395	195	-14	14	11395	195	-14	14	11395	195	-14	14	11395	195	-14	14	11395	195	-14	14	11395	195	-14	14	11395	195	-14	14	11395	195	-14	14	11395	195	-14	14	11395
196	-35	35	11430	196	-35	35	11430	196	-35	35	11430	196	-35	35	11430	196	-35	35	11430	196	-35	35	11430	196	-35	35	11430	196	-35	35	11430	196	-35	35	11430	196	-35	35	11430
197	-19	19	11449	197	-19	19	11449	197	-19	19	11449	197	-19	19	11449	197	-19	19	11449	197	-19	19	11449	197	-19	19	11449	197	-19	19	11449	197	-19	19	11449	197	-19	19	11449
198	-16	16	11465	198	-16	16	11465	198	-16	16	11465	198	-16	16	11465	198	-16	16	11465	198	-16	16	11465	198	-16	16	11465	198	-16	16	11465	198	-16	16	11465	198	-16	16	11465
199	-20	20	11485	199	-20	20	11485	199	-20	20	11485	199	-20	20	11485	199	-20	20	11485	199	-20	20	11485	199	-20	20	11485	199	-20	20	11485	199	-20	20	11485	199	-20	20	11485
