Episode	Accumulated Reward	Length	Steps	Episode	Accumulated Reward	Length	Steps
0	-1335	345	345	0	-1335	345	345
1	-1268	575	920	1	-1268	575	920
2	-545	347	1267	2	-545	347	1267
3	-426	327	1594	3	-426	327	1594
4	-737	440	2034	4	-737	440	2034
5	-69	69	2103	5	-69	69	2103
6	-378	279	2382	6	-378	279	2382
7	-333	234	2616	7	-333	234	2616
8	-141	141	2757	8	-141	141	2757
9	-288	189	2946	9	-288	189	2946
10	-431	332	3278	10	-431	332	3278
11	-215	116	3394	11	-215	116	3394
12	-121	121	3515	12	-121	121	3515
13	-346	247	3762	13	-346	247	3762
14	-500	302	4064	14	-500	302	4064
15	-75	75	4139	15	-75	75	4139
16	-150	150	4289	16	-150	150	4289
17	-641	344	4633	17	-641	344	4633
18	-74	74	4707	18	-74	74	4707
19	-375	177	4884	19	-375	177	4884
20	-130	130	5014	20	-130	130	5014
21	-183	183	5197	21	-183	183	5197
22	-180	81	5278	22	-180	81	5278
23	-169	169	5447	23	-169	169	5447
24	-201	102	5549	24	-201	102	5549
25	-603	306	5855	25	-603	306	5855
26	-267	168	6023	26	-267	168	6023
27	-144	144	6167	27	-144	144	6167
28	-244	145	6312	28	-244	145	6312
29	-335	137	6449	29	-335	137	6449
30	-310	211	6660	30	-310	211	6660
31	-161	62	6722	31	-161	62	6722
32	-252	153	6875	32	-252	153	6875
33	-77	77	6952	33	-77	77	6952
34	-89	89	7041	34	-89	89	7041
35	-98	98	7139	35	-98	98	7139
36	-47	47	7186	36	-47	47	7186
37	-258	159	7345	37	-258	159	7345
38	-37	37	7382	38	-37	37	7382
39	-505	109	7491	39	-505	109	7491
40	-236	137	7628	40	-236	137	7628
41	-68	68	7696	41	-68	68	7696
42	-209	110	7806	42	-209	110	7806
43	-557	260	8066	43	-557	260	8066
44	-121	121	8187	44	-121	121	8187
45	-59	59	8246	45	-59	59	8246
46	-70	70	8316	46	-70	70	8316
47	-120	120	8436	47	-120	120	8436
48	-114	114	8550	48	-114	114	8550
49	-49	49	8599	49	-49	49	8599
50	-245	146	8745	50	-245	146	8745
51	-50	50	8795	51	-50	50	8795
52	-185	86	8881	52	-185	86	8881
53	-87	87	8968	53	-87	87	8968
54	-235	136	9104	54	-235	136	9104
55	-181	82	9186	55	-181	82	9186
56	-73	73	9259	56	-73	73	9259
57	-93	93	9352	57	-93	93	9352
58	-70	70	9422	58	-70	70	9422
59	-46	46	9468	59	-46	46	9468
60	-180	81	9549	60	-180	81	9549
61	-227	128	9677	61	-227	128	9677
62	-200	101	9778	62	-200	101	9778
63	-42	42	9820	63	-42	42	9820
64	-213	114	9934	64	-213	114	9934
65	-29	29	9963	65	-29	29	9963
66	-61	61	10024	66	-61	61	10024
67	-72	72	10096	67	-72	72	10096
68	-209	110	10206	68	-209	110	10206
69	-98	98	10304	69	-98	98	10304
70	-176	77	10381	70	-176	77	10381
71	-64	64	10445	71	-64	64	10445
72	-46	46	10491	72	-46	46	10491
73	-94	94	10585	73	-94	94	10585
74	-167	68	10653	74	-167	68	10653
75	-65	65	10718	75	-65	65	10718
76	-68	68	10786	76	-68	68	10786
77	-47	47	10833	77	-47	47	10833
78	-79	79	10912	78	-79	79	10912
79	-29	29	10941	79	-29	29	10941
80	-39	39	10980	80	-39	39	10980
81	-60	60	11040	81	-60	60	11040
82	-55	55	11095	82	-55	55	11095
83	-36	36	11131	83	-36	36	11131
84	-332	134	11265	84	-332	134	11265
85	-51	51	11316	85	-51	51	11316
86	-46	46	11362	86	-46	46	11362
87	-171	72	11434	87	-171	72	11434
88	-288	90	11524	88	-288	90	11524
89	-69	69	11593	89	-69	69	11593
90	-82	82	11675	90	-82	82	11675
91	-75	75	11750	91	-75	75	11750
92	-46	46	11796	92	-46	46	11796
93	-121	121	11917	93	-121	121	11917
94	-148	49	11966	94	-148	49	11966
95	-79	79	12045	95	-79	79	12045
96	-62	62	12107	96	-62	62	12107
97	-113	113	12220	97	-113	113	12220
98	-38	38	12258	98	-38	38	12258
99	-44	44	12302	99	-44	44	12302
100	-151	52	12354	100	-151	52	12354
101	-58	58	12412	101	-58	58	12412
102	-25	25	12437	102	-25	25	12437
103	-224	125	12562	103	-224	125	12562
104	-43	43	12605	104	-43	43	12605
105	-91	91	12696	105	-91	91	12696
106	-55	55	12751	106	-55	55	12751
107	-47	47	12798	107	-47	47	12798
108	-185	86	12884	108	-185	86	12884
109	-146	47	12931	109	-146	47	12931
110	-39	39	12970	110	-39	39	12970
111	-47	47	13017	111	-47	47	13017
112	-181	82	13099	112	-181	82	13099
113	-62	62	13161	113	-62	62	13161
114	-29	29	13190	114	-29	29	13190
115	-33	33	13223	115	-33	33	13223
116	-421	124	13347	116	-421	124	13347
117	-161	62	13409	117	-161	62	13409
118	-78	78	13487	118	-78	78	13487
119	-188	89	13576	119	-188	89	13576
120	-211	112	13688	120	-211	112	13688
121	-49	49	13737	121	-49	49	13737
122	-146	47	13784	122	-146	47	13784
123	-54	54	13838	123	-54	54	13838
124	-304	106	13944	124	-304	106	13944
125	-45	45	13989	125	-45	45	13989
126	-39	39	14028	126	-39	39	14028
127	-38	38	14066	127	-38	38	14066
128	-40	40	14106	128	-40	40	14106
129	-205	106	14212	129	-205	106	14212
130	-54	54	14266	130	-54	54	14266
131	-26	26	14292	131	-26	26	14292
132	-45	45	14337	132	-45	45	14337
133	-52	52	14389	133	-52	52	14389
134	-187	88	14477	134	-187	88	14477
135	-33	33	14510	135	-33	33	14510
136	-46	46	14556	136	-46	46	14556
137	-29	29	14585	137	-29	29	14585
138	-59	59	14644	138	-59	59	14644
139	-51	51	14695	139	-51	51	14695
140	-38	38	14733	140	-38	38	14733
141	-50	50	14783	141	-50	50	14783
142	-33	33	14816	142	-33	33	14816
143	-63	63	14879	143	-63	63	14879
144	-29	29	14908	144	-29	29	14908
145	-58	58	14966	145	-58	58	14966
146	-33	33	14999	146	-33	33	14999
147	-152	53	15052	147	-152	53	15052
148	-49	49	15101	148	-49	49	15101
149	-52	52	15153	149	-52	52	15153
150	-37	37	15190	150	-37	37	15190
151	-64	64	15254	151	-64	64	15254
152	-34	34	15288	152	-34	34	15288
153	-49	49	15337	153	-49	49	15337
154	-21	21	15358	154	-21	21	15358
155	-45	45	15403	155	-45	45	15403
156	-196	97	15500	156	-196	97	15500
157	-161	62	15562	157	-161	62	15562
158	-29	29	15591	158	-29	29	15591
159	-63	63	15654	159	-63	63	15654
160	-23	23	15677	160	-23	23	15677
161	-127	28	15705	161	-127	28	15705
162	-32	32	15737	162	-32	32	15737
163	-44	44	15781	163	-44	44	15781
164	-45	45	15826	164	-45	45	15826
165	-23	23	15849	165	-23	23	15849
166	-134	35	15884	166	-134	35	15884
167	-43	43	15927	167	-43	43	15927
168	-41	41	15968	168	-41	41	15968
169	-21	21	15989	169	-21	21	15989
170	-21	21	16010	170	-21	21	16010
171	-28	28	16038	171	-28	28	16038
172	-45	45	16083	172	-45	45	16083
173	-29	29	16112	173	-29	29	16112
174	-29	29	16141	174	-29	29	16141
175	-33	33	16174	175	-33	33	16174
176	-152	53	16227	176	-152	53	16227
177	-30	30	16257	177	-30	30	16257
178	-51	51	16308	178	-51	51	16308
179	-32	32	16340	179	-32	32	16340
180	-46	46	16386	180	-46	46	16386
181	-37	37	16423	181	-37	37	16423
182	-35	35	16458	182	-35	35	16458
183	-36	36	16494	183	-36	36	16494
184	-38	38	16532	184	-38	38	16532
185	-25	25	16557	185	-25	25	16557
186	-35	35	16592	186	-35	35	16592
187	-58	58	16650	187	-58	58	16650
188	-27	27	16677	188	-27	27	16677
189	-38	38	16715	189	-38	38	16715
190	-37	37	16752	190	-37	37	16752
191	-45	45	16797	191	-45	45	16797
192	-31	31	16828	192	-31	31	16828
193	-37	37	16865	193	-37	37	16865
194	-28	28	16893	194	-28	28	16893
195	-159	60	16953	195	-159	60	16953
196	-23	23	16976	196	-23	23	16976
197	-164	65	17041	197	-164	65	17041
198	-36	36	17077	198	-36	36	17077
199	-23	23	17100	199	-23	23	17100
200	-40	40	17140	200	-40	40	17140
201	-19	19	17159	201	-19	19	17159
202	-39	39	17198	202	-39	39	17198
203	-28	28	17226	203	-28	28	17226
204	-46	46	17272	204	-46	46	17272
205	-31	31	17303	205	-31	31	17303
206	-40	40	17343	206	-40	40	17343
207	-26	26	17369	207	-26	26	17369
208	-40	40	17409	208	-40	40	17409
209	-31	31	17440	209	-31	31	17440
210	-38	38	17478	210	-38	38	17478
211	-26	26	17504	211	-26	26	17504
212	-27	27	17531	212	-27	27	17531
213	-23	23	17554	213	-23	23	17554
214	-25	25	17579	214	-25	25	17579
215	-37	37	17616	215	-37	37	17616
216	-148	49	17665	216	-148	49	17665
217	-25	25	17690	217	-25	25	17690
218	-35	35	17725	218	-35	35	17725
219	-31	31	17756	219	-31	31	17756
220	-160	61	17817	220	-160	61	17817
221	-168	69	17886	221	-168	69	17886
222	-31	31	17917	222	-31	31	17917
223	-125	26	17943	223	-125	26	17943
224	-26	26	17969	224	-26	26	17969
225	-33	33	18002	225	-33	33	18002
226	-39	39	18041	226	-39	39	18041
227	-156	57	18098	227	-156	57	18098
228	-44	44	18142	228	-44	44	18142
229	-272	74	18216	229	-272	74	18216
230	-31	31	18247	230	-31	31	18247
231	-25	25	18272	231	-25	25	18272
232	-21	21	18293	232	-21	21	18293
233	-22	22	18315	233	-22	22	18315
234	-31	31	18346	234	-31	31	18346
235	-35	35	18381	235	-35	35	18381
236	-148	49	18430	236	-148	49	18430
237	-23	23	18453	237	-23	23	18453
238	-29	29	18482	238	-29	29	18482
239	-33	33	18515	239	-33	33	18515
240	-34	34	18549	240	-34	34	18549
241	-21	21	18570	241	-21	21	18570
242	-132	33	18603	242	-132	33	18603
243	-43	43	18646	243	-43	43	18646
244	-47	47	18693	244	-47	47	18693
245	-18	18	18711	245	-18	18	18711
246	-127	28	18739	246	-127	28	18739
247	-26	26	18765	247	-26	26	18765
248	-122	23	18788	248	-122	23	18788
249	-33	33	18821	249	-33	33	18821
250	-42	42	18863	250	-42	42	18863
251	-30	30	18893	251	-30	30	18893
252	-45	45	18938	252	-45	45	18938
253	-154	55	18993	253	-154	55	18993
254	-36	36	19029	254	-36	36	19029
255	-21	21	19050	255	-21	21	19050
256	-36	36	19086	256	-36	36	19086
257	-37	37	19123	257	-37	37	19123
258	-33	33	19156	258	-33	33	19156
259	-39	39	19195	259	-39	39	19195
260	-26	26	19221	260	-26	26	19221
261	-135	36	19257	261	-135	36	19257
262	-21	21	19278	262	-21	21	19278
263	-36	36	19314	263	-36	36	19314
264	-36	36	19350	264	-36	36	19350
265	-17	17	19367	265	-17	17	19367
266	-38	38	19405	266	-38	38	19405
267	-25	25	19430	267	-25	25	19430
268	-36	36	19466	268	-36	36	19466
269	-141	42	19508	269	-141	42	19508
270	-41	41	19549	270	-41	41	19549
271	-34	34	19583	271	-34	34	19583
272	-29	29	19612	272	-29	29	19612
273	-23	23	19635	273	-23	23	19635
274	-28	28	19663	274	-28	28	19663
275	-23	23	19686	275	-23	23	19686
276	-25	25	19711	276	-25	25	19711
277	-27	27	19738	277	-27	27	19738
278	-29	29	19767	278	-29	29	19767
279	-31	31	19798	279	-31	31	19798
280	-32	32	19830	280	-32	32	19830
281	-28	28	19858	281	-28	28	19858
282	-27	27	19885	282	-27	27	19885
283	-23	23	19908	283	-23	23	19908
284	-33	33	19941	284	-33	33	19941
285	-31	31	19972	285	-31	31	19972
286	-25	25	19997	286	-25	25	19997
287	-31	31	20028	287	-31	31	20028
288	-23	23	20051	288	-23	23	20051
289	-31	31	20082	289	-31	31	20082
290	-28	28	20110	290	-28	28	20110
291	-152	53	20163	291	-152	53	20163
292	-28	28	20191	292	-28	28	20191
293	-24	24	20215	293	-24	24	20215
294	-125	26	20241	294	-125	26	20241
295	-21	21	20262	295	-21	21	20262
296	-44	44	20306	296	-44	44	20306
297	-26	26	20332	297	-26	26	20332
298	-23	23	20355	298	-23	23	20355
299	-43	43	20398	299	-43	43	20398
300	-17	17	20415	300	-17	17	20415
301	-17	17	20432	301	-17	17	20432
302	-35	35	20467	302	-35	35	20467
303	-131	32	20499	303	-131	32	20499
304	-21	21	20520	304	-21	21	20520
305	-36	36	20556	305	-36	36	20556
306	-34	34	20590	306	-34	34	20590
307	-25	25	20615	307	-25	25	20615
308	-37	37	20652	308	-37	37	20652
309	-26	26	20678	309	-26	26	20678
310	-22	22	20700	310	-22	22	20700
311	-32	32	20732	311	-32	32	20732
312	-124	25	20757	312	-124	25	20757
313	-135	36	20793	313	-135	36	20793
314	-127	28	20821	314	-127	28	20821
315	-34	34	20855	315	-34	34	20855
316	-22	22	20877	316	-22	22	20877
317	-25	25	20902	317	-25	25	20902
318	-142	43	20945	318	-142	43	20945
319	-23	23	20968	319	-23	23	20968
320	-27	27	20995	320	-27	27	20995
321	-26	26	21021	321	-26	26	21021
322	-19	19	21040	322	-19	19	21040
323	-27	27	21067	323	-27	27	21067
324	-28	28	21095	324	-28	28	21095
325	-17	17	21112	325	-17	17	21112
326	-27	27	21139	326	-27	27	21139
327	-31	31	21170	327	-31	31	21170
328	-23	23	21193	328	-23	23	21193
329	-28	28	21221	329	-28	28	21221
330	-26	26	21247	330	-26	26	21247
331	-19	19	21266	331	-19	19	21266
332	-25	25	21291	332	-25	25	21291
333	-138	39	21330	333	-138	39	21330
334	-20	20	21350	334	-20	20	21350
335	-31	31	21381	335	-31	31	21381
336	-23	23	21404	336	-23	23	21404
337	-25	25	21429	337	-25	25	21429
338	-26	26	21455	338	-26	26	21455
339	-17	17	21472	339	-17	17	21472
340	-29	29	21501	340	-29	29	21501
341	-48	48	21549	341	-48	48	21549
342	-31	31	21580	342	-31	31	21580
343	-35	35	21615	343	-35	35	21615
344	-27	27	21642	344	-27	27	21642
345	-28	28	21670	345	-28	28	21670
346	-249	51	21721	346	-249	51	21721
347	-33	33	21754	347	-33	33	21754
348	-120	21	21775	348	-120	21	21775
349	-122	23	21798	349	-122	23	21798
350	-23	23	21821	350	-23	23	21821
351	-17	17	21838	351	-17	17	21838
352	-19	19	21857	352	-19	19	21857
353	-27	27	21884	353	-27	27	21884
354	-27	27	21911	354	-27	27	21911
355	-27	27	21938	355	-27	27	21938
356	-28	28	21966	356	-28	28	21966
357	-17	17	21983	357	-17	17	21983
358	-17	17	22000	358	-17	17	22000
359	-23	23	22023	359	-23	23	22023
360	-29	29	22052	360	-29	29	22052
361	-17	17	22069	361	-17	17	22069
362	-127	28	22097	362	-127	28	22097
363	-33	33	22130	363	-33	33	22130
364	-21	21	22151	364	-21	21	22151
365	-122	23	22174	365	-122	23	22174
366	-22	22	22196	366	-22	22	22196
367	-25	25	22221	367	-25	25	22221
368	-32	32	22253	368	-32	32	22253
369	-19	19	22272	369	-19	19	22272
370	-32	32	22304	370	-32	32	22304
371	-24	24	22328	371	-24	24	22328
372	-24	24	22352	372	-24	24	22352
373	-24	24	22376	373	-24	24	22376
374	-21	21	22397	374	-21	21	22397
375	-21	21	22418	375	-21	21	22418
376	-25	25	22443	376	-25	25	22443
377	-27	27	22470	377	-27	27	22470
378	-36	36	22506	378	-36	36	22506
379	-21	21	22527	379	-21	21	22527
380	-147	48	22575	380	-147	48	22575
381	-23	23	22598	381	-23	23	22598
382	-33	33	22631	382	-33	33	22631
383	-21	21	22652	383	-21	21	22652
384	-27	27	22679	384	-27	27	22679
385	-27	27	22706	385	-27	27	22706
386	-22	22	22728	386	-22	22	22728
387	-23	23	22751	387	-23	23	22751
388	-19	19	22770	388	-19	19	22770
389	-40	40	22810	389	-40	40	22810
390	-20	20	22830	390	-20	20	22830
391	-119	20	22850	391	-119	20	22850
392	-19	19	22869	392	-19	19	22869
393	-32	32	22901	393	-32	32	22901
394	-19	19	22920	394	-19	19	22920
395	-32	32	22952	395	-32	32	22952
396	-28	28	22980	396	-28	28	22980
397	-27	27	23007	397	-27	27	23007
398	-36	36	23043	398	-36	36	23043
399	-22	22	23065	399	-22	22	23065
400	-33	33	23098	400	-33	33	23098
401	-20	20	23118	401	-20	20	23118
402	-24	24	23142	402	-24	24	23142
403	-25	25	23167	403	-25	25	23167
404	-17	17	23184	404	-17	17	23184
405	-23	23	23207	405	-23	23	23207
406	-25	25	23232	406	-25	25	23232
407	-19	19	23251	407	-19	19	23251
408	-18	18	23269	408	-18	18	23269
409	-29	29	23298	409	-29	29	23298
410	-27	27	23325	410	-27	27	23325
411	-18	18	23343	411	-18	18	23343
412	-23	23	23366	412	-23	23	23366
413	-21	21	23387	413	-21	21	23387
414	-15	15	23402	414	-15	15	23402
415	-17	17	23419	415	-17	17	23419
416	-25	25	23444	416	-25	25	23444
417	-23	23	23467	417	-23	23	23467
418	-30	30	23497	418	-30	30	23497
419	-33	33	23530	419	-33	33	23530
420	-25	25	23555	420	-25	25	23555
421	-23	23	23578	421	-23	23	23578
422	-128	29	23607	422	-128	29	23607
423	-29	29	23636	423	-29	29	23636
424	-21	21	23657	424	-21	21	23657
425	-19	19	23676	425	-19	19	23676
426	-17	17	23693	426	-17	17	23693
427	-17	17	23710	427	-17	17	23710
428	-25	25	23735	428	-25	25	23735
429	-19	19	23754	429	-19	19	23754
430	-21	21	23775	430	-21	21	23775
431	-29	29	23804	431	-29	29	23804
432	-42	42	23846	432	-42	42	23846
433	-27	27	23873	433	-27	27	23873
434	-21	21	23894	434	-21	21	23894
435	-21	21	23915	435	-21	21	23915
436	-19	19	23934	436	-19	19	23934
437	-35	35	23969	437	-35	35	23969
438	-17	17	23986	438	-17	17	23986
439	-23	23	24009	439	-23	23	24009
440	-17	17	24026	440	-17	17	24026
441	-19	19	24045	441	-19	19	24045
442	-19	19	24064	442	-19	19	24064
443	-17	17	24081	443	-17	17	24081
444	-17	17	24098	444	-17	17	24098
445	-19	19	24117	445	-19	19	24117
446	-117	18	24135	446	-117	18	24135
447	-15	15	24150	447	-15	15	24150
448	-26	26	24176	448	-26	26	24176
449	-26	26	24202	449	-26	26	24202
450	-28	28	24230	450	-28	28	24230
451	-17	17	24247	451	-17	17	24247
452	-19	19	24266	452	-19	19	24266
453	-129	30	24296	453	-129	30	24296
454	-21	21	24317	454	-21	21	24317
455	-18	18	24335	455	-18	18	24335
456	-17	17	24352	456	-17	17	24352
457	-23	23	24375	457	-23	23	24375
458	-27	27	24402	458	-27	27	24402
459	-30	30	24432	459	-30	30	24432
460	-23	23	24455	460	-23	23	24455
461	-25	25	24480	461	-25	25	24480
462	-119	20	24500	462	-119	20	24500
463	-29	29	24529	463	-29	29	24529
464	-25	25	24554	464	-25	25	24554
465	-25	25	24579	465	-25	25	24579
466	-22	22	24601	466	-22	22	24601
467	-21	21	24622	467	-21	21	24622
468	-15	15	24637	468	-15	15	24637
469	-18	18	24655	469	-18	18	24655
470	-15	15	24670	470	-15	15	24670
471	-125	26	24696	471	-125	26	24696
472	-23	23	24719	472	-23	23	24719
473	-17	17	24736	473	-17	17	24736
474	-25	25	24761	474	-25	25	24761
475	-19	19	24780	475	-19	19	24780
476	-23	23	24803	476	-23	23	24803
477	-19	19	24822	477	-19	19	24822
478	-21	21	24843	478	-21	21	24843
479	-17	17	24860	479	-17	17	24860
480	-15	15	24875	480	-15	15	24875
481	-23	23	24898	481	-23	23	24898
482	-22	22	24920	482	-22	22	24920
483	-21	21	24941	483	-21	21	24941
484	-115	16	24957	484	-115	16	24957
485	-23	23	24980	485	-23	23	24980
486	-25	25	25005	486	-25	25	25005
487	-17	17	25022	487	-17	17	25022
488	-20	20	25042	488	-20	20	25042
489	-15	15	25057	489	-15	15	25057
490	-27	27	25084	490	-27	27	25084
491	-24	24	25108	491	-24	24	25108
492	-22	22	25130	492	-22	22	25130
493	-17	17	25147	493	-17	17	25147
494	-15	15	25162	494	-15	15	25162
495	-28	28	25190	495	-28	28	25190
496	-18	18	25208	496	-18	18	25208
497	-15	15	25223	497	-15	15	25223
498	-27	27	25250	498	-27	27	25250
499	-15	15	25265	499	-15	15	25265
