Episode	Accumulated Reward	Length	Steps	Episode	Accumulated Reward	Length	Steps
0	-23	23	23	0	-23	23	23
1	-21	21	44	1	-21	21	44
2	-23	23	67	2	-23	23	67
3	-25	25	92	3	-25	25	92
4	-134	35	127	4	-134	35	127
5	-27	27	154	5	-27	27	154
6	-125	26	180	6	-125	26	180
7	-32	32	212	7	-32	32	212
8	-134	35	247	8	-134	35	247
9	-23	23	270	9	-23	23	270
10	-25	25	295	10	-25	25	295
11	-37	37	332	11	-37	37	332
12	-21	21	353	12	-21	21	353
13	-23	23	376	13	-23	23	376
14	-21	21	397	14	-21	21	397
15	-20	20	417	15	-20	20	417
16	-29	29	446	16	-29	29	446
17	-19	19	465	17	-19	19	465
18	-17	17	482	18	-17	17	482
19	-20	20	502	19	-20	20	502
20	-40	40	542	20	-40	40	542
21	-124	25	567	21	-124	25	567
22	-19	19	586	22	-19	19	586
23	-17	17	603	23	-17	17	603
24	-19	19	622	24	-19	19	622
25	-30	30	652	25	-30	30	652
26	-23	23	675	26	-23	23	675
27	-23	23	698	27	-23	23	698
28	-21	21	719	28	-21	21	719
29	-23	23	742	29	-23	23	742
30	-15	15	757	30	-15	15	757
31	-17	17	774	31	-17	17	774
32	-27	27	801	32	-27	27	801
33	-18	18	819	33	-18	18	819
34	-19	19	838	34	-19	19	838
35	-21	21	859	35	-21	21	859
36	-19	19	878	36	-19	19	878
37	-29	29	907	37	-29	29	907
38	-27	27	934	38	-27	27	934
39	-17	17	951	39	-17	17	951
40	-19	19	970	40	-19	19	970
41	-21	21	991	41	-21	21	991
42	-22	22	1013	42	-22	22	1013
43	-19	19	1032	43	-19	19	1032
44	-17	17	1049	44	-17	17	1049
45	-25	25	1074	45	-25	25	1074
46	-17	17	1091	46	-17	17	1091
47	-25	25	1116	47	-25	25	1116
48	-25	25	1141	48	-25	25	1141
49	-26	26	1167	49	-26	26	1167
50	-27	27	1194	50	-27	27	1194
51	-25	25	1219	51	-25	25	1219
52	-31	31	1250	52	-31	31	1250
53	-23	23	1273	53	-23	23	1273
54	-23	23	1296	54	-23	23	1296
55	-29	29	1325	55	-29	29	1325
56	-28	28	1353	56	-28	28	1353
57	-21	21	1374	57	-21	21	1374
58	-21	21	1395	58	-21	21	1395
59	-23	23	1418	59	-23	23	1418
60	-21	21	1439	60	-21	21	1439
61	-19	19	1458	61	-19	19	1458
62	-21	21	1479	62	-21	21	1479
63	-19	19	1498	63	-19	19	1498
64	-23	23	1521	64	-23	23	1521
65	-19	19	1540	65	-19	19	1540
66	-19	19	1559	66	-19	19	1559
67	-17	17	1576	67	-17	17	1576
68	-27	27	1603	68	-27	27	1603
69	-17	17	1620	69	-17	17	1620
70	-19	19	1639	70	-19	19	1639
71	-15	15	1654	71	-15	15	1654
72	-17	17	1671	72	-17	17	1671
73	-33	33	1704	73	-33	33	1704
74	-28	28	1732	74	-28	28	1732
75	-17	17	1749	75	-17	17	1749
76	-23	23	1772	76	-23	23	1772
77	-21	21	1793	77	-21	21	1793
78	-19	19	1812	78	-19	19	1812
79	-22	22	1834	79	-22	22	1834
80	-18	18	1852	80	-18	18	1852
81	-19	19	1871	81	-19	19	1871
82	-21	21	1892	82	-21	21	1892
83	-23	23	1915	83	-23	23	1915
84	-18	18	1933	84	-18	18	1933
85	-19	19	1952	85	-19	19	1952
86	-21	21	1973	86	-21	21	1973
87	-17	17	1990	87	-17	17	1990
88	-21	21	2011	88	-21	21	2011
89	-19	19	2030	89	-19	19	2030
90	-21	21	2051	90	-21	21	2051
91	-15	15	2066	91	-15	15	2066
92	-15	15	2081	92	-15	15	2081
93	-19	19	2100	93	-19	19	2100
94	-24	24	2124	94	-24	24	2124
95	-115	16	2140	95	-115	16	2140
96	-17	17	2157	96	-17	17	2157
97	-21	21	2178	97	-21	21	2178
98	-18	18	2196	98	-18	18	2196
99	-21	21	2217	99	-21	21	2217
100	-24	24	2241	100	-24	24	2241
101	-20	20	2261	101	-20	20	2261
102	-27	27	2288	102	-27	27	2288
103	-16	16	2304	103	-16	16	2304
104	-17	17	2321	104	-17	17	2321
105	-17	17	2338	105	-17	17	2338
106	-21	21	2359	106	-21	21	2359
107	-17	17	2376	107	-17	17	2376
108	-19	19	2395	108	-19	19	2395
109	-17	17	2412	109	-17	17	2412
110	-24	24	2436	110	-24	24	2436
111	-16	16	2452	111	-16	16	2452
112	-17	17	2469	112	-17	17	2469
113	-17	17	2486	113	-17	17	2486
114	-15	15	2501	114	-15	15	2501
115	-23	23	2524	115	-23	23	2524
116	-21	21	2545	116	-21	21	2545
117	-17	17	2562	117	-17	17	2562
118	-131	32	2594	118	-131	32	2594
119	-21	21	2615	119	-21	21	2615
120	-21	21	2636	120	-21	21	2636
121	-17	17	2653	121	-17	17	2653
122	-19	19	2672	122	-19	19	2672
123	-17	17	2689	123	-17	17	2689
124	-18	18	2707	124	-18	18	2707
125	-18	18	2725	125	-18	18	2725
126	-17	17	2742	126	-17	17	2742
127	-15	15	2757	127	-15	15	2757
128	-115	16	2773	128	-115	16	2773
129	-19	19	2792	129	-19	19	2792
130	-15	15	2807	130	-15	15	2807
131	-18	18	2825	131	-18	18	2825
132	-15	15	2840	132	-15	15	2840
133	-17	17	2857	133	-17	17	2857
134	-121	22	2879	134	-121	22	2879
135	-16	16	2895	135	-16	16	2895
136	-19	19	2914	136	-19	19	2914
137	-21	21	2935	137	-21	21	2935
138	-15	15	2950	138	-15	15	2950
139	-19	19	2969	139	-19	19	2969
140	-17	17	2986	140	-17	17	2986
141	-15	15	3001	141	-15	15	3001
142	-19	19	3020	142	-19	19	3020
143	-16	16	3036	143	-16	16	3036
144	-20	20	3056	144	-20	20	3056
145	-19	19	3075	145	-19	19	3075
146	-15	15	3090	146	-15	15	3090
147	-15	15	3105	147	-15	15	3105
148	-15	15	3120	148	-15	15	3120
149	-21	21	3141	149	-21	21	3141
150	-16	16	3157	150	-16	16	3157
151	-21	21	3178	151	-21	21	3178
152	-15	15	3193	152	-15	15	3193
153	-15	15	3208	153	-15	15	3208
154	-19	19	3227	154	-19	19	3227
155	-15	15	3242	155	-15	15	3242
156	-15	15	3257	156	-15	15	3257
157	-19	19	3276	157	-19	19	3276
158	-16	16	3292	158	-16	16	3292
159	-19	19	3311	159	-19	19	3311
160	-18	18	3329	160	-18	18	3329
161	-17	17	3346	161	-17	17	3346
162	-19	19	3365	162	-19	19	3365
163	-15	15	3380	163	-15	15	3380
164	-27	27	3407	164	-27	27	3407
165	-17	17	3424	165	-17	17	3424
166	-17	17	3441	166	-17	17	3441
167	-16	16	3457	167	-16	16	3457
168	-15	15	3472	168	-15	15	3472
169	-17	17	3489	169	-17	17	3489
170	-15	15	3504	170	-15	15	3504
171	-23	23	3527	171	-23	23	3527
172	-25	25	3552	172	-25	25	3552
173	-17	17	3569	173	-17	17	3569
174	-19	19	3588	174	-19	19	3588
175	-19	19	3607	175	-19	19	3607
176	-17	17	3624	176	-17	17	3624
177	-15	15	3639	177	-15	15	3639
178	-17	17	3656	178	-17	17	3656
179	-19	19	3675	179	-19	19	3675
180	-19	19	3694	180	-19	19	3694
181	-15	15	3709	181	-15	15	3709
182	-15	15	3724	182	-15	15	3724
183	-18	18	3742	183	-18	18	3742
184	-17	17	3759	184	-17	17	3759
185	-15	15	3774	185	-15	15	3774
186	-19	19	3793	186	-19	19	3793
187	-15	15	3808	187	-15	15	3808
188	-20	20	3828	188	-20	20	3828
189	-21	21	3849	189	-21	21	3849
190	-17	17	3866	190	-17	17	3866
191	-15	15	3881	191	-15	15	3881
192	-17	17	3898	192	-17	17	3898
193	-16	16	3914	193	-16	16	3914
194	-19	19	3933	194	-19	19	3933
195	-15	15	3948	195	-15	15	3948
196	-15	15	3963	196	-15	15	3963
197	-15	15	3978	197	-15	15	3978
198	-16	16	3994	198	-16	16	3994
199	-21	21	4015	199	-21	21	4015
