Episode	Accumulated Reward	Length	Steps	Episode	Accumulated Reward	Length	Steps	Episode	Accumulated Reward	Length	Steps	Episode	Accumulated Reward	Length	Steps	Episode	Accumulated Reward	Length	Steps	Episode	Accumulated Reward	Length	Steps	Episode	Accumulated Reward	Length	Steps
0	-200.0	200	200	0	-200.0	200	200	0	-200.0	200	200	0	-200.0	200	200	0	-200.0	200	200	0	-200.0	200	200	0	-200.0	200	200
1	-200.0	200	400	1	-200.0	200	400	1	-200.0	200	400	1	-200.0	200	400	1	-200.0	200	400	1	-200.0	200	400	1	-200.0	200	400
2	-200.0	200	600	2	-200.0	200	600	2	-200.0	200	600	2	-200.0	200	600	2	-200.0	200	600	2	-200.0	200	600	2	-200.0	200	600
3	-200.0	200	800	3	-200.0	200	800	3	-200.0	200	800	3	-200.0	200	800	3	-200.0	200	800	3	-200.0	200	800	3	-200.0	200	800
4	-200.0	200	1000	4	-200.0	200	1000	4	-200.0	200	1000	4	-200.0	200	1000	4	-200.0	200	1000	4	-200.0	200	1000	4	-200.0	200	1000
5	-200.0	200	1200	5	-200.0	200	1200	5	-200.0	200	1200	5	-200.0	200	1200	5	-200.0	200	1200	5	-200.0	200	1200	5	-200.0	200	1200
6	-200.0	200	1400	6	-200.0	200	1400	6	-200.0	200	1400	6	-200.0	200	1400	6	-200.0	200	1400	6	-200.0	200	1400	6	-200.0	200	1400
7	-200.0	200	1600	7	-200.0	200	1600	7	-200.0	200	1600	7	-200.0	200	1600	7	-200.0	200	1600	7	-200.0	200	1600	7	-200.0	200	1600
8	-200.0	200	1800	8	-200.0	200	1800	8	-200.0	200	1800	8	-200.0	200	1800	8	-200.0	200	1800	8	-200.0	200	1800	8	-200.0	200	1800
9	-200.0	200	2000	9	-200.0	200	2000	9	-200.0	200	2000	9	-200.0	200	2000	9	-200.0	200	2000	9	-200.0	200	2000	9	-200.0	200	2000
10	-200.0	200	2200	10	-200.0	200	2200	10	-200.0	200	2200	10	-200.0	200	2200	10	-200.0	200	2200	10	-200.0	200	2200	10	-200.0	200	2200
11	-200.0	200	2400	11	-200.0	200	2400	11	-200.0	200	2400	11	-200.0	200	2400	11	-200.0	200	2400	11	-200.0	200	2400	11	-200.0	200	2400
12	-200.0	200	2600	12	-200.0	200	2600	12	-200.0	200	2600	12	-200.0	200	2600	12	-200.0	200	2600	12	-200.0	200	2600	12	-200.0	200	2600
13	-200.0	200	2800	13	-200.0	200	2800	13	-200.0	200	2800	13	-200.0	200	2800	13	-200.0	200	2800	13	-200.0	200	2800	13	-200.0	200	2800
14	-200.0	200	3000	14	-200.0	200	3000	14	-200.0	200	3000	14	-200.0	200	3000	14	-200.0	200	3000	14	-200.0	200	3000	14	-200.0	200	3000
15	-200.0	200	3200	15	-200.0	200	3200	15	-200.0	200	3200	15	-200.0	200	3200	15	-200.0	200	3200	15	-200.0	200	3200	15	-200.0	200	3200
16	-200.0	200	3400	16	-200.0	200	3400	16	-200.0	200	3400	16	-200.0	200	3400	16	-200.0	200	3400	16	-200.0	200	3400	16	-200.0	200	3400
17	-200.0	200	3600	17	-200.0	200	3600	17	-200.0	200	3600	17	-200.0	200	3600	17	-200.0	200	3600	17	-200.0	200	3600	17	-200.0	200	3600
18	-200.0	200	3800	18	-200.0	200	3800	18	-200.0	200	3800	18	-200.0	200	3800	18	-200.0	200	3800	18	-200.0	200	3800	18	-200.0	200	3800
19	-145.0	145	3945	19	-145.0	145	3945	19	-145.0	145	3945	19	-145.0	145	3945	19	-145.0	145	3945	19	-145.0	145	3945	19	-145.0	145	3945
20	-200.0	200	4145	20	-200.0	200	4145	20	-200.0	200	4145	20	-200.0	200	4145	20	-200.0	200	4145	20	-200.0	200	4145	20	-200.0	200	4145
21	-191.0	191	4336	21	-191.0	191	4336	21	-191.0	191	4336	21	-191.0	191	4336	21	-191.0	191	4336	21	-191.0	191	4336	21	-191.0	191	4336
22	-188.0	188	4524	22	-188.0	188	4524	22	-188.0	188	4524	22	-188.0	188	4524	22	-188.0	188	4524	22	-188.0	188	4524	22	-188.0	188	4524
23	-190.0	190	4714	23	-190.0	190	4714	23	-190.0	190	4714	23	-190.0	190	4714	23	-190.0	190	4714	23	-190.0	190	4714	23	-190.0	190	4714
24	-200.0	200	4914	24	-200.0	200	4914	24	-200.0	200	4914	24	-200.0	200	4914	24	-200.0	200	4914	24	-200.0	200	4914	24	-200.0	200	4914
25	-181.0	181	5095	25	-181.0	181	5095	25	-181.0	181	5095	25	-181.0	181	5095	25	-181.0	181	5095	25	-181.0	181	5095	25	-181.0	181	5095
26	-195.0	195	5290	26	-195.0	195	5290	26	-195.0	195	5290	26	-195.0	195	5290	26	-195.0	195	5290	26	-195.0	195	5290	26	-195.0	195	5290
27	-158.0	158	5448	27	-158.0	158	5448	27	-158.0	158	5448	27	-158.0	158	5448	27	-158.0	158	5448	27	-158.0	158	5448	27	-158.0	158	5448
28	-200.0	200	5648	28	-200.0	200	5648	28	-200.0	200	5648	28	-200.0	200	5648	28	-200.0	200	5648	28	-200.0	200	5648	28	-200.0	200	5648
29	-200.0	200	5848	29	-200.0	200	5848	29	-200.0	200	5848	29	-200.0	200	5848	29	-200.0	200	5848	29	-200.0	200	5848	29	-200.0	200	5848
30	-200.0	200	6048	30	-200.0	200	6048	30	-200.0	200	6048	30	-200.0	200	6048	30	-200.0	200	6048	30	-200.0	200	6048	30	-200.0	200	6048
31	-194.0	194	6242	31	-194.0	194	6242	31	-194.0	194	6242	31	-194.0	194	6242	31	-194.0	194	6242	31	-194.0	194	6242	31	-194.0	194	6242
32	-200.0	200	6442	32	-200.0	200	6442	32	-200.0	200	6442	32	-200.0	200	6442	32	-200.0	200	6442	32	-200.0	200	6442	32	-200.0	200	6442
33	-158.0	158	6600	33	-158.0	158	6600	33	-158.0	158	6600	33	-158.0	158	6600	33	-158.0	158	6600	33	-158.0	158	6600	33	-158.0	158	6600
34	-148.0	148	6748	34	-148.0	148	6748	34	-148.0	148	6748	34	-148.0	148	6748	34	-148.0	148	6748	34	-148.0	148	6748	34	-148.0	148	6748
35	-142.0	142	6890	35	-142.0	142	6890	35	-142.0	142	6890	35	-142.0	142	6890	35	-142.0	142	6890	35	-142.0	142	6890	35	-142.0	142	6890
36	-145.0	145	7035	36	-145.0	145	7035	36	-145.0	145	7035	36	-145.0	145	7035	36	-145.0	145	7035	36	-145.0	145	7035	36	-145.0	145	7035
37	-189.0	189	7224	37	-189.0	189	7224	37	-189.0	189	7224	37	-189.0	189	7224	37	-189.0	189	7224	37	-189.0	189	7224	37	-189.0	189	7224
38	-157.0	157	7381	38	-157.0	157	7381	38	-157.0	157	7381	38	-157.0	157	7381	38	-157.0	157	7381	38	-157.0	157	7381	38	-157.0	157	7381
39	-200.0	200	7581	39	-200.0	200	7581	39	-200.0	200	7581	39	-200.0	200	7581	39	-200.0	200	7581	39	-200.0	200	7581	39	-200.0	200	7581
40	-171.0	171	7752	40	-171.0	171	7752	40	-171.0	171	7752	40	-171.0	171	7752	40	-171.0	171	7752	40	-171.0	171	7752	40	-171.0	171	7752
41	-192.0	192	7944	41	-192.0	192	7944	41	-192.0	192	7944	41	-192.0	192	7944	41	-192.0	192	7944	41	-192.0	192	7944	41	-192.0	192	7944
42	-117.0	117	8061	42	-117.0	117	8061	42	-117.0	117	8061	42	-117.0	117	8061	42	-117.0	117	8061	42	-117.0	117	8061	42	-117.0	117	8061
43	-112.0	112	8173	43	-112.0	112	8173	43	-112.0	112	8173	43	-112.0	112	8173	43	-112.0	112	8173	43	-112.0	112	8173	43	-112.0	112	8173
44	-166.0	166	8339	44	-166.0	166	8339	44	-166.0	166	8339	44	-166.0	166	8339	44	-166.0	166	8339	44	-166.0	166	8339	44	-166.0	166	8339
45	-189.0	189	8528	45	-189.0	189	8528	45	-189.0	189	8528	45	-189.0	189	8528	45	-189.0	189	8528	45	-189.0	189	8528	45	-189.0	189	8528
46	-109.0	109	8637	46	-109.0	109	8637	46	-109.0	109	8637	46	-109.0	109	8637	46	-109.0	109	8637	46	-109.0	109	8637	46	-109.0	109	8637
47	-151.0	151	8788	47	-151.0	151	8788	47	-151.0	151	8788	47	-151.0	151	8788	47	-151.0	151	8788	47	-151.0	151	8788	47	-151.0	151	8788
48	-157.0	157	8945	48	-157.0	157	8945	48	-157.0	157	8945	48	-157.0	157	8945	48	-157.0	157	8945	48	-157.0	157	8945	48	-157.0	157	8945
49	-173.0	173	9118	49	-173.0	173	9118	49	-173.0	173	9118	49	-173.0	173	9118	49	-173.0	173	9118	49	-173.0	173	9118	49	-173.0	173	9118
50	-154.0	154	9272	50	-154.0	154	9272	50	-154.0	154	9272	50	-154.0	154	9272	50	-154.0	154	9272	50	-154.0	154	9272	50	-154.0	154	9272
51	-149.0	149	9421	51	-149.0	149	9421	51	-149.0	149	9421	51	-149.0	149	9421	51	-149.0	149	9421	51	-149.0	149	9421	51	-149.0	149	9421
52	-152.0	152	9573	52	-152.0	152	9573	52	-152.0	152	9573	52	-152.0	152	9573	52	-152.0	152	9573	52	-152.0	152	9573	52	-152.0	152	9573
53	-154.0	154	9727	53	-154.0	154	9727	53	-154.0	154	9727	53	-154.0	154	9727	53	-154.0	154	9727	53	-154.0	154	9727	53	-154.0	154	9727
54	-146.0	146	9873	54	-146.0	146	9873	54	-146.0	146	9873	54	-146.0	146	9873	54	-146.0	146	9873	54	-146.0	146	9873	54	-146.0	146	9873
55	-149.0	149	10022	55	-149.0	149	10022	55	-149.0	149	10022	55	-149.0	149	10022	55	-149.0	149	10022	55	-149.0	149	10022	55	-149.0	149	10022
56	-142.0	142	10164	56	-142.0	142	10164	56	-142.0	142	10164	56	-142.0	142	10164	56	-142.0	142	10164	56	-142.0	142	10164	56	-142.0	142	10164
57	-114.0	114	10278	57	-114.0	114	10278	57	-114.0	114	10278	57	-114.0	114	10278	57	-114.0	114	10278	57	-114.0	114	10278	57	-114.0	114	10278
58	-144.0	144	10422	58	-144.0	144	10422	58	-144.0	144	10422	58	-144.0	144	10422	58	-144.0	144	10422	58	-144.0	144	10422	58	-144.0	144	10422
59	-179.0	179	10601	59	-179.0	179	10601	59	-179.0	179	10601	59	-179.0	179	10601	59	-179.0	179	10601	59	-179.0	179	10601	59	-179.0	179	10601
60	-158.0	158	10759	60	-158.0	158	10759	60	-158.0	158	10759	60	-158.0	158	10759	60	-158.0	158	10759	60	-158.0	158	10759	60	-158.0	158	10759
61	-150.0	150	10909	61	-150.0	150	10909	61	-150.0	150	10909	61	-150.0	150	10909	61	-150.0	150	10909	61	-150.0	150	10909	61	-150.0	150	10909
62	-149.0	149	11058	62	-149.0	149	11058	62	-149.0	149	11058	62	-149.0	149	11058	62	-149.0	149	11058	62	-149.0	149	11058	62	-149.0	149	11058
63	-149.0	149	11207	63	-149.0	149	11207	63	-149.0	149	11207	63	-149.0	149	11207	63	-149.0	149	11207	63	-149.0	149	11207	63	-149.0	149	11207
64	-150.0	150	11357	64	-150.0	150	11357	64	-150.0	150	11357	64	-150.0	150	11357	64	-150.0	150	11357	64	-150.0	150	11357	64	-150.0	150	11357
65	-140.0	140	11497	65	-140.0	140	11497	65	-140.0	140	11497	65	-140.0	140	11497	65	-140.0	140	11497	65	-140.0	140	11497	65	-140.0	140	11497
66	-143.0	143	11640	66	-143.0	143	11640	66	-143.0	143	11640	66	-143.0	143	11640	66	-143.0	143	11640	66	-143.0	143	11640	66	-143.0	143	11640
67	-185.0	185	11825	67	-185.0	185	11825	67	-185.0	185	11825	67	-185.0	185	11825	67	-185.0	185	11825	67	-185.0	185	11825	67	-185.0	185	11825
68	-183.0	183	12008	68	-183.0	183	12008	68	-183.0	183	12008	68	-183.0	183	12008	68	-183.0	183	12008	68	-183.0	183	12008	68	-183.0	183	12008
69	-183.0	183	12191	69	-183.0	183	12191	69	-183.0	183	12191	69	-183.0	183	12191	69	-183.0	183	12191	69	-183.0	183	12191	69	-183.0	183	12191
70	-114.0	114	12305	70	-114.0	114	12305	70	-114.0	114	12305	70	-114.0	114	12305	70	-114.0	114	12305	70	-114.0	114	12305	70	-114.0	114	12305
71	-144.0	144	12449	71	-144.0	144	12449	71	-144.0	144	12449	71	-144.0	144	12449	71	-144.0	144	12449	71	-144.0	144	12449	71	-144.0	144	12449
72	-146.0	146	12595	72	-146.0	146	12595	72	-146.0	146	12595	72	-146.0	146	12595	72	-146.0	146	12595	72	-146.0	146	12595	72	-146.0	146	12595
73	-149.0	149	12744	73	-149.0	149	12744	73	-149.0	149	12744	73	-149.0	149	12744	73	-149.0	149	12744	73	-149.0	149	12744	73	-149.0	149	12744
74	-172.0	172	12916	74	-172.0	172	12916	74	-172.0	172	12916	74	-172.0	172	12916	74	-172.0	172	12916	74	-172.0	172	12916	74	-172.0	172	12916
75	-152.0	152	13068	75	-152.0	152	13068	75	-152.0	152	13068	75	-152.0	152	13068	75	-152.0	152	13068	75	-152.0	152	13068	75	-152.0	152	13068
76	-171.0	171	13239	76	-171.0	171	13239	76	-171.0	171	13239	76	-171.0	171	13239	76	-171.0	171	13239	76	-171.0	171	13239	76	-171.0	171	13239
77	-139.0	139	13378	77	-139.0	139	13378	77	-139.0	139	13378	77	-139.0	139	13378	77	-139.0	139	13378	77	-139.0	139	13378	77	-139.0	139	13378
78	-134.0	134	13512	78	-134.0	134	13512	78	-134.0	134	13512	78	-134.0	134	13512	78	-134.0	134	13512	78	-134.0	134	13512	78	-134.0	134	13512
79	-120.0	120	13632	79	-120.0	120	13632	79	-120.0	120	13632	79	-120.0	120	13632	79	-120.0	120	13632	79	-120.0	120	13632	79	-120.0	120	13632
80	-122.0	122	13754	80	-122.0	122	13754	80	-122.0	122	13754	80	-122.0	122	13754	80	-122.0	122	13754	80	-122.0	122	13754	80	-122.0	122	13754
81	-150.0	150	13904	81	-150.0	150	13904	81	-150.0	150	13904	81	-150.0	150	13904	81	-150.0	150	13904	81	-150.0	150	13904	81	-150.0	150	13904
82	-138.0	138	14042	82	-138.0	138	14042	82	-138.0	138	14042	82	-138.0	138	14042	82	-138.0	138	14042	82	-138.0	138	14042	82	-138.0	138	14042
83	-143.0	143	14185	83	-143.0	143	14185	83	-143.0	143	14185	83	-143.0	143	14185	83	-143.0	143	14185	83	-143.0	143	14185	83	-143.0	143	14185
84	-143.0	143	14328	84	-143.0	143	14328	84	-143.0	143	14328	84	-143.0	143	14328	84	-143.0	143	14328	84	-143.0	143	14328	84	-143.0	143	14328
85	-123.0	123	14451	85	-123.0	123	14451	85	-123.0	123	14451	85	-123.0	123	14451	85	-123.0	123	14451	85	-123.0	123	14451	85	-123.0	123	14451
86	-153.0	153	14604	86	-153.0	153	14604	86	-153.0	153	14604	86	-153.0	153	14604	86	-153.0	153	14604	86	-153.0	153	14604	86	-153.0	153	14604
87	-159.0	159	14763	87	-159.0	159	14763	87	-159.0	159	14763	87	-159.0	159	14763	87	-159.0	159	14763	87	-159.0	159	14763	87	-159.0	159	14763
88	-181.0	181	14944	88	-181.0	181	14944	88	-181.0	181	14944	88	-181.0	181	14944	88	-181.0	181	14944	88	-181.0	181	14944	88	-181.0	181	14944
89	-119.0	119	15063	89	-119.0	119	15063	89	-119.0	119	15063	89	-119.0	119	15063	89	-119.0	119	15063	89	-119.0	119	15063	89	-119.0	119	15063
90	-148.0	148	15211	90	-148.0	148	15211	90	-148.0	148	15211	90	-148.0	148	15211	90	-148.0	148	15211	90	-148.0	148	15211	90	-148.0	148	15211
91	-114.0	114	15325	91	-114.0	114	15325	91	-114.0	114	15325	91	-114.0	114	15325	91	-114.0	114	15325	91	-114.0	114	15325	91	-114.0	114	15325
92	-147.0	147	15472	92	-147.0	147	15472	92	-147.0	147	15472	92	-147.0	147	15472	92	-147.0	147	15472	92	-147.0	147	15472	92	-147.0	147	15472
93	-144.0	144	15616	93	-144.0	144	15616	93	-144.0	144	15616	93	-144.0	144	15616	93	-144.0	144	15616	93	-144.0	144	15616	93	-144.0	144	15616
94	-149.0	149	15765	94	-149.0	149	15765	94	-149.0	149	15765	94	-149.0	149	15765	94	-149.0	149	15765	94	-149.0	149	15765	94	-149.0	149	15765
95	-145.0	145	15910	95	-145.0	145	15910	95	-145.0	145	15910	95	-145.0	145	15910	95	-145.0	145	15910	95	-145.0	145	15910	95	-145.0	145	15910
96	-143.0	143	16053	96	-143.0	143	16053	96	-143.0	143	16053	96	-143.0	143	16053	96	-143.0	143	16053	96	-143.0	143	16053	96	-143.0	143	16053
97	-141.0	141	16194	97	-141.0	141	16194	97	-141.0	141	16194	97	-141.0	141	16194	97	-141.0	141	16194	97	-141.0	141	16194	97	-141.0	141	16194
98	-138.0	138	16332	98	-138.0	138	16332	98	-138.0	138	16332	98	-138.0	138	16332	98	-138.0	138	16332	98	-138.0	138	16332	98	-138.0	138	16332
99	-143.0	143	16475	99	-143.0	143	16475	99	-143.0	143	16475	99	-143.0	143	16475	99	-143.0	143	16475	99	-143.0	143	16475	99	-143.0	143	16475
100	-142.0	142	16617	100	-142.0	142	16617	100	-142.0	142	16617	100	-142.0	142	16617	100	-142.0	142	16617	100	-142.0	142	16617	100	-142.0	142	16617
101	-140.0	140	16757	101	-140.0	140	16757	101	-140.0	140	16757	101	-140.0	140	16757	101	-140.0	140	16757	101	-140.0	140	16757	101	-140.0	140	16757
102	-139.0	139	16896	102	-139.0	139	16896	102	-139.0	139	16896	102	-139.0	139	16896	102	-139.0	139	16896	102	-139.0	139	16896	102	-139.0	139	16896
103	-139.0	139	17035	103	-139.0	139	17035	103	-139.0	139	17035	103	-139.0	139	17035	103	-139.0	139	17035	103	-139.0	139	17035	103	-139.0	139	17035
104	-200.0	200	17235	104	-200.0	200	17235	104	-200.0	200	17235	104	-200.0	200	17235	104	-200.0	200	17235	104	-200.0	200	17235	104	-200.0	200	17235
105	-171.0	171	17406	105	-171.0	171	17406	105	-171.0	171	17406	105	-171.0	171	17406	105	-171.0	171	17406	105	-171.0	171	17406	105	-171.0	171	17406
106	-187.0	187	17593	106	-187.0	187	17593	106	-187.0	187	17593	106	-187.0	187	17593	106	-187.0	187	17593	106	-187.0	187	17593	106	-187.0	187	17593
107	-188.0	188	17781	107	-188.0	188	17781	107	-188.0	188	17781	107	-188.0	188	17781	107	-188.0	188	17781	107	-188.0	188	17781	107	-188.0	188	17781
108	-183.0	183	17964	108	-183.0	183	17964	108	-183.0	183	17964	108	-183.0	183	17964	108	-183.0	183	17964	108	-183.0	183	17964	108	-183.0	183	17964
109	-191.0	191	18155	109	-191.0	191	18155	109	-191.0	191	18155	109	-191.0	191	18155	109	-191.0	191	18155	109	-191.0	191	18155	109	-191.0	191	18155
110	-177.0	177	18332	110	-177.0	177	18332	110	-177.0	177	18332	110	-177.0	177	18332	110	-177.0	177	18332	110	-177.0	177	18332	110	-177.0	177	18332
111	-177.0	177	18509	111	-177.0	177	18509	111	-177.0	177	18509	111	-177.0	177	18509	111	-177.0	177	18509	111	-177.0	177	18509	111	-177.0	177	18509
112	-166.0	166	18675	112	-166.0	166	18675	112	-166.0	166	18675	112	-166.0	166	18675	112	-166.0	166	18675	112	-166.0	166	18675	112	-166.0	166	18675
113	-143.0	143	18818	113	-143.0	143	18818	113	-143.0	143	18818	113	-143.0	143	18818	113	-143.0	143	18818	113	-143.0	143	18818	113	-143.0	143	18818
114	-142.0	142	18960	114	-142.0	142	18960	114	-142.0	142	18960	114	-142.0	142	18960	114	-142.0	142	18960	114	-142.0	142	18960	114	-142.0	142	18960
115	-155.0	155	19115	115	-155.0	155	19115	115	-155.0	155	19115	115	-155.0	155	19115	115	-155.0	155	19115	115	-155.0	155	19115	115	-155.0	155	19115
116	-139.0	139	19254	116	-139.0	139	19254	116	-139.0	139	19254	116	-139.0	139	19254	116	-139.0	139	19254	116	-139.0	139	19254	116	-139.0	139	19254
117	-149.0	149	19403	117	-149.0	149	19403	117	-149.0	149	19403	117	-149.0	149	19403	117	-149.0	149	19403	117	-149.0	149	19403	117	-149.0	149	19403
118	-134.0	134	19537	118	-134.0	134	19537	118	-134.0	134	19537	118	-134.0	134	19537	118	-134.0	134	19537	118	-134.0	134	19537	118	-134.0	134	19537
119	-139.0	139	19676	119	-139.0	139	19676	119	-139.0	139	19676	119	-139.0	139	19676	119	-139.0	139	19676	119	-139.0	139	19676	119	-139.0	139	19676
120	-200.0	200	19876	120	-200.0	200	19876	120	-200.0	200	19876	120	-200.0	200	19876	120	-200.0	200	19876	120	-200.0	200	19876	120	-200.0	200	19876
121	-142.0	142	20018	121	-142.0	142	20018	121	-142.0	142	20018	121	-142.0	142	20018	121	-142.0	142	20018	121	-142.0	142	20018	121	-142.0	142	20018
122	-141.0	141	20159	122	-141.0	141	20159	122	-141.0	141	20159	122	-141.0	141	20159	122	-141.0	141	20159	122	-141.0	141	20159	122	-141.0	141	20159
123	-144.0	144	20303	123	-144.0	144	20303	123	-144.0	144	20303	123	-144.0	144	20303	123	-144.0	144	20303	123	-144.0	144	20303	123	-144.0	144	20303
124	-139.0	139	20442	124	-139.0	139	20442	124	-139.0	139	20442	124	-139.0	139	20442	124	-139.0	139	20442	124	-139.0	139	20442	124	-139.0	139	20442
125	-136.0	136	20578	125	-136.0	136	20578	125	-136.0	136	20578	125	-136.0	136	20578	125	-136.0	136	20578	125	-136.0	136	20578	125	-136.0	136	20578
126	-138.0	138	20716	126	-138.0	138	20716	126	-138.0	138	20716	126	-138.0	138	20716	126	-138.0	138	20716	126	-138.0	138	20716	126	-138.0	138	20716
127	-138.0	138	20854	127	-138.0	138	20854	127	-138.0	138	20854	127	-138.0	138	20854	127	-138.0	138	20854	127	-138.0	138	20854	127	-138.0	138	20854
128	-135.0	135	20989	128	-135.0	135	20989	128	-135.0	135	20989	128	-135.0	135	20989	128	-135.0	135	20989	128	-135.0	135	20989	128	-135.0	135	20989
129	-111.0	111	21100	129	-111.0	111	21100	129	-111.0	111	21100	129	-111.0	111	21100	129	-111.0	111	21100	129	-111.0	111	21100	129	-111.0	111	21100
130	-136.0	136	21236	130	-136.0	136	21236	130	-136.0	136	21236	130	-136.0	136	21236	130	-136.0	136	21236	130	-136.0	136	21236	130	-136.0	136	21236
131	-135.0	135	21371	131	-135.0	135	21371	131	-135.0	135	21371	131	-135.0	135	21371	131	-135.0	135	21371	131	-135.0	135	21371	131	-135.0	135	21371
132	-115.0	115	21486	132	-115.0	115	21486	132	-115.0	115	21486	132	-115.0	115	21486	132	-115.0	115	21486	132	-115.0	115	21486	132	-115.0	115	21486
133	-137.0	137	21623	133	-137.0	137	21623	133	-137.0	137	21623	133	-137.0	137	21623	133	-137.0	137	21623	133	-137.0	137	21623	133	-137.0	137	21623
134	-136.0	136	21759	134	-136.0	136	21759	134	-136.0	136	21759	134	-136.0	136	21759	134	-136.0	136	21759	134	-136.0	136	21759	134	-136.0	136	21759
135	-114.0	114	21873	135	-114.0	114	21873	135	-114.0	114	21873	135	-114.0	114	21873	135	-114.0	114	21873	135	-114.0	114	21873	135	-114.0	114	21873
136	-144.0	144	22017	136	-144.0	144	22017	136	-144.0	144	22017	136	-144.0	144	22017	136	-144.0	144	22017	136	-144.0	144	22017	136	-144.0	144	22017
137	-108.0	108	22125	137	-108.0	108	22125	137	-108.0	108	22125	137	-108.0	108	22125	137	-108.0	108	22125	137	-108.0	108	22125	137	-108.0	108	22125
138	-144.0	144	22269	138	-144.0	144	22269	138	-144.0	144	22269	138	-144.0	144	22269	138	-144.0	144	22269	138	-144.0	144	22269	138	-144.0	144	22269
139	-142.0	142	22411	139	-142.0	142	22411	139	-142.0	142	22411	139	-142.0	142	22411	139	-142.0	142	22411	139	-142.0	142	22411	139	-142.0	142	22411
140	-108.0	108	22519	140	-108.0	108	22519	140	-108.0	108	22519	140	-108.0	108	22519	140	-108.0	108	22519	140	-108.0	108	22519	140	-108.0	108	22519
141	-109.0	109	22628	141	-109.0	109	22628	141	-109.0	109	22628	141	-109.0	109	22628	141	-109.0	109	22628	141	-109.0	109	22628	141	-109.0	109	22628
142	-111.0	111	22739	142	-111.0	111	22739	142	-111.0	111	22739	142	-111.0	111	22739	142	-111.0	111	22739	142	-111.0	111	22739	142	-111.0	111	22739
143	-154.0	154	22893	143	-154.0	154	22893	143	-154.0	154	22893	143	-154.0	154	22893	143	-154.0	154	22893	143	-154.0	154	22893	143	-154.0	154	22893
144	-152.0	152	23045	144	-152.0	152	23045	144	-152.0	152	23045	144	-152.0	152	23045	144	-152.0	152	23045	144	-152.0	152	23045	144	-152.0	152	23045
145	-144.0	144	23189	145	-144.0	144	23189	145	-144.0	144	23189	145	-144.0	144	23189	145	-144.0	144	23189	145	-144.0	144	23189	145	-144.0	144	23189
146	-146.0	146	23335	146	-146.0	146	23335	146	-146.0	146	23335	146	-146.0	146	23335	146	-146.0	146	23335	146	-146.0	146	23335	146	-146.0	146	23335
147	-150.0	150	23485	147	-150.0	150	23485	147	-150.0	150	23485	147	-150.0	150	23485	147	-150.0	150	23485	147	-150.0	150	23485	147	-150.0	150	23485
148	-108.0	108	23593	148	-108.0	108	23593	148	-108.0	108	23593	148	-108.0	108	23593	148	-108.0	108	23593	148	-108.0	108	23593	148	-108.0	108	23593
149	-139.0	139	23732	149	-139.0	139	23732	149	-139.0	139	23732	149	-139.0	139	23732	149	-139.0	139	23732	149	-139.0	139	23732	149	-139.0	139	23732
150	-141.0	141	23873	150	-141.0	141	23873	150	-141.0	141	23873	150	-141.0	141	23873	150	-141.0	141	23873	150	-141.0	141	23873	150	-141.0	141	23873
151	-132.0	132	24005	151	-132.0	132	24005	151	-132.0	132	24005	151	-132.0	132	24005	151	-132.0	132	24005	151	-132.0	132	24005	151	-132.0	132	24005
152	-109.0	109	24114	152	-109.0	109	24114	152	-109.0	109	24114	152	-109.0	109	24114	152	-109.0	109	24114	152	-109.0	109	24114	152	-109.0	109	24114
153	-109.0	109	24223	153	-109.0	109	24223	153	-109.0	109	24223	153	-109.0	109	24223	153	-109.0	109	24223	153	-109.0	109	24223	153	-109.0	109	24223
154	-108.0	108	24331	154	-108.0	108	24331	154	-108.0	108	24331	154	-108.0	108	24331	154	-108.0	108	24331	154	-108.0	108	24331	154	-108.0	108	24331
155	-176.0	176	24507	155	-176.0	176	24507	155	-176.0	176	24507	155	-176.0	176	24507	155	-176.0	176	24507	155	-176.0	176	24507	155	-176.0	176	24507
156	-160.0	160	24667	156	-160.0	160	24667	156	-160.0	160	24667	156	-160.0	160	24667	156	-160.0	160	24667	156	-160.0	160	24667	156	-160.0	160	24667
157	-108.0	108	24775	157	-108.0	108	24775	157	-108.0	108	24775	157	-108.0	108	24775	157	-108.0	108	24775	157	-108.0	108	24775	157	-108.0	108	24775
158	-106.0	106	24881	158	-106.0	106	24881	158	-106.0	106	24881	158	-106.0	106	24881	158	-106.0	106	24881	158	-106.0	106	24881	158	-106.0	106	24881
159	-137.0	137	25018	159	-137.0	137	25018	159	-137.0	137	25018	159	-137.0	137	25018	159	-137.0	137	25018	159	-137.0	137	25018	159	-137.0	137	25018
160	-151.0	151	25169	160	-151.0	151	25169	160	-151.0	151	25169	160	-151.0	151	25169	160	-151.0	151	25169	160	-151.0	151	25169	160	-151.0	151	25169
161	-98.0	98	25267	161	-98.0	98	25267	161	-98.0	98	25267	161	-98.0	98	25267	161	-98.0	98	25267	161	-98.0	98	25267	161	-98.0	98	25267
162	-105.0	105	25372	162	-105.0	105	25372	162	-105.0	105	25372	162	-105.0	105	25372	162	-105.0	105	25372	162	-105.0	105	25372	162	-105.0	105	25372
163	-106.0	106	25478	163	-106.0	106	25478	163	-106.0	106	25478	163	-106.0	106	25478	163	-106.0	106	25478	163	-106.0	106	25478	163	-106.0	106	25478
164	-149.0	149	25627	164	-149.0	149	25627	164	-149.0	149	25627	164	-149.0	149	25627	164	-149.0	149	25627	164	-149.0	149	25627	164	-149.0	149	25627
165	-131.0	131	25758	165	-131.0	131	25758	165	-131.0	131	25758	165	-131.0	131	25758	165	-131.0	131	25758	165	-131.0	131	25758	165	-131.0	131	25758
166	-84.0	84	25842	166	-84.0	84	25842	166	-84.0	84	25842	166	-84.0	84	25842	166	-84.0	84	25842	166	-84.0	84	25842	166	-84.0	84	25842
167	-104.0	104	25946	167	-104.0	104	25946	167	-104.0	104	25946	167	-104.0	104	25946	167	-104.0	104	25946	167	-104.0	104	25946	167	-104.0	104	25946
168	-152.0	152	26098	168	-152.0	152	26098	168	-152.0	152	26098	168	-152.0	152	26098	168	-152.0	152	26098	168	-152.0	152	26098	168	-152.0	152	26098
169	-90.0	90	26188	169	-90.0	90	26188	169	-90.0	90	26188	169	-90.0	90	26188	169	-90.0	90	26188	169	-90.0	90	26188	169	-90.0	90	26188
170	-105.0	105	26293	170	-105.0	105	26293	170	-105.0	105	26293	170	-105.0	105	26293	170	-105.0	105	26293	170	-105.0	105	26293	170	-105.0	105	26293
171	-157.0	157	26450	171	-157.0	157	26450	171	-157.0	157	26450	171	-157.0	157	26450	171	-157.0	157	26450	171	-157.0	157	26450	171	-157.0	157	26450
172	-133.0	133	26583	172	-133.0	133	26583	172	-133.0	133	26583	172	-133.0	133	26583	172	-133.0	133	26583	172	-133.0	133	26583	172	-133.0	133	26583
173	-87.0	87	26670	173	-87.0	87	26670	173	-87.0	87	26670	173	-87.0	87	26670	173	-87.0	87	26670	173	-87.0	87	26670	173	-87.0	87	26670
174	-109.0	109	26779	174	-109.0	109	26779	174	-109.0	109	26779	174	-109.0	109	26779	174	-109.0	109	26779	174	-109.0	109	26779	174	-109.0	109	26779
175	-104.0	104	26883	175	-104.0	104	26883	175	-104.0	104	26883	175	-104.0	104	26883	175	-104.0	104	26883	175	-104.0	104	26883	175	-104.0	104	26883
176	-153.0	153	27036	176	-153.0	153	27036	176	-153.0	153	27036	176	-153.0	153	27036	176	-153.0	153	27036	176	-153.0	153	27036	176	-153.0	153	27036
177	-83.0	83	27119	177	-83.0	83	27119	177	-83.0	83	27119	177	-83.0	83	27119	177	-83.0	83	27119	177	-83.0	83	27119	177	-83.0	83	27119
178	-142.0	142	27261	178	-142.0	142	27261	178	-142.0	142	27261	178	-142.0	142	27261	178	-142.0	142	27261	178	-142.0	142	27261	178	-142.0	142	27261
179	-131.0	131	27392	179	-131.0	131	27392	179	-131.0	131	27392	179	-131.0	131	27392	179	-131.0	131	27392	179	-131.0	131	27392	179	-131.0	131	27392
180	-138.0	138	27530	180	-138.0	138	27530	180	-138.0	138	27530	180	-138.0	138	27530	180	-138.0	138	27530	180	-138.0	138	27530	180	-138.0	138	27530
181	-85.0	85	27615	181	-85.0	85	27615	181	-85.0	85	27615	181	-85.0	85	27615	181	-85.0	85	27615	181	-85.0	85	27615	181	-85.0	85	27615
182	-94.0	94	27709	182	-94.0	94	27709	182	-94.0	94	27709	182	-94.0	94	27709	182	-94.0	94	27709	182	-94.0	94	27709	182	-94.0	94	27709
183	-133.0	133	27842	183	-133.0	133	27842	183	-133.0	133	27842	183	-133.0	133	27842	183	-133.0	133	27842	183	-133.0	133	27842	183	-133.0	133	27842
184	-134.0	134	27976	184	-134.0	134	27976	184	-134.0	134	27976	184	-134.0	134	27976	184	-134.0	134	27976	184	-134.0	134	27976	184	-134.0	134	27976
185	-134.0	134	28110	185	-134.0	134	28110	185	-134.0	134	28110	185	-134.0	134	28110	185	-134.0	134	28110	185	-134.0	134	28110	185	-134.0	134	28110
186	-88.0	88	28198	186	-88.0	88	28198	186	-88.0	88	28198	186	-88.0	88	28198	186	-88.0	88	28198	186	-88.0	88	28198	186	-88.0	88	28198
187	-134.0	134	28332	187	-134.0	134	28332	187	-134.0	134	28332	187	-134.0	134	28332	187	-134.0	134	28332	187	-134.0	134	28332	187	-134.0	134	28332
188	-129.0	129	28461	188	-129.0	129	28461	188	-129.0	129	28461	188	-129.0	129	28461	188	-129.0	129	28461	188	-129.0	129	28461	188	-129.0	129	28461
189	-152.0	152	28613	189	-152.0	152	28613	189	-152.0	152	28613	189	-152.0	152	28613	189	-152.0	152	28613	189	-152.0	152	28613	189	-152.0	152	28613
190	-105.0	105	28718	190	-105.0	105	28718	190	-105.0	105	28718	190	-105.0	105	28718	190	-105.0	105	28718	190	-105.0	105	28718	190	-105.0	105	28718
191	-104.0	104	28822	191	-104.0	104	28822	191	-104.0	104	28822	191	-104.0	104	28822	191	-104.0	104	28822	191	-104.0	104	28822	191	-104.0	104	28822
192	-104.0	104	28926	192	-104.0	104	28926	192	-104.0	104	28926	192	-104.0	104	28926	192	-104.0	104	28926	192	-104.0	104	28926	192	-104.0	104	28926
193	-104.0	104	29030	193	-104.0	104	29030	193	-104.0	104	29030	193	-104.0	104	29030	193	-104.0	104	29030	193	-104.0	104	29030	193	-104.0	104	29030
194	-106.0	106	29136	194	-106.0	106	29136	194	-106.0	106	29136	194	-106.0	106	29136	194	-106.0	106	29136	194	-106.0	106	29136	194	-106.0	106	29136
195	-144.0	144	29280	195	-144.0	144	29280	195	-144.0	144	29280	195	-144.0	144	29280	195	-144.0	144	29280	195	-144.0	144	29280	195	-144.0	144	29280
196	-106.0	106	29386	196	-106.0	106	29386	196	-106.0	106	29386	196	-106.0	106	29386	196	-106.0	106	29386	196	-106.0	106	29386	196	-106.0	106	29386
197	-111.0	111	29497	197	-111.0	111	29497	197	-111.0	111	29497	197	-111.0	111	29497	197	-111.0	111	29497	197	-111.0	111	29497	197	-111.0	111	29497
198	-111.0	111	29608	198	-111.0	111	29608	198	-111.0	111	29608	198	-111.0	111	29608	198	-111.0	111	29608	198	-111.0	111	29608	198	-111.0	111	29608
199	-111.0	111	29719	199	-111.0	111	29719	199	-111.0	111	29719	199	-111.0	111	29719	199	-111.0	111	29719	199	-111.0	111	29719	199	-111.0	111	29719
200	-139.0	139	29858	200	-139.0	139	29858	200	-139.0	139	29858	200	-139.0	139	29858	200	-139.0	139	29858	200	-139.0	139	29858	200	-139.0	139	29858
201	-134.0	134	29992	201	-134.0	134	29992	201	-134.0	134	29992	201	-134.0	134	29992	201	-134.0	134	29992	201	-134.0	134	29992	201	-134.0	134	29992
202	-112.0	112	30104	202	-112.0	112	30104	202	-112.0	112	30104	202	-112.0	112	30104	202	-112.0	112	30104	202	-112.0	112	30104	202	-112.0	112	30104
203	-148.0	148	30252	203	-148.0	148	30252	203	-148.0	148	30252	203	-148.0	148	30252	203	-148.0	148	30252	203	-148.0	148	30252	203	-148.0	148	30252
204	-107.0	107	30359	204	-107.0	107	30359	204	-107.0	107	30359	204	-107.0	107	30359	204	-107.0	107	30359	204	-107.0	107	30359	204	-107.0	107	30359
205	-113.0	113	30472	205	-113.0	113	30472	205	-113.0	113	30472	205	-113.0	113	30472	205	-113.0	113	30472	205	-113.0	113	30472	205	-113.0	113	30472
206	-111.0	111	30583	206	-111.0	111	30583	206	-111.0	111	30583	206	-111.0	111	30583	206	-111.0	111	30583	206	-111.0	111	30583	206	-111.0	111	30583
207	-127.0	127	30710	207	-127.0	127	30710	207	-127.0	127	30710	207	-127.0	127	30710	207	-127.0	127	30710	207	-127.0	127	30710	207	-127.0	127	30710
208	-146.0	146	30856	208	-146.0	146	30856	208	-146.0	146	30856	208	-146.0	146	30856	208	-146.0	146	30856	208	-146.0	146	30856	208	-146.0	146	30856
209	-114.0	114	30970	209	-114.0	114	30970	209	-114.0	114	30970	209	-114.0	114	30970	209	-114.0	114	30970	209	-114.0	114	30970	209	-114.0	114	30970
210	-109.0	109	31079	210	-109.0	109	31079	210	-109.0	109	31079	210	-109.0	109	31079	210	-109.0	109	31079	210	-109.0	109	31079	210	-109.0	109	31079
211	-114.0	114	31193	211	-114.0	114	31193	211	-114.0	114	31193	211	-114.0	114	31193	211	-114.0	114	31193	211	-114.0	114	31193	211	-114.0	114	31193
212	-134.0	134	31327	212	-134.0	134	31327	212	-134.0	134	31327	212	-134.0	134	31327	212	-134.0	134	31327	212	-134.0	134	31327	212	-134.0	134	31327
213	-143.0	143	31470	213	-143.0	143	31470	213	-143.0	143	31470	213	-143.0	143	31470	213	-143.0	143	31470	213	-143.0	143	31470	213	-143.0	143	31470
214	-130.0	130	31600	214	-130.0	130	31600	214	-130.0	130	31600	214	-130.0	130	31600	214	-130.0	130	31600	214	-130.0	130	31600	214	-130.0	130	31600
215	-133.0	133	31733	215	-133.0	133	31733	215	-133.0	133	31733	215	-133.0	133	31733	215	-133.0	133	31733	215	-133.0	133	31733	215	-133.0	133	31733
216	-141.0	141	31874	216	-141.0	141	31874	216	-141.0	141	31874	216	-141.0	141	31874	216	-141.0	141	31874	216	-141.0	141	31874	216	-141.0	141	31874
217	-135.0	135	32009	217	-135.0	135	32009	217	-135.0	135	32009	217	-135.0	135	32009	217	-135.0	135	32009	217	-135.0	135	32009	217	-135.0	135	32009
218	-141.0	141	32150	218	-141.0	141	32150	218	-141.0	141	32150	218	-141.0	141	32150	218	-141.0	141	32150	218	-141.0	141	32150	218	-141.0	141	32150
219	-141.0	141	32291	219	-141.0	141	32291	219	-141.0	141	32291	219	-141.0	141	32291	219	-141.0	141	32291	219	-141.0	141	32291	219	-141.0	141	32291
220	-140.0	140	32431	220	-140.0	140	32431	220	-140.0	140	32431	220	-140.0	140	32431	220	-140.0	140	32431	220	-140.0	140	32431	220	-140.0	140	32431
221	-110.0	110	32541	221	-110.0	110	32541	221	-110.0	110	32541	221	-110.0	110	32541	221	-110.0	110	32541	221	-110.0	110	32541	221	-110.0	110	32541
222	-130.0	130	32671	222	-130.0	130	32671	222	-130.0	130	32671	222	-130.0	130	32671	222	-130.0	130	32671	222	-130.0	130	32671	222	-130.0	130	32671
223	-130.0	130	32801	223	-130.0	130	32801	223	-130.0	130	32801	223	-130.0	130	32801	223	-130.0	130	32801	223	-130.0	130	32801	223	-130.0	130	32801
224	-120.0	120	32921	224	-120.0	120	32921	224	-120.0	120	32921	224	-120.0	120	32921	224	-120.0	120	32921	224	-120.0	120	32921	224	-120.0	120	32921
225	-133.0	133	33054	225	-133.0	133	33054	225	-133.0	133	33054	225	-133.0	133	33054	225	-133.0	133	33054	225	-133.0	133	33054	225	-133.0	133	33054
226	-139.0	139	33193	226	-139.0	139	33193	226	-139.0	139	33193	226	-139.0	139	33193	226	-139.0	139	33193	226	-139.0	139	33193	226	-139.0	139	33193
227	-140.0	140	33333	227	-140.0	140	33333	227	-140.0	140	33333	227	-140.0	140	33333	227	-140.0	140	33333	227	-140.0	140	33333	227	-140.0	140	33333
228	-141.0	141	33474	228	-141.0	141	33474	228	-141.0	141	33474	228	-141.0	141	33474	228	-141.0	141	33474	228	-141.0	141	33474	228	-141.0	141	33474
229	-138.0	138	33612	229	-138.0	138	33612	229	-138.0	138	33612	229	-138.0	138	33612	229	-138.0	138	33612	229	-138.0	138	33612	229	-138.0	138	33612
230	-133.0	133	33745	230	-133.0	133	33745	230	-133.0	133	33745	230	-133.0	133	33745	230	-133.0	133	33745	230	-133.0	133	33745	230	-133.0	133	33745
231	-139.0	139	33884	231	-139.0	139	33884	231	-139.0	139	33884	231	-139.0	139	33884	231	-139.0	139	33884	231	-139.0	139	33884	231	-139.0	139	33884
232	-124.0	124	34008	232	-124.0	124	34008	232	-124.0	124	34008	232	-124.0	124	34008	232	-124.0	124	34008	232	-124.0	124	34008	232	-124.0	124	34008
233	-127.0	127	34135	233	-127.0	127	34135	233	-127.0	127	34135	233	-127.0	127	34135	233	-127.0	127	34135	233	-127.0	127	34135	233	-127.0	127	34135
234	-107.0	107	34242	234	-107.0	107	34242	234	-107.0	107	34242	234	-107.0	107	34242	234	-107.0	107	34242	234	-107.0	107	34242	234	-107.0	107	34242
235	-107.0	107	34349	235	-107.0	107	34349	235	-107.0	107	34349	235	-107.0	107	34349	235	-107.0	107	34349	235	-107.0	107	34349	235	-107.0	107	34349
236	-123.0	123	34472	236	-123.0	123	34472	236	-123.0	123	34472	236	-123.0	123	34472	236	-123.0	123	34472	236	-123.0	123	34472	236	-123.0	123	34472
237	-168.0	168	34640	237	-168.0	168	34640	237	-168.0	168	34640	237	-168.0	168	34640	237	-168.0	168	34640	237	-168.0	168	34640	237	-168.0	168	34640
238	-105.0	105	34745	238	-105.0	105	34745	238	-105.0	105	34745	238	-105.0	105	34745	238	-105.0	105	34745	238	-105.0	105	34745	238	-105.0	105	34745
239	-157.0	157	34902	239	-157.0	157	34902	239	-157.0	157	34902	239	-157.0	157	34902	239	-157.0	157	34902	239	-157.0	157	34902	239	-157.0	157	34902
240	-175.0	175	35077	240	-175.0	175	35077	240	-175.0	175	35077	240	-175.0	175	35077	240	-175.0	175	35077	240	-175.0	175	35077	240	-175.0	175	35077
241	-132.0	132	35209	241	-132.0	132	35209	241	-132.0	132	35209	241	-132.0	132	35209	241	-132.0	132	35209	241	-132.0	132	35209	241	-132.0	132	35209
242	-131.0	131	35340	242	-131.0	131	35340	242	-131.0	131	35340	242	-131.0	131	35340	242	-131.0	131	35340	242	-131.0	131	35340	242	-131.0	131	35340
243	-126.0	126	35466	243	-126.0	126	35466	243	-126.0	126	35466	243	-126.0	126	35466	243	-126.0	126	35466	243	-126.0	126	35466	243	-126.0	126	35466
244	-134.0	134	35600	244	-134.0	134	35600	244	-134.0	134	35600	244	-134.0	134	35600	244	-134.0	134	35600	244	-134.0	134	35600	244	-134.0	134	35600
245	-158.0	158	35758	245	-158.0	158	35758	245	-158.0	158	35758	245	-158.0	158	35758	245	-158.0	158	35758	245	-158.0	158	35758	245	-158.0	158	35758
246	-130.0	130	35888	246	-130.0	130	35888	246	-130.0	130	35888	246	-130.0	130	35888	246	-130.0	130	35888	246	-130.0	130	35888	246	-130.0	130	35888
247	-104.0	104	35992	247	-104.0	104	35992	247	-104.0	104	35992	247	-104.0	104	35992	247	-104.0	104	35992	247	-104.0	104	35992	247	-104.0	104	35992
248	-105.0	105	36097	248	-105.0	105	36097	248	-105.0	105	36097	248	-105.0	105	36097	248	-105.0	105	36097	248	-105.0	105	36097	248	-105.0	105	36097
249	-105.0	105	36202	249	-105.0	105	36202	249	-105.0	105	36202	249	-105.0	105	36202	249	-105.0	105	36202	249	-105.0	105	36202	249	-105.0	105	36202
250	-149.0	149	36351	250	-149.0	149	36351	250	-149.0	149	36351	250	-149.0	149	36351	250	-149.0	149	36351	250	-149.0	149	36351	250	-149.0	149	36351
251	-112.0	112	36463	251	-112.0	112	36463	251	-112.0	112	36463	251	-112.0	112	36463	251	-112.0	112	36463	251	-112.0	112	36463	251	-112.0	112	36463
252	-110.0	110	36573	252	-110.0	110	36573	252	-110.0	110	36573	252	-110.0	110	36573	252	-110.0	110	36573	252	-110.0	110	36573	252	-110.0	110	36573
253	-108.0	108	36681	253	-108.0	108	36681	253	-108.0	108	36681	253	-108.0	108	36681	253	-108.0	108	36681	253	-108.0	108	36681	253	-108.0	108	36681
254	-110.0	110	36791	254	-110.0	110	36791	254	-110.0	110	36791	254	-110.0	110	36791	254	-110.0	110	36791	254	-110.0	110	36791	254	-110.0	110	36791
255	-194.0	194	36985	255	-194.0	194	36985	255	-194.0	194	36985	255	-194.0	194	36985	255	-194.0	194	36985	255	-194.0	194	36985	255	-194.0	194	36985
256	-137.0	137	37122	256	-137.0	137	37122	256	-137.0	137	37122	256	-137.0	137	37122	256	-137.0	137	37122	256	-137.0	137	37122	256	-137.0	137	37122
257	-160.0	160	37282	257	-160.0	160	37282	257	-160.0	160	37282	257	-160.0	160	37282	257	-160.0	160	37282	257	-160.0	160	37282	257	-160.0	160	37282
258	-160.0	160	37442	258	-160.0	160	37442	258	-160.0	160	37442	258	-160.0	160	37442	258	-160.0	160	37442	258	-160.0	160	37442	258	-160.0	160	37442
259	-181.0	181	37623	259	-181.0	181	37623	259	-181.0	181	37623	259	-181.0	181	37623	259	-181.0	181	37623	259	-181.0	181	37623	259	-181.0	181	37623
260	-136.0	136	37759	260	-136.0	136	37759	260	-136.0	136	37759	260	-136.0	136	37759	260	-136.0	136	37759	260	-136.0	136	37759	260	-136.0	136	37759
261	-158.0	158	37917	261	-158.0	158	37917	261	-158.0	158	37917	261	-158.0	158	37917	261	-158.0	158	37917	261	-158.0	158	37917	261	-158.0	158	37917
262	-135.0	135	38052	262	-135.0	135	38052	262	-135.0	135	38052	262	-135.0	135	38052	262	-135.0	135	38052	262	-135.0	135	38052	262	-135.0	135	38052
263	-166.0	166	38218	263	-166.0	166	38218	263	-166.0	166	38218	263	-166.0	166	38218	263	-166.0	166	38218	263	-166.0	166	38218	263	-166.0	166	38218
264	-116.0	116	38334	264	-116.0	116	38334	264	-116.0	116	38334	264	-116.0	116	38334	264	-116.0	116	38334	264	-116.0	116	38334	264	-116.0	116	38334
265	-150.0	150	38484	265	-150.0	150	38484	265	-150.0	150	38484	265	-150.0	150	38484	265	-150.0	150	38484	265	-150.0	150	38484	265	-150.0	150	38484
266	-136.0	136	38620	266	-136.0	136	38620	266	-136.0	136	38620	266	-136.0	136	38620	266	-136.0	136	38620	266	-136.0	136	38620	266	-136.0	136	38620
267	-136.0	136	38756	267	-136.0	136	38756	267	-136.0	136	38756	267	-136.0	136	38756	267	-136.0	136	38756	267	-136.0	136	38756	267	-136.0	136	38756
268	-138.0	138	38894	268	-138.0	138	38894	268	-138.0	138	38894	268	-138.0	138	38894	268	-138.0	138	38894	268	-138.0	138	38894	268	-138.0	138	38894
269	-136.0	136	39030	269	-136.0	136	39030	269	-136.0	136	39030	269	-136.0	136	39030	269	-136.0	136	39030	269	-136.0	136	39030	269	-136.0	136	39030
270	-139.0	139	39169	270	-139.0	139	39169	270	-139.0	139	39169	270	-139.0	139	39169	270	-139.0	139	39169	270	-139.0	139	39169	270	-139.0	139	39169
271	-185.0	185	39354	271	-185.0	185	39354	271	-185.0	185	39354	271	-185.0	185	39354	271	-185.0	185	39354	271	-185.0	185	39354	271	-185.0	185	39354
272	-196.0	196	39550	272	-196.0	196	39550	272	-196.0	196	39550	272	-196.0	196	39550	272	-196.0	196	39550	272	-196.0	196	39550	272	-196.0	196	39550
273	-146.0	146	39696	273	-146.0	146	39696	273	-146.0	146	39696	273	-146.0	146	39696	273	-146.0	146	39696	273	-146.0	146	39696	273	-146.0	146	39696
274	-140.0	140	39836	274	-140.0	140	39836	274	-140.0	140	39836	274	-140.0	140	39836	274	-140.0	140	39836	274	-140.0	140	39836	274	-140.0	140	39836
275	-146.0	146	39982	275	-146.0	146	39982	275	-146.0	146	39982	275	-146.0	146	39982	275	-146.0	146	39982	275	-146.0	146	39982	275	-146.0	146	39982
276	-178.0	178	40160	276	-178.0	178	40160	276	-178.0	178	40160	276	-178.0	178	40160	276	-178.0	178	40160	276	-178.0	178	40160	276	-178.0	178	40160
277	-149.0	149	40309	277	-149.0	149	40309	277	-149.0	149	40309	277	-149.0	149	40309	277	-149.0	149	40309	277	-149.0	149	40309	277	-149.0	149	40309
278	-147.0	147	40456	278	-147.0	147	40456	278	-147.0	147	40456	278	-147.0	147	40456	278	-147.0	147	40456	278	-147.0	147	40456	278	-147.0	147	40456
279	-145.0	145	40601	279	-145.0	145	40601	279	-145.0	145	40601	279	-145.0	145	40601	279	-145.0	145	40601	279	-145.0	145	40601	279	-145.0	145	40601
280	-167.0	167	40768	280	-167.0	167	40768	280	-167.0	167	40768	280	-167.0	167	40768	280	-167.0	167	40768	280	-167.0	167	40768	280	-167.0	167	40768
281	-145.0	145	40913	281	-145.0	145	40913	281	-145.0	145	40913	281	-145.0	145	40913	281	-145.0	145	40913	281	-145.0	145	40913	281	-145.0	145	40913
282	-168.0	168	41081	282	-168.0	168	41081	282	-168.0	168	41081	282	-168.0	168	41081	282	-168.0	168	41081	282	-168.0	168	41081	282	-168.0	168	41081
283	-135.0	135	41216	283	-135.0	135	41216	283	-135.0	135	41216	283	-135.0	135	41216	283	-135.0	135	41216	283	-135.0	135	41216	283	-135.0	135	41216
284	-133.0	133	41349	284	-133.0	133	41349	284	-133.0	133	41349	284	-133.0	133	41349	284	-133.0	133	41349	284	-133.0	133	41349	284	-133.0	133	41349
285	-137.0	137	41486	285	-137.0	137	41486	285	-137.0	137	41486	285	-137.0	137	41486	285	-137.0	137	41486	285	-137.0	137	41486	285	-137.0	137	41486
286	-160.0	160	41646	286	-160.0	160	41646	286	-160.0	160	41646	286	-160.0	160	41646	286	-160.0	160	41646	286	-160.0	160	41646	286	-160.0	160	41646
287	-107.0	107	41753	287	-107.0	107	41753	287	-107.0	107	41753	287	-107.0	107	41753	287	-107.0	107	41753	287	-107.0	107	41753	287	-107.0	107	41753
288	-150.0	150	41903	288	-150.0	150	41903	288	-150.0	150	41903	288	-150.0	150	41903	288	-150.0	150	41903	288	-150.0	150	41903	288	-150.0	150	41903
289	-147.0	147	42050	289	-147.0	147	42050	289	-147.0	147	42050	289	-147.0	147	42050	289	-147.0	147	42050	289	-147.0	147	42050	289	-147.0	147	42050
290	-144.0	144	42194	290	-144.0	144	42194	290	-144.0	144	42194	290	-144.0	144	42194	290	-144.0	144	42194	290	-144.0	144	42194	290	-144.0	144	42194
291	-109.0	109	42303	291	-109.0	109	42303	291	-109.0	109	42303	291	-109.0	109	42303	291	-109.0	109	42303	291	-109.0	109	42303	291	-109.0	109	42303
292	-127.0	127	42430	292	-127.0	127	42430	292	-127.0	127	42430	292	-127.0	127	42430	292	-127.0	127	42430	292	-127.0	127	42430	292	-127.0	127	42430
293	-115.0	115	42545	293	-115.0	115	42545	293	-115.0	115	42545	293	-115.0	115	42545	293	-115.0	115	42545	293	-115.0	115	42545	293	-115.0	115	42545
294	-139.0	139	42684	294	-139.0	139	42684	294	-139.0	139	42684	294	-139.0	139	42684	294	-139.0	139	42684	294	-139.0	139	42684	294	-139.0	139	42684
295	-166.0	166	42850	295	-166.0	166	42850	295	-166.0	166	42850	295	-166.0	166	42850	295	-166.0	166	42850	295	-166.0	166	42850	295	-166.0	166	42850
296	-136.0	136	42986	296	-136.0	136	42986	296	-136.0	136	42986	296	-136.0	136	42986	296	-136.0	136	42986	296	-136.0	136	42986	296	-136.0	136	42986
297	-186.0	186	43172	297	-186.0	186	43172	297	-186.0	186	43172	297	-186.0	186	43172	297	-186.0	186	43172	297	-186.0	186	43172	297	-186.0	186	43172
298	-181.0	181	43353	298	-181.0	181	43353	298	-181.0	181	43353	298	-181.0	181	43353	298	-181.0	181	43353	298	-181.0	181	43353	298	-181.0	181	43353
299	-145.0	145	43498	299	-145.0	145	43498	299	-145.0	145	43498	299	-145.0	145	43498	299	-145.0	145	43498	299	-145.0	145	43498	299	-145.0	145	43498
