Episode	Accumulated Reward	Length	Steps	Episode	Accumulated Reward	Length	Steps	Episode	Accumulated Reward	Length	Steps	Episode	Accumulated Reward	Length	Steps	Episode	Accumulated Reward	Length	Steps	Episode	Accumulated Reward	Length	Steps	Episode	Accumulated Reward	Length	Steps	Episode	Accumulated Reward	Length	Steps	Episode	Accumulated Reward	Length	Steps	Episode	Accumulated Reward	Length	Steps	Episode	Accumulated Reward	Length	Steps	Episode	Accumulated Reward	Length	Steps	Episode	Accumulated Reward	Length	Steps
0	-1737	549	549	0	-1737	549	549	0	-1737	549	549	0	-1737	549	549	0	-1737	549	549	0	-1737	549	549	0	-1737	549	549	0	-1737	549	549	0	-1737	549	549	0	-1737	549	549	0	-1737	549	549	0	-1737	549	549	0	-1737	549	549
1	-706	409	958	1	-706	409	958	1	-706	409	958	1	-706	409	958	1	-706	409	958	1	-706	409	958	1	-706	409	958	1	-706	409	958	1	-706	409	958	1	-706	409	958	1	-706	409	958	1	-706	409	958	1	-706	409	958
2	-262	262	1220	2	-262	262	1220	2	-262	262	1220	2	-262	262	1220	2	-262	262	1220	2	-262	262	1220	2	-262	262	1220	2	-262	262	1220	2	-262	262	1220	2	-262	262	1220	2	-262	262	1220	2	-262	262	1220	2	-262	262	1220
3	-344	245	1465	3	-344	245	1465	3	-344	245	1465	3	-344	245	1465	3	-344	245	1465	3	-344	245	1465	3	-344	245	1465	3	-344	245	1465	3	-344	245	1465	3	-344	245	1465	3	-344	245	1465	3	-344	245	1465	3	-344	245	1465
4	-228	228	1693	4	-228	228	1693	4	-228	228	1693	4	-228	228	1693	4	-228	228	1693	4	-228	228	1693	4	-228	228	1693	4	-228	228	1693	4	-228	228	1693	4	-228	228	1693	4	-228	228	1693	4	-228	228	1693	4	-228	228	1693
5	-199	100	1793	5	-199	100	1793	5	-199	100	1793	5	-199	100	1793	5	-199	100	1793	5	-199	100	1793	5	-199	100	1793	5	-199	100	1793	5	-199	100	1793	5	-199	100	1793	5	-199	100	1793	5	-199	100	1793	5	-199	100	1793
6	-758	362	2155	6	-758	362	2155	6	-758	362	2155	6	-758	362	2155	6	-758	362	2155	6	-758	362	2155	6	-758	362	2155	6	-758	362	2155	6	-758	362	2155	6	-758	362	2155	6	-758	362	2155	6	-758	362	2155	6	-758	362	2155
7	-319	121	2276	7	-319	121	2276	7	-319	121	2276	7	-319	121	2276	7	-319	121	2276	7	-319	121	2276	7	-319	121	2276	7	-319	121	2276	7	-319	121	2276	7	-319	121	2276	7	-319	121	2276	7	-319	121	2276	7	-319	121	2276
8	-476	179	2455	8	-476	179	2455	8	-476	179	2455	8	-476	179	2455	8	-476	179	2455	8	-476	179	2455	8	-476	179	2455	8	-476	179	2455	8	-476	179	2455	8	-476	179	2455	8	-476	179	2455	8	-476	179	2455	8	-476	179	2455
9	-73	73	2528	9	-73	73	2528	9	-73	73	2528	9	-73	73	2528	9	-73	73	2528	9	-73	73	2528	9	-73	73	2528	9	-73	73	2528	9	-73	73	2528	9	-73	73	2528	9	-73	73	2528	9	-73	73	2528	9	-73	73	2528
10	-136	136	2664	10	-136	136	2664	10	-136	136	2664	10	-136	136	2664	10	-136	136	2664	10	-136	136	2664	10	-136	136	2664	10	-136	136	2664	10	-136	136	2664	10	-136	136	2664	10	-136	136	2664	10	-136	136	2664	10	-136	136	2664
11	-290	92	2756	11	-290	92	2756	11	-290	92	2756	11	-290	92	2756	11	-290	92	2756	11	-290	92	2756	11	-290	92	2756	11	-290	92	2756	11	-290	92	2756	11	-290	92	2756	11	-290	92	2756	11	-290	92	2756	11	-290	92	2756
12	-318	219	2975	12	-318	219	2975	12	-318	219	2975	12	-318	219	2975	12	-318	219	2975	12	-318	219	2975	12	-318	219	2975	12	-318	219	2975	12	-318	219	2975	12	-318	219	2975	12	-318	219	2975	12	-318	219	2975	12	-318	219	2975
13	-63	63	3038	13	-63	63	3038	13	-63	63	3038	13	-63	63	3038	13	-63	63	3038	13	-63	63	3038	13	-63	63	3038	13	-63	63	3038	13	-63	63	3038	13	-63	63	3038	13	-63	63	3038	13	-63	63	3038	13	-63	63	3038
14	-87	87	3125	14	-87	87	3125	14	-87	87	3125	14	-87	87	3125	14	-87	87	3125	14	-87	87	3125	14	-87	87	3125	14	-87	87	3125	14	-87	87	3125	14	-87	87	3125	14	-87	87	3125	14	-87	87	3125	14	-87	87	3125
15	-77	77	3202	15	-77	77	3202	15	-77	77	3202	15	-77	77	3202	15	-77	77	3202	15	-77	77	3202	15	-77	77	3202	15	-77	77	3202	15	-77	77	3202	15	-77	77	3202	15	-77	77	3202	15	-77	77	3202	15	-77	77	3202
16	-124	124	3326	16	-124	124	3326	16	-124	124	3326	16	-124	124	3326	16	-124	124	3326	16	-124	124	3326	16	-124	124	3326	16	-124	124	3326	16	-124	124	3326	16	-124	124	3326	16	-124	124	3326	16	-124	124	3326	16	-124	124	3326
17	-482	185	3511	17	-482	185	3511	17	-482	185	3511	17	-482	185	3511	17	-482	185	3511	17	-482	185	3511	17	-482	185	3511	17	-482	185	3511	17	-482	185	3511	17	-482	185	3511	17	-482	185	3511	17	-482	185	3511	17	-482	185	3511
18	-183	84	3595	18	-183	84	3595	18	-183	84	3595	18	-183	84	3595	18	-183	84	3595	18	-183	84	3595	18	-183	84	3595	18	-183	84	3595	18	-183	84	3595	18	-183	84	3595	18	-183	84	3595	18	-183	84	3595	18	-183	84	3595
19	-67	67	3662	19	-67	67	3662	19	-67	67	3662	19	-67	67	3662	19	-67	67	3662	19	-67	67	3662	19	-67	67	3662	19	-67	67	3662	19	-67	67	3662	19	-67	67	3662	19	-67	67	3662	19	-67	67	3662	19	-67	67	3662
20	-485	188	3850	20	-485	188	3850	20	-485	188	3850	20	-485	188	3850	20	-485	188	3850	20	-485	188	3850	20	-485	188	3850	20	-485	188	3850	20	-485	188	3850	20	-485	188	3850	20	-485	188	3850	20	-485	188	3850	20	-485	188	3850
21	-48	48	3898	21	-48	48	3898	21	-48	48	3898	21	-48	48	3898	21	-48	48	3898	21	-48	48	3898	21	-48	48	3898	21	-48	48	3898	21	-48	48	3898	21	-48	48	3898	21	-48	48	3898	21	-48	48	3898	21	-48	48	3898
22	-89	89	3987	22	-89	89	3987	22	-89	89	3987	22	-89	89	3987	22	-89	89	3987	22	-89	89	3987	22	-89	89	3987	22	-89	89	3987	22	-89	89	3987	22	-89	89	3987	22	-89	89	3987	22	-89	89	3987	22	-89	89	3987
23	-113	113	4100	23	-113	113	4100	23	-113	113	4100	23	-113	113	4100	23	-113	113	4100	23	-113	113	4100	23	-113	113	4100	23	-113	113	4100	23	-113	113	4100	23	-113	113	4100	23	-113	113	4100	23	-113	113	4100	23	-113	113	4100
24	-188	89	4189	24	-188	89	4189	24	-188	89	4189	24	-188	89	4189	24	-188	89	4189	24	-188	89	4189	24	-188	89	4189	24	-188	89	4189	24	-188	89	4189	24	-188	89	4189	24	-188	89	4189	24	-188	89	4189	24	-188	89	4189
25	-352	55	4244	25	-352	55	4244	25	-352	55	4244	25	-352	55	4244	25	-352	55	4244	25	-352	55	4244	25	-352	55	4244	25	-352	55	4244	25	-352	55	4244	25	-352	55	4244	25	-352	55	4244	25	-352	55	4244	25	-352	55	4244
26	-368	170	4414	26	-368	170	4414	26	-368	170	4414	26	-368	170	4414	26	-368	170	4414	26	-368	170	4414	26	-368	170	4414	26	-368	170	4414	26	-368	170	4414	26	-368	170	4414	26	-368	170	4414	26	-368	170	4414	26	-368	170	4414
27	-54	54	4468	27	-54	54	4468	27	-54	54	4468	27	-54	54	4468	27	-54	54	4468	27	-54	54	4468	27	-54	54	4468	27	-54	54	4468	27	-54	54	4468	27	-54	54	4468	27	-54	54	4468	27	-54	54	4468	27	-54	54	4468
28	-31	31	4499	28	-31	31	4499	28	-31	31	4499	28	-31	31	4499	28	-31	31	4499	28	-31	31	4499	28	-31	31	4499	28	-31	31	4499	28	-31	31	4499	28	-31	31	4499	28	-31	31	4499	28	-31	31	4499	28	-31	31	4499
29	-262	163	4662	29	-262	163	4662	29	-262	163	4662	29	-262	163	4662	29	-262	163	4662	29	-262	163	4662	29	-262	163	4662	29	-262	163	4662	29	-262	163	4662	29	-262	163	4662	29	-262	163	4662	29	-262	163	4662	29	-262	163	4662
30	-36	36	4698	30	-36	36	4698	30	-36	36	4698	30	-36	36	4698	30	-36	36	4698	30	-36	36	4698	30	-36	36	4698	30	-36	36	4698	30	-36	36	4698	30	-36	36	4698	30	-36	36	4698	30	-36	36	4698	30	-36	36	4698
31	-69	69	4767	31	-69	69	4767	31	-69	69	4767	31	-69	69	4767	31	-69	69	4767	31	-69	69	4767	31	-69	69	4767	31	-69	69	4767	31	-69	69	4767	31	-69	69	4767	31	-69	69	4767	31	-69	69	4767	31	-69	69	4767
32	-50	50	4817	32	-50	50	4817	32	-50	50	4817	32	-50	50	4817	32	-50	50	4817	32	-50	50	4817	32	-50	50	4817	32	-50	50	4817	32	-50	50	4817	32	-50	50	4817	32	-50	50	4817	32	-50	50	4817	32	-50	50	4817
33	-230	131	4948	33	-230	131	4948	33	-230	131	4948	33	-230	131	4948	33	-230	131	4948	33	-230	131	4948	33	-230	131	4948	33	-230	131	4948	33	-230	131	4948	33	-230	131	4948	33	-230	131	4948	33	-230	131	4948	33	-230	131	4948
34	-71	71	5019	34	-71	71	5019	34	-71	71	5019	34	-71	71	5019	34	-71	71	5019	34	-71	71	5019	34	-71	71	5019	34	-71	71	5019	34	-71	71	5019	34	-71	71	5019	34	-71	71	5019	34	-71	71	5019	34	-71	71	5019
35	-59	59	5078	35	-59	59	5078	35	-59	59	5078	35	-59	59	5078	35	-59	59	5078	35	-59	59	5078	35	-59	59	5078	35	-59	59	5078	35	-59	59	5078	35	-59	59	5078	35	-59	59	5078	35	-59	59	5078	35	-59	59	5078
36	-45	45	5123	36	-45	45	5123	36	-45	45	5123	36	-45	45	5123	36	-45	45	5123	36	-45	45	5123	36	-45	45	5123	36	-45	45	5123	36	-45	45	5123	36	-45	45	5123	36	-45	45	5123	36	-45	45	5123	36	-45	45	5123
37	-174	75	5198	37	-174	75	5198	37	-174	75	5198	37	-174	75	5198	37	-174	75	5198	37	-174	75	5198	37	-174	75	5198	37	-174	75	5198	37	-174	75	5198	37	-174	75	5198	37	-174	75	5198	37	-174	75	5198	37	-174	75	5198
38	-47	47	5245	38	-47	47	5245	38	-47	47	5245	38	-47	47	5245	38	-47	47	5245	38	-47	47	5245	38	-47	47	5245	38	-47	47	5245	38	-47	47	5245	38	-47	47	5245	38	-47	47	5245	38	-47	47	5245	38	-47	47	5245
39	-164	65	5310	39	-164	65	5310	39	-164	65	5310	39	-164	65	5310	39	-164	65	5310	39	-164	65	5310	39	-164	65	5310	39	-164	65	5310	39	-164	65	5310	39	-164	65	5310	39	-164	65	5310	39	-164	65	5310	39	-164	65	5310
40	-210	111	5421	40	-210	111	5421	40	-210	111	5421	40	-210	111	5421	40	-210	111	5421	40	-210	111	5421	40	-210	111	5421	40	-210	111	5421	40	-210	111	5421	40	-210	111	5421	40	-210	111	5421	40	-210	111	5421	40	-210	111	5421
41	-77	77	5498	41	-77	77	5498	41	-77	77	5498	41	-77	77	5498	41	-77	77	5498	41	-77	77	5498	41	-77	77	5498	41	-77	77	5498	41	-77	77	5498	41	-77	77	5498	41	-77	77	5498	41	-77	77	5498	41	-77	77	5498
42	-15	15	5513	42	-15	15	5513	42	-15	15	5513	42	-15	15	5513	42	-15	15	5513	42	-15	15	5513	42	-15	15	5513	42	-15	15	5513	42	-15	15	5513	42	-15	15	5513	42	-15	15	5513	42	-15	15	5513	42	-15	15	5513
43	-101	101	5614	43	-101	101	5614	43	-101	101	5614	43	-101	101	5614	43	-101	101	5614	43	-101	101	5614	43	-101	101	5614	43	-101	101	5614	43	-101	101	5614	43	-101	101	5614	43	-101	101	5614	43	-101	101	5614	43	-101	101	5614
44	-41	41	5655	44	-41	41	5655	44	-41	41	5655	44	-41	41	5655	44	-41	41	5655	44	-41	41	5655	44	-41	41	5655	44	-41	41	5655	44	-41	41	5655	44	-41	41	5655	44	-41	41	5655	44	-41	41	5655	44	-41	41	5655
45	-60	60	5715	45	-60	60	5715	45	-60	60	5715	45	-60	60	5715	45	-60	60	5715	45	-60	60	5715	45	-60	60	5715	45	-60	60	5715	45	-60	60	5715	45	-60	60	5715	45	-60	60	5715	45	-60	60	5715	45	-60	60	5715
46	-36	36	5751	46	-36	36	5751	46	-36	36	5751	46	-36	36	5751	46	-36	36	5751	46	-36	36	5751	46	-36	36	5751	46	-36	36	5751	46	-36	36	5751	46	-36	36	5751	46	-36	36	5751	46	-36	36	5751	46	-36	36	5751
47	-34	34	5785	47	-34	34	5785	47	-34	34	5785	47	-34	34	5785	47	-34	34	5785	47	-34	34	5785	47	-34	34	5785	47	-34	34	5785	47	-34	34	5785	47	-34	34	5785	47	-34	34	5785	47	-34	34	5785	47	-34	34	5785
48	-447	150	5935	48	-447	150	5935	48	-447	150	5935	48	-447	150	5935	48	-447	150	5935	48	-447	150	5935	48	-447	150	5935	48	-447	150	5935	48	-447	150	5935	48	-447	150	5935	48	-447	150	5935	48	-447	150	5935	48	-447	150	5935
49	-44	44	5979	49	-44	44	5979	49	-44	44	5979	49	-44	44	5979	49	-44	44	5979	49	-44	44	5979	49	-44	44	5979	49	-44	44	5979	49	-44	44	5979	49	-44	44	5979	49	-44	44	5979	49	-44	44	5979	49	-44	44	5979
50	-35	35	6014	50	-35	35	6014	50	-35	35	6014	50	-35	35	6014	50	-35	35	6014	50	-35	35	6014	50	-35	35	6014	50	-35	35	6014	50	-35	35	6014	50	-35	35	6014	50	-35	35	6014	50	-35	35	6014	50	-35	35	6014
51	-62	62	6076	51	-62	62	6076	51	-62	62	6076	51	-62	62	6076	51	-62	62	6076	51	-62	62	6076	51	-62	62	6076	51	-62	62	6076	51	-62	62	6076	51	-62	62	6076	51	-62	62	6076	51	-62	62	6076	51	-62	62	6076
52	-161	62	6138	52	-161	62	6138	52	-161	62	6138	52	-161	62	6138	52	-161	62	6138	52	-161	62	6138	52	-161	62	6138	52	-161	62	6138	52	-161	62	6138	52	-161	62	6138	52	-161	62	6138	52	-161	62	6138	52	-161	62	6138
53	-41	41	6179	53	-41	41	6179	53	-41	41	6179	53	-41	41	6179	53	-41	41	6179	53	-41	41	6179	53	-41	41	6179	53	-41	41	6179	53	-41	41	6179	53	-41	41	6179	53	-41	41	6179	53	-41	41	6179	53	-41	41	6179
54	-37	37	6216	54	-37	37	6216	54	-37	37	6216	54	-37	37	6216	54	-37	37	6216	54	-37	37	6216	54	-37	37	6216	54	-37	37	6216	54	-37	37	6216	54	-37	37	6216	54	-37	37	6216	54	-37	37	6216	54	-37	37	6216
55	-41	41	6257	55	-41	41	6257	55	-41	41	6257	55	-41	41	6257	55	-41	41	6257	55	-41	41	6257	55	-41	41	6257	55	-41	41	6257	55	-41	41	6257	55	-41	41	6257	55	-41	41	6257	55	-41	41	6257	55	-41	41	6257
56	-442	145	6402	56	-442	145	6402	56	-442	145	6402	56	-442	145	6402	56	-442	145	6402	56	-442	145	6402	56	-442	145	6402	56	-442	145	6402	56	-442	145	6402	56	-442	145	6402	56	-442	145	6402	56	-442	145	6402	56	-442	145	6402
57	-38	38	6440	57	-38	38	6440	57	-38	38	6440	57	-38	38	6440	57	-38	38	6440	57	-38	38	6440	57	-38	38	6440	57	-38	38	6440	57	-38	38	6440	57	-38	38	6440	57	-38	38	6440	57	-38	38	6440	57	-38	38	6440
58	-144	45	6485	58	-144	45	6485	58	-144	45	6485	58	-144	45	6485	58	-144	45	6485	58	-144	45	6485	58	-144	45	6485	58	-144	45	6485	58	-144	45	6485	58	-144	45	6485	58	-144	45	6485	58	-144	45	6485	58	-144	45	6485
59	-151	52	6537	59	-151	52	6537	59	-151	52	6537	59	-151	52	6537	59	-151	52	6537	59	-151	52	6537	59	-151	52	6537	59	-151	52	6537	59	-151	52	6537	59	-151	52	6537	59	-151	52	6537	59	-151	52	6537	59	-151	52	6537
60	-190	91	6628	60	-190	91	6628	60	-190	91	6628	60	-190	91	6628	60	-190	91	6628	60	-190	91	6628	60	-190	91	6628	60	-190	91	6628	60	-190	91	6628	60	-190	91	6628	60	-190	91	6628	60	-190	91	6628	60	-190	91	6628
61	-38	38	6666	61	-38	38	6666	61	-38	38	6666	61	-38	38	6666	61	-38	38	6666	61	-38	38	6666	61	-38	38	6666	61	-38	38	6666	61	-38	38	6666	61	-38	38	6666	61	-38	38	6666	61	-38	38	6666	61	-38	38	6666
62	-53	53	6719	62	-53	53	6719	62	-53	53	6719	62	-53	53	6719	62	-53	53	6719	62	-53	53	6719	62	-53	53	6719	62	-53	53	6719	62	-53	53	6719	62	-53	53	6719	62	-53	53	6719	62	-53	53	6719	62	-53	53	6719
63	-34	34	6753	63	-34	34	6753	63	-34	34	6753	63	-34	34	6753	63	-34	34	6753	63	-34	34	6753	63	-34	34	6753	63	-34	34	6753	63	-34	34	6753	63	-34	34	6753	63	-34	34	6753	63	-34	34	6753	63	-34	34	6753
64	-40	40	6793	64	-40	40	6793	64	-40	40	6793	64	-40	40	6793	64	-40	40	6793	64	-40	40	6793	64	-40	40	6793	64	-40	40	6793	64	-40	40	6793	64	-40	40	6793	64	-40	40	6793	64	-40	40	6793	64	-40	40	6793
65	-61	61	6854	65	-61	61	6854	65	-61	61	6854	65	-61	61	6854	65	-61	61	6854	65	-61	61	6854	65	-61	61	6854	65	-61	61	6854	65	-61	61	6854	65	-61	61	6854	65	-61	61	6854	65	-61	61	6854	65	-61	61	6854
66	-24	24	6878	66	-24	24	6878	66	-24	24	6878	66	-24	24	6878	66	-24	24	6878	66	-24	24	6878	66	-24	24	6878	66	-24	24	6878	66	-24	24	6878	66	-24	24	6878	66	-24	24	6878	66	-24	24	6878	66	-24	24	6878
67	-59	59	6937	67	-59	59	6937	67	-59	59	6937	67	-59	59	6937	67	-59	59	6937	67	-59	59	6937	67	-59	59	6937	67	-59	59	6937	67	-59	59	6937	67	-59	59	6937	67	-59	59	6937	67	-59	59	6937	67	-59	59	6937
68	-28	28	6965	68	-28	28	6965	68	-28	28	6965	68	-28	28	6965	68	-28	28	6965	68	-28	28	6965	68	-28	28	6965	68	-28	28	6965	68	-28	28	6965	68	-28	28	6965	68	-28	28	6965	68	-28	28	6965	68	-28	28	6965
69	-43	43	7008	69	-43	43	7008	69	-43	43	7008	69	-43	43	7008	69	-43	43	7008	69	-43	43	7008	69	-43	43	7008	69	-43	43	7008	69	-43	43	7008	69	-43	43	7008	69	-43	43	7008	69	-43	43	7008	69	-43	43	7008
70	-625	130	7138	70	-625	130	7138	70	-625	130	7138	70	-625	130	7138	70	-625	130	7138	70	-625	130	7138	70	-625	130	7138	70	-625	130	7138	70	-625	130	7138	70	-625	130	7138	70	-625	130	7138	70	-625	130	7138	70	-625	130	7138
71	-32	32	7170	71	-32	32	7170	71	-32	32	7170	71	-32	32	7170	71	-32	32	7170	71	-32	32	7170	71	-32	32	7170	71	-32	32	7170	71	-32	32	7170	71	-32	32	7170	71	-32	32	7170	71	-32	32	7170	71	-32	32	7170
72	-71	71	7241	72	-71	71	7241	72	-71	71	7241	72	-71	71	7241	72	-71	71	7241	72	-71	71	7241	72	-71	71	7241	72	-71	71	7241	72	-71	71	7241	72	-71	71	7241	72	-71	71	7241	72	-71	71	7241	72	-71	71	7241
73	-31	31	7272	73	-31	31	7272	73	-31	31	7272	73	-31	31	7272	73	-31	31	7272	73	-31	31	7272	73	-31	31	7272	73	-31	31	7272	73	-31	31	7272	73	-31	31	7272	73	-31	31	7272	73	-31	31	7272	73	-31	31	7272
74	-35	35	7307	74	-35	35	7307	74	-35	35	7307	74	-35	35	7307	74	-35	35	7307	74	-35	35	7307	74	-35	35	7307	74	-35	35	7307	74	-35	35	7307	74	-35	35	7307	74	-35	35	7307	74	-35	35	7307	74	-35	35	7307
75	-20	20	7327	75	-20	20	7327	75	-20	20	7327	75	-20	20	7327	75	-20	20	7327	75	-20	20	7327	75	-20	20	7327	75	-20	20	7327	75	-20	20	7327	75	-20	20	7327	75	-20	20	7327	75	-20	20	7327	75	-20	20	7327
76	-34	34	7361	76	-34	34	7361	76	-34	34	7361	76	-34	34	7361	76	-34	34	7361	76	-34	34	7361	76	-34	34	7361	76	-34	34	7361	76	-34	34	7361	76	-34	34	7361	76	-34	34	7361	76	-34	34	7361	76	-34	34	7361
77	-31	31	7392	77	-31	31	7392	77	-31	31	7392	77	-31	31	7392	77	-31	31	7392	77	-31	31	7392	77	-31	31	7392	77	-31	31	7392	77	-31	31	7392	77	-31	31	7392	77	-31	31	7392	77	-31	31	7392	77	-31	31	7392
78	-42	42	7434	78	-42	42	7434	78	-42	42	7434	78	-42	42	7434	78	-42	42	7434	78	-42	42	7434	78	-42	42	7434	78	-42	42	7434	78	-42	42	7434	78	-42	42	7434	78	-42	42	7434	78	-42	42	7434	78	-42	42	7434
79	-26	26	7460	79	-26	26	7460	79	-26	26	7460	79	-26	26	7460	79	-26	26	7460	79	-26	26	7460	79	-26	26	7460	79	-26	26	7460	79	-26	26	7460	79	-26	26	7460	79	-26	26	7460	79	-26	26	7460	79	-26	26	7460
80	-64	64	7524	80	-64	64	7524	80	-64	64	7524	80	-64	64	7524	80	-64	64	7524	80	-64	64	7524	80	-64	64	7524	80	-64	64	7524	80	-64	64	7524	80	-64	64	7524	80	-64	64	7524	80	-64	64	7524	80	-64	64	7524
81	-57	57	7581	81	-57	57	7581	81	-57	57	7581	81	-57	57	7581	81	-57	57	7581	81	-57	57	7581	81	-57	57	7581	81	-57	57	7581	81	-57	57	7581	81	-57	57	7581	81	-57	57	7581	81	-57	57	7581	81	-57	57	7581
82	-44	44	7625	82	-44	44	7625	82	-44	44	7625	82	-44	44	7625	82	-44	44	7625	82	-44	44	7625	82	-44	44	7625	82	-44	44	7625	82	-44	44	7625	82	-44	44	7625	82	-44	44	7625	82	-44	44	7625	82	-44	44	7625
83	-48	48	7673	83	-48	48	7673	83	-48	48	7673	83	-48	48	7673	83	-48	48	7673	83	-48	48	7673	83	-48	48	7673	83	-48	48	7673	83	-48	48	7673	83	-48	48	7673	83	-48	48	7673	83	-48	48	7673	83	-48	48	7673
84	-44	44	7717	84	-44	44	7717	84	-44	44	7717	84	-44	44	7717	84	-44	44	7717	84	-44	44	7717	84	-44	44	7717	84	-44	44	7717	84	-44	44	7717	84	-44	44	7717	84	-44	44	7717	84	-44	44	7717	84	-44	44	7717
85	-24	24	7741	85	-24	24	7741	85	-24	24	7741	85	-24	24	7741	85	-24	24	7741	85	-24	24	7741	85	-24	24	7741	85	-24	24	7741	85	-24	24	7741	85	-24	24	7741	85	-24	24	7741	85	-24	24	7741	85	-24	24	7741
86	-20	20	7761	86	-20	20	7761	86	-20	20	7761	86	-20	20	7761	86	-20	20	7761	86	-20	20	7761	86	-20	20	7761	86	-20	20	7761	86	-20	20	7761	86	-20	20	7761	86	-20	20	7761	86	-20	20	7761	86	-20	20	7761
87	-39	39	7800	87	-39	39	7800	87	-39	39	7800	87	-39	39	7800	87	-39	39	7800	87	-39	39	7800	87	-39	39	7800	87	-39	39	7800	87	-39	39	7800	87	-39	39	7800	87	-39	39	7800	87	-39	39	7800	87	-39	39	7800
88	-33	33	7833	88	-33	33	7833	88	-33	33	7833	88	-33	33	7833	88	-33	33	7833	88	-33	33	7833	88	-33	33	7833	88	-33	33	7833	88	-33	33	7833	88	-33	33	7833	88	-33	33	7833	88	-33	33	7833	88	-33	33	7833
89	-29	29	7862	89	-29	29	7862	89	-29	29	7862	89	-29	29	7862	89	-29	29	7862	89	-29	29	7862	89	-29	29	7862	89	-29	29	7862	89	-29	29	7862	89	-29	29	7862	89	-29	29	7862	89	-29	29	7862	89	-29	29	7862
90	-151	52	7914	90	-151	52	7914	90	-151	52	7914	90	-151	52	7914	90	-151	52	7914	90	-151	52	7914	90	-151	52	7914	90	-151	52	7914	90	-151	52	7914	90	-151	52	7914	90	-151	52	7914	90	-151	52	7914	90	-151	52	7914
91	-46	46	7960	91	-46	46	7960	91	-46	46	7960	91	-46	46	7960	91	-46	46	7960	91	-46	46	7960	91	-46	46	7960	91	-46	46	7960	91	-46	46	7960	91	-46	46	7960	91	-46	46	7960	91	-46	46	7960	91	-46	46	7960
92	-15	15	7975	92	-15	15	7975	92	-15	15	7975	92	-15	15	7975	92	-15	15	7975	92	-15	15	7975	92	-15	15	7975	92	-15	15	7975	92	-15	15	7975	92	-15	15	7975	92	-15	15	7975	92	-15	15	7975	92	-15	15	7975
93	-45	45	8020	93	-45	45	8020	93	-45	45	8020	93	-45	45	8020	93	-45	45	8020	93	-45	45	8020	93	-45	45	8020	93	-45	45	8020	93	-45	45	8020	93	-45	45	8020	93	-45	45	8020	93	-45	45	8020	93	-45	45	8020
94	-35	35	8055	94	-35	35	8055	94	-35	35	8055	94	-35	35	8055	94	-35	35	8055	94	-35	35	8055	94	-35	35	8055	94	-35	35	8055	94	-35	35	8055	94	-35	35	8055	94	-35	35	8055	94	-35	35	8055	94	-35	35	8055
95	-50	50	8105	95	-50	50	8105	95	-50	50	8105	95	-50	50	8105	95	-50	50	8105	95	-50	50	8105	95	-50	50	8105	95	-50	50	8105	95	-50	50	8105	95	-50	50	8105	95	-50	50	8105	95	-50	50	8105	95	-50	50	8105
96	-28	28	8133	96	-28	28	8133	96	-28	28	8133	96	-28	28	8133	96	-28	28	8133	96	-28	28	8133	96	-28	28	8133	96	-28	28	8133	96	-28	28	8133	96	-28	28	8133	96	-28	28	8133	96	-28	28	8133	96	-28	28	8133
97	-25	25	8158	97	-25	25	8158	97	-25	25	8158	97	-25	25	8158	97	-25	25	8158	97	-25	25	8158	97	-25	25	8158	97	-25	25	8158	97	-25	25	8158	97	-25	25	8158	97	-25	25	8158	97	-25	25	8158	97	-25	25	8158
98	-31	31	8189	98	-31	31	8189	98	-31	31	8189	98	-31	31	8189	98	-31	31	8189	98	-31	31	8189	98	-31	31	8189	98	-31	31	8189	98	-31	31	8189	98	-31	31	8189	98	-31	31	8189	98	-31	31	8189	98	-31	31	8189
99	-27	27	8216	99	-27	27	8216	99	-27	27	8216	99	-27	27	8216	99	-27	27	8216	99	-27	27	8216	99	-27	27	8216	99	-27	27	8216	99	-27	27	8216	99	-27	27	8216	99	-27	27	8216	99	-27	27	8216	99	-27	27	8216
100	-50	50	8266	100	-50	50	8266	100	-50	50	8266	100	-50	50	8266	100	-50	50	8266	100	-50	50	8266	100	-50	50	8266	100	-50	50	8266	100	-50	50	8266	100	-50	50	8266	100	-50	50	8266	100	-50	50	8266	100	-50	50	8266
101	-32	32	8298	101	-32	32	8298	101	-32	32	8298	101	-32	32	8298	101	-32	32	8298	101	-32	32	8298	101	-32	32	8298	101	-32	32	8298	101	-32	32	8298	101	-32	32	8298	101	-32	32	8298	101	-32	32	8298	101	-32	32	8298
102	-28	28	8326	102	-28	28	8326	102	-28	28	8326	102	-28	28	8326	102	-28	28	8326	102	-28	28	8326	102	-28	28	8326	102	-28	28	8326	102	-28	28	8326	102	-28	28	8326	102	-28	28	8326	102	-28	28	8326	102	-28	28	8326
103	-21	21	8347	103	-21	21	8347	103	-21	21	8347	103	-21	21	8347	103	-21	21	8347	103	-21	21	8347	103	-21	21	8347	103	-21	21	8347	103	-21	21	8347	103	-21	21	8347	103	-21	21	8347	103	-21	21	8347	103	-21	21	8347
104	-42	42	8389	104	-42	42	8389	104	-42	42	8389	104	-42	42	8389	104	-42	42	8389	104	-42	42	8389	104	-42	42	8389	104	-42	42	8389	104	-42	42	8389	104	-42	42	8389	104	-42	42	8389	104	-42	42	8389	104	-42	42	8389
105	-27	27	8416	105	-27	27	8416	105	-27	27	8416	105	-27	27	8416	105	-27	27	8416	105	-27	27	8416	105	-27	27	8416	105	-27	27	8416	105	-27	27	8416	105	-27	27	8416	105	-27	27	8416	105	-27	27	8416	105	-27	27	8416
106	-32	32	8448	106	-32	32	8448	106	-32	32	8448	106	-32	32	8448	106	-32	32	8448	106	-32	32	8448	106	-32	32	8448	106	-32	32	8448	106	-32	32	8448	106	-32	32	8448	106	-32	32	8448	106	-32	32	8448	106	-32	32	8448
107	-147	48	8496	107	-147	48	8496	107	-147	48	8496	107	-147	48	8496	107	-147	48	8496	107	-147	48	8496	107	-147	48	8496	107	-147	48	8496	107	-147	48	8496	107	-147	48	8496	107	-147	48	8496	107	-147	48	8496	107	-147	48	8496
108	-34	34	8530	108	-34	34	8530	108	-34	34	8530	108	-34	34	8530	108	-34	34	8530	108	-34	34	8530	108	-34	34	8530	108	-34	34	8530	108	-34	34	8530	108	-34	34	8530	108	-34	34	8530	108	-34	34	8530	108	-34	34	8530
109	-29	29	8559	109	-29	29	8559	109	-29	29	8559	109	-29	29	8559	109	-29	29	8559	109	-29	29	8559	109	-29	29	8559	109	-29	29	8559	109	-29	29	8559	109	-29	29	8559	109	-29	29	8559	109	-29	29	8559	109	-29	29	8559
110	-158	59	8618	110	-158	59	8618	110	-158	59	8618	110	-158	59	8618	110	-158	59	8618	110	-158	59	8618	110	-158	59	8618	110	-158	59	8618	110	-158	59	8618	110	-158	59	8618	110	-158	59	8618	110	-158	59	8618	110	-158	59	8618
111	-18	18	8636	111	-18	18	8636	111	-18	18	8636	111	-18	18	8636	111	-18	18	8636	111	-18	18	8636	111	-18	18	8636	111	-18	18	8636	111	-18	18	8636	111	-18	18	8636	111	-18	18	8636	111	-18	18	8636	111	-18	18	8636
112	-58	58	8694	112	-58	58	8694	112	-58	58	8694	112	-58	58	8694	112	-58	58	8694	112	-58	58	8694	112	-58	58	8694	112	-58	58	8694	112	-58	58	8694	112	-58	58	8694	112	-58	58	8694	112	-58	58	8694	112	-58	58	8694
113	-352	55	8749	113	-352	55	8749	113	-352	55	8749	113	-352	55	8749	113	-352	55	8749	113	-352	55	8749	113	-352	55	8749	113	-352	55	8749	113	-352	55	8749	113	-352	55	8749	113	-352	55	8749	113	-352	55	8749	113	-352	55	8749
114	-32	32	8781	114	-32	32	8781	114	-32	32	8781	114	-32	32	8781	114	-32	32	8781	114	-32	32	8781	114	-32	32	8781	114	-32	32	8781	114	-32	32	8781	114	-32	32	8781	114	-32	32	8781	114	-32	32	8781	114	-32	32	8781
115	-19	19	8800	115	-19	19	8800	115	-19	19	8800	115	-19	19	8800	115	-19	19	8800	115	-19	19	8800	115	-19	19	8800	115	-19	19	8800	115	-19	19	8800	115	-19	19	8800	115	-19	19	8800	115	-19	19	8800	115	-19	19	8800
116	-28	28	8828	116	-28	28	8828	116	-28	28	8828	116	-28	28	8828	116	-28	28	8828	116	-28	28	8828	116	-28	28	8828	116	-28	28	8828	116	-28	28	8828	116	-28	28	8828	116	-28	28	8828	116	-28	28	8828	116	-28	28	8828
117	-55	55	8883	117	-55	55	8883	117	-55	55	8883	117	-55	55	8883	117	-55	55	8883	117	-55	55	8883	117	-55	55	8883	117	-55	55	8883	117	-55	55	8883	117	-55	55	8883	117	-55	55	8883	117	-55	55	8883	117	-55	55	8883
118	-136	37	8920	118	-136	37	8920	118	-136	37	8920	118	-136	37	8920	118	-136	37	8920	118	-136	37	8920	118	-136	37	8920	118	-136	37	8920	118	-136	37	8920	118	-136	37	8920	118	-136	37	8920	118	-136	37	8920	118	-136	37	8920
119	-25	25	8945	119	-25	25	8945	119	-25	25	8945	119	-25	25	8945	119	-25	25	8945	119	-25	25	8945	119	-25	25	8945	119	-25	25	8945	119	-25	25	8945	119	-25	25	8945	119	-25	25	8945	119	-25	25	8945	119	-25	25	8945
120	-42	42	8987	120	-42	42	8987	120	-42	42	8987	120	-42	42	8987	120	-42	42	8987	120	-42	42	8987	120	-42	42	8987	120	-42	42	8987	120	-42	42	8987	120	-42	42	8987	120	-42	42	8987	120	-42	42	8987	120	-42	42	8987
121	-15	15	9002	121	-15	15	9002	121	-15	15	9002	121	-15	15	9002	121	-15	15	9002	121	-15	15	9002	121	-15	15	9002	121	-15	15	9002	121	-15	15	9002	121	-15	15	9002	121	-15	15	9002	121	-15	15	9002	121	-15	15	9002
122	-28	28	9030	122	-28	28	9030	122	-28	28	9030	122	-28	28	9030	122	-28	28	9030	122	-28	28	9030	122	-28	28	9030	122	-28	28	9030	122	-28	28	9030	122	-28	28	9030	122	-28	28	9030	122	-28	28	9030	122	-28	28	9030
123	-27	27	9057	123	-27	27	9057	123	-27	27	9057	123	-27	27	9057	123	-27	27	9057	123	-27	27	9057	123	-27	27	9057	123	-27	27	9057	123	-27	27	9057	123	-27	27	9057	123	-27	27	9057	123	-27	27	9057	123	-27	27	9057
124	-144	45	9102	124	-144	45	9102	124	-144	45	9102	124	-144	45	9102	124	-144	45	9102	124	-144	45	9102	124	-144	45	9102	124	-144	45	9102	124	-144	45	9102	124	-144	45	9102	124	-144	45	9102	124	-144	45	9102	124	-144	45	9102
125	-38	38	9140	125	-38	38	9140	125	-38	38	9140	125	-38	38	9140	125	-38	38	9140	125	-38	38	9140	125	-38	38	9140	125	-38	38	9140	125	-38	38	9140	125	-38	38	9140	125	-38	38	9140	125	-38	38	9140	125	-38	38	9140
126	-249	51	9191	126	-249	51	9191	126	-249	51	9191	126	-249	51	9191	126	-249	51	9191	126	-249	51	9191	126	-249	51	9191	126	-249	51	9191	126	-249	51	9191	126	-249	51	9191	126	-249	51	9191	126	-249	51	9191	126	-249	51	9191
127	-32	32	9223	127	-32	32	9223	127	-32	32	9223	127	-32	32	9223	127	-32	32	9223	127	-32	32	9223	127	-32	32	9223	127	-32	32	9223	127	-32	32	9223	127	-32	32	9223	127	-32	32	9223	127	-32	32	9223	127	-32	32	9223
128	-18	18	9241	128	-18	18	9241	128	-18	18	9241	128	-18	18	9241	128	-18	18	9241	128	-18	18	9241	128	-18	18	9241	128	-18	18	9241	128	-18	18	9241	128	-18	18	9241	128	-18	18	9241	128	-18	18	9241	128	-18	18	9241
129	-42	42	9283	129	-42	42	9283	129	-42	42	9283	129	-42	42	9283	129	-42	42	9283	129	-42	42	9283	129	-42	42	9283	129	-42	42	9283	129	-42	42	9283	129	-42	42	9283	129	-42	42	9283	129	-42	42	9283	129	-42	42	9283
130	-29	29	9312	130	-29	29	9312	130	-29	29	9312	130	-29	29	9312	130	-29	29	9312	130	-29	29	9312	130	-29	29	9312	130	-29	29	9312	130	-29	29	9312	130	-29	29	9312	130	-29	29	9312	130	-29	29	9312	130	-29	29	9312
131	-153	54	9366	131	-153	54	9366	131	-153	54	9366	131	-153	54	9366	131	-153	54	9366	131	-153	54	9366	131	-153	54	9366	131	-153	54	9366	131	-153	54	9366	131	-153	54	9366	131	-153	54	9366	131	-153	54	9366	131	-153	54	9366
132	-21	21	9387	132	-21	21	9387	132	-21	21	9387	132	-21	21	9387	132	-21	21	9387	132	-21	21	9387	132	-21	21	9387	132	-21	21	9387	132	-21	21	9387	132	-21	21	9387	132	-21	21	9387	132	-21	21	9387	132	-21	21	9387
133	-161	62	9449	133	-161	62	9449	133	-161	62	9449	133	-161	62	9449	133	-161	62	9449	133	-161	62	9449	133	-161	62	9449	133	-161	62	9449	133	-161	62	9449	133	-161	62	9449	133	-161	62	9449	133	-161	62	9449	133	-161	62	9449
134	-137	38	9487	134	-137	38	9487	134	-137	38	9487	134	-137	38	9487	134	-137	38	9487	134	-137	38	9487	134	-137	38	9487	134	-137	38	9487	134	-137	38	9487	134	-137	38	9487	134	-137	38	9487	134	-137	38	9487	134	-137	38	9487
135	-18	18	9505	135	-18	18	9505	135	-18	18	9505	135	-18	18	9505	135	-18	18	9505	135	-18	18	9505	135	-18	18	9505	135	-18	18	9505	135	-18	18	9505	135	-18	18	9505	135	-18	18	9505	135	-18	18	9505	135	-18	18	9505
136	-22	22	9527	136	-22	22	9527	136	-22	22	9527	136	-22	22	9527	136	-22	22	9527	136	-22	22	9527	136	-22	22	9527	136	-22	22	9527	136	-22	22	9527	136	-22	22	9527	136	-22	22	9527	136	-22	22	9527	136	-22	22	9527
137	-27	27	9554	137	-27	27	9554	137	-27	27	9554	137	-27	27	9554	137	-27	27	9554	137	-27	27	9554	137	-27	27	9554	137	-27	27	9554	137	-27	27	9554	137	-27	27	9554	137	-27	27	9554	137	-27	27	9554	137	-27	27	9554
138	-31	31	9585	138	-31	31	9585	138	-31	31	9585	138	-31	31	9585	138	-31	31	9585	138	-31	31	9585	138	-31	31	9585	138	-31	31	9585	138	-31	31	9585	138	-31	31	9585	138	-31	31	9585	138	-31	31	9585	138	-31	31	9585
139	-21	21	9606	139	-21	21	9606	139	-21	21	9606	139	-21	21	9606	139	-21	21	9606	139	-21	21	9606	139	-21	21	9606	139	-21	21	9606	139	-21	21	9606	139	-21	21	9606	139	-21	21	9606	139	-21	21	9606	139	-21	21	9606
140	-137	38	9644	140	-137	38	9644	140	-137	38	9644	140	-137	38	9644	140	-137	38	9644	140	-137	38	9644	140	-137	38	9644	140	-137	38	9644	140	-137	38	9644	140	-137	38	9644	140	-137	38	9644	140	-137	38	9644	140	-137	38	9644
141	-20	20	9664	141	-20	20	9664	141	-20	20	9664	141	-20	20	9664	141	-20	20	9664	141	-20	20	9664	141	-20	20	9664	141	-20	20	9664	141	-20	20	9664	141	-20	20	9664	141	-20	20	9664	141	-20	20	9664	141	-20	20	9664
142	-40	40	9704	142	-40	40	9704	142	-40	40	9704	142	-40	40	9704	142	-40	40	9704	142	-40	40	9704	142	-40	40	9704	142	-40	40	9704	142	-40	40	9704	142	-40	40	9704	142	-40	40	9704	142	-40	40	9704	142	-40	40	9704
143	-130	31	9735	143	-130	31	9735	143	-130	31	9735	143	-130	31	9735	143	-130	31	9735	143	-130	31	9735	143	-130	31	9735	143	-130	31	9735	143	-130	31	9735	143	-130	31	9735	143	-130	31	9735	143	-130	31	9735	143	-130	31	9735
144	-35	35	9770	144	-35	35	9770	144	-35	35	9770	144	-35	35	9770	144	-35	35	9770	144	-35	35	9770	144	-35	35	9770	144	-35	35	9770	144	-35	35	9770	144	-35	35	9770	144	-35	35	9770	144	-35	35	9770	144	-35	35	9770
145	-19	19	9789	145	-19	19	9789	145	-19	19	9789	145	-19	19	9789	145	-19	19	9789	145	-19	19	9789	145	-19	19	9789	145	-19	19	9789	145	-19	19	9789	145	-19	19	9789	145	-19	19	9789	145	-19	19	9789	145	-19	19	9789
146	-28	28	9817	146	-28	28	9817	146	-28	28	9817	146	-28	28	9817	146	-28	28	9817	146	-28	28	9817	146	-28	28	9817	146	-28	28	9817	146	-28	28	9817	146	-28	28	9817	146	-28	28	9817	146	-28	28	9817	146	-28	28	9817
147	-36	36	9853	147	-36	36	9853	147	-36	36	9853	147	-36	36	9853	147	-36	36	9853	147	-36	36	9853	147	-36	36	9853	147	-36	36	9853	147	-36	36	9853	147	-36	36	9853	147	-36	36	9853	147	-36	36	9853	147	-36	36	9853
148	-30	30	9883	148	-30	30	9883	148	-30	30	9883	148	-30	30	9883	148	-30	30	9883	148	-30	30	9883	148	-30	30	9883	148	-30	30	9883	148	-30	30	9883	148	-30	30	9883	148	-30	30	9883	148	-30	30	9883	148	-30	30	9883
149	-17	17	9900	149	-17	17	9900	149	-17	17	9900	149	-17	17	9900	149	-17	17	9900	149	-17	17	9900	149	-17	17	9900	149	-17	17	9900	149	-17	17	9900	149	-17	17	9900	149	-17	17	9900	149	-17	17	9900	149	-17	17	9900
150	-128	29	9929	150	-128	29	9929	150	-128	29	9929	150	-128	29	9929	150	-128	29	9929	150	-128	29	9929	150	-128	29	9929	150	-128	29	9929	150	-128	29	9929	150	-128	29	9929	150	-128	29	9929	150	-128	29	9929	150	-128	29	9929
151	-29	29	9958	151	-29	29	9958	151	-29	29	9958	151	-29	29	9958	151	-29	29	9958	151	-29	29	9958	151	-29	29	9958	151	-29	29	9958	151	-29	29	9958	151	-29	29	9958	151	-29	29	9958	151	-29	29	9958	151	-29	29	9958
152	-23	23	9981	152	-23	23	9981	152	-23	23	9981	152	-23	23	9981	152	-23	23	9981	152	-23	23	9981	152	-23	23	9981	152	-23	23	9981	152	-23	23	9981	152	-23	23	9981	152	-23	23	9981	152	-23	23	9981	152	-23	23	9981
153	-29	29	10010	153	-29	29	10010	153	-29	29	10010	153	-29	29	10010	153	-29	29	10010	153	-29	29	10010	153	-29	29	10010	153	-29	29	10010	153	-29	29	10010	153	-29	29	10010	153	-29	29	10010	153	-29	29	10010	153	-29	29	10010
154	-250	52	10062	154	-250	52	10062	154	-250	52	10062	154	-250	52	10062	154	-250	52	10062	154	-250	52	10062	154	-250	52	10062	154	-250	52	10062	154	-250	52	10062	154	-250	52	10062	154	-250	52	10062	154	-250	52	10062	154	-250	52	10062
155	-35	35	10097	155	-35	35	10097	155	-35	35	10097	155	-35	35	10097	155	-35	35	10097	155	-35	35	10097	155	-35	35	10097	155	-35	35	10097	155	-35	35	10097	155	-35	35	10097	155	-35	35	10097	155	-35	35	10097	155	-35	35	10097
156	-134	35	10132	156	-134	35	10132	156	-134	35	10132	156	-134	35	10132	156	-134	35	10132	156	-134	35	10132	156	-134	35	10132	156	-134	35	10132	156	-134	35	10132	156	-134	35	10132	156	-134	35	10132	156	-134	35	10132	156	-134	35	10132
157	-17	17	10149	157	-17	17	10149	157	-17	17	10149	157	-17	17	10149	157	-17	17	10149	157	-17	17	10149	157	-17	17	10149	157	-17	17	10149	157	-17	17	10149	157	-17	17	10149	157	-17	17	10149	157	-17	17	10149	157	-17	17	10149
158	-30	30	10179	158	-30	30	10179	158	-30	30	10179	158	-30	30	10179	158	-30	30	10179	158	-30	30	10179	158	-30	30	10179	158	-30	30	10179	158	-30	30	10179	158	-30	30	10179	158	-30	30	10179	158	-30	30	10179	158	-30	30	10179
159	-15	15	10194	159	-15	15	10194	159	-15	15	10194	159	-15	15	10194	159	-15	15	10194	159	-15	15	10194	159	-15	15	10194	159	-15	15	10194	159	-15	15	10194	159	-15	15	10194	159	-15	15	10194	159	-15	15	10194	159	-15	15	10194
160	-39	39	10233	160	-39	39	10233	160	-39	39	10233	160	-39	39	10233	160	-39	39	10233	160	-39	39	10233	160	-39	39	10233	160	-39	39	10233	160	-39	39	10233	160	-39	39	10233	160	-39	39	10233	160	-39	39	10233	160	-39	39	10233
161	-20	20	10253	161	-20	20	10253	161	-20	20	10253	161	-20	20	10253	161	-20	20	10253	161	-20	20	10253	161	-20	20	10253	161	-20	20	10253	161	-20	20	10253	161	-20	20	10253	161	-20	20	10253	161	-20	20	10253	161	-20	20	10253
162	-18	18	10271	162	-18	18	10271	162	-18	18	10271	162	-18	18	10271	162	-18	18	10271	162	-18	18	10271	162	-18	18	10271	162	-18	18	10271	162	-18	18	10271	162	-18	18	10271	162	-18	18	10271	162	-18	18	10271	162	-18	18	10271
163	-23	23	10294	163	-23	23	10294	163	-23	23	10294	163	-23	23	10294	163	-23	23	10294	163	-23	23	10294	163	-23	23	10294	163	-23	23	10294	163	-23	23	10294	163	-23	23	10294	163	-23	23	10294	163	-23	23	10294	163	-23	23	10294
164	-31	31	10325	164	-31	31	10325	164	-31	31	10325	164	-31	31	10325	164	-31	31	10325	164	-31	31	10325	164	-31	31	10325	164	-31	31	10325	164	-31	31	10325	164	-31	31	10325	164	-31	31	10325	164	-31	31	10325	164	-31	31	10325
165	-29	29	10354	165	-29	29	10354	165	-29	29	10354	165	-29	29	10354	165	-29	29	10354	165	-29	29	10354	165	-29	29	10354	165	-29	29	10354	165	-29	29	10354	165	-29	29	10354	165	-29	29	10354	165	-29	29	10354	165	-29	29	10354
166	-20	20	10374	166	-20	20	10374	166	-20	20	10374	166	-20	20	10374	166	-20	20	10374	166	-20	20	10374	166	-20	20	10374	166	-20	20	10374	166	-20	20	10374	166	-20	20	10374	166	-20	20	10374	166	-20	20	10374	166	-20	20	10374
167	-23	23	10397	167	-23	23	10397	167	-23	23	10397	167	-23	23	10397	167	-23	23	10397	167	-23	23	10397	167	-23	23	10397	167	-23	23	10397	167	-23	23	10397	167	-23	23	10397	167	-23	23	10397	167	-23	23	10397	167	-23	23	10397
168	-35	35	10432	168	-35	35	10432	168	-35	35	10432	168	-35	35	10432	168	-35	35	10432	168	-35	35	10432	168	-35	35	10432	168	-35	35	10432	168	-35	35	10432	168	-35	35	10432	168	-35	35	10432	168	-35	35	10432	168	-35	35	10432
169	-254	56	10488	169	-254	56	10488	169	-254	56	10488	169	-254	56	10488	169	-254	56	10488	169	-254	56	10488	169	-254	56	10488	169	-254	56	10488	169	-254	56	10488	169	-254	56	10488	169	-254	56	10488	169	-254	56	10488	169	-254	56	10488
170	-17	17	10505	170	-17	17	10505	170	-17	17	10505	170	-17	17	10505	170	-17	17	10505	170	-17	17	10505	170	-17	17	10505	170	-17	17	10505	170	-17	17	10505	170	-17	17	10505	170	-17	17	10505	170	-17	17	10505	170	-17	17	10505
171	-28	28	10533	171	-28	28	10533	171	-28	28	10533	171	-28	28	10533	171	-28	28	10533	171	-28	28	10533	171	-28	28	10533	171	-28	28	10533	171	-28	28	10533	171	-28	28	10533	171	-28	28	10533	171	-28	28	10533	171	-28	28	10533
172	-13	13	10546	172	-13	13	10546	172	-13	13	10546	172	-13	13	10546	172	-13	13	10546	172	-13	13	10546	172	-13	13	10546	172	-13	13	10546	172	-13	13	10546	172	-13	13	10546	172	-13	13	10546	172	-13	13	10546	172	-13	13	10546
173	-21	21	10567	173	-21	21	10567	173	-21	21	10567	173	-21	21	10567	173	-21	21	10567	173	-21	21	10567	173	-21	21	10567	173	-21	21	10567	173	-21	21	10567	173	-21	21	10567	173	-21	21	10567	173	-21	21	10567	173	-21	21	10567
174	-34	34	10601	174	-34	34	10601	174	-34	34	10601	174	-34	34	10601	174	-34	34	10601	174	-34	34	10601	174	-34	34	10601	174	-34	34	10601	174	-34	34	10601	174	-34	34	10601	174	-34	34	10601	174	-34	34	10601	174	-34	34	10601
175	-17	17	10618	175	-17	17	10618	175	-17	17	10618	175	-17	17	10618	175	-17	17	10618	175	-17	17	10618	175	-17	17	10618	175	-17	17	10618	175	-17	17	10618	175	-17	17	10618	175	-17	17	10618	175	-17	17	10618	175	-17	17	10618
176	-31	31	10649	176	-31	31	10649	176	-31	31	10649	176	-31	31	10649	176	-31	31	10649	176	-31	31	10649	176	-31	31	10649	176	-31	31	10649	176	-31	31	10649	176	-31	31	10649	176	-31	31	10649	176	-31	31	10649	176	-31	31	10649
177	-22	22	10671	177	-22	22	10671	177	-22	22	10671	177	-22	22	10671	177	-22	22	10671	177	-22	22	10671	177	-22	22	10671	177	-22	22	10671	177	-22	22	10671	177	-22	22	10671	177	-22	22	10671	177	-22	22	10671	177	-22	22	10671
178	-19	19	10690	178	-19	19	10690	178	-19	19	10690	178	-19	19	10690	178	-19	19	10690	178	-19	19	10690	178	-19	19	10690	178	-19	19	10690	178	-19	19	10690	178	-19	19	10690	178	-19	19	10690	178	-19	19	10690	178	-19	19	10690
179	-20	20	10710	179	-20	20	10710	179	-20	20	10710	179	-20	20	10710	179	-20	20	10710	179	-20	20	10710	179	-20	20	10710	179	-20	20	10710	179	-20	20	10710	179	-20	20	10710	179	-20	20	10710	179	-20	20	10710	179	-20	20	10710
180	-117	18	10728	180	-117	18	10728	180	-117	18	10728	180	-117	18	10728	180	-117	18	10728	180	-117	18	10728	180	-117	18	10728	180	-117	18	10728	180	-117	18	10728	180	-117	18	10728	180	-117	18	10728	180	-117	18	10728	180	-117	18	10728
181	-25	25	10753	181	-25	25	10753	181	-25	25	10753	181	-25	25	10753	181	-25	25	10753	181	-25	25	10753	181	-25	25	10753	181	-25	25	10753	181	-25	25	10753	181	-25	25	10753	181	-25	25	10753	181	-25	25	10753	181	-25	25	10753
182	-124	25	10778	182	-124	25	10778	182	-124	25	10778	182	-124	25	10778	182	-124	25	10778	182	-124	25	10778	182	-124	25	10778	182	-124	25	10778	182	-124	25	10778	182	-124	25	10778	182	-124	25	10778	182	-124	25	10778	182	-124	25	10778
183	-126	27	10805	183	-126	27	10805	183	-126	27	10805	183	-126	27	10805	183	-126	27	10805	183	-126	27	10805	183	-126	27	10805	183	-126	27	10805	183	-126	27	10805	183	-126	27	10805	183	-126	27	10805	183	-126	27	10805	183	-126	27	10805
184	-260	62	10867	184	-260	62	10867	184	-260	62	10867	184	-260	62	10867	184	-260	62	10867	184	-260	62	10867	184	-260	62	10867	184	-260	62	10867	184	-260	62	10867	184	-260	62	10867	184	-260	62	10867	184	-260	62	10867	184	-260	62	10867
185	-25	25	10892	185	-25	25	10892	185	-25	25	10892	185	-25	25	10892	185	-25	25	10892	185	-25	25	10892	185	-25	25	10892	185	-25	25	10892	185	-25	25	10892	185	-25	25	10892	185	-25	25	10892	185	-25	25	10892	185	-25	25	10892
186	-24	24	10916	186	-24	24	10916	186	-24	24	10916	186	-24	24	10916	186	-24	24	10916	186	-24	24	10916	186	-24	24	10916	186	-24	24	10916	186	-24	24	10916	186	-24	24	10916	186	-24	24	10916	186	-24	24	10916	186	-24	24	10916
187	-24	24	10940	187	-24	24	10940	187	-24	24	10940	187	-24	24	10940	187	-24	24	10940	187	-24	24	10940	187	-24	24	10940	187	-24	24	10940	187	-24	24	10940	187	-24	24	10940	187	-24	24	10940	187	-24	24	10940	187	-24	24	10940
188	-13	13	10953	188	-13	13	10953	188	-13	13	10953	188	-13	13	10953	188	-13	13	10953	188	-13	13	10953	188	-13	13	10953	188	-13	13	10953	188	-13	13	10953	188	-13	13	10953	188	-13	13	10953	188	-13	13	10953	188	-13	13	10953
189	-25	25	10978	189	-25	25	10978	189	-25	25	10978	189	-25	25	10978	189	-25	25	10978	189	-25	25	10978	189	-25	25	10978	189	-25	25	10978	189	-25	25	10978	189	-25	25	10978	189	-25	25	10978	189	-25	25	10978	189	-25	25	10978
190	-24	24	11002	190	-24	24	11002	190	-24	24	11002	190	-24	24	11002	190	-24	24	11002	190	-24	24	11002	190	-24	24	11002	190	-24	24	11002	190	-24	24	11002	190	-24	24	11002	190	-24	24	11002	190	-24	24	11002	190	-24	24	11002
191	-15	15	11017	191	-15	15	11017	191	-15	15	11017	191	-15	15	11017	191	-15	15	11017	191	-15	15	11017	191	-15	15	11017	191	-15	15	11017	191	-15	15	11017	191	-15	15	11017	191	-15	15	11017	191	-15	15	11017	191	-15	15	11017
192	-19	19	11036	192	-19	19	11036	192	-19	19	11036	192	-19	19	11036	192	-19	19	11036	192	-19	19	11036	192	-19	19	11036	192	-19	19	11036	192	-19	19	11036	192	-19	19	11036	192	-19	19	11036	192	-19	19	11036	192	-19	19	11036
193	-40	40	11076	193	-40	40	11076	193	-40	40	11076	193	-40	40	11076	193	-40	40	11076	193	-40	40	11076	193	-40	40	11076	193	-40	40	11076	193	-40	40	11076	193	-40	40	11076	193	-40	40	11076	193	-40	40	11076	193	-40	40	11076
194	-17	17	11093	194	-17	17	11093	194	-17	17	11093	194	-17	17	11093	194	-17	17	11093	194	-17	17	11093	194	-17	17	11093	194	-17	17	11093	194	-17	17	11093	194	-17	17	11093	194	-17	17	11093	194	-17	17	11093	194	-17	17	11093
195	-19	19	11112	195	-19	19	11112	195	-19	19	11112	195	-19	19	11112	195	-19	19	11112	195	-19	19	11112	195	-19	19	11112	195	-19	19	11112	195	-19	19	11112	195	-19	19	11112	195	-19	19	11112	195	-19	19	11112	195	-19	19	11112
196	-31	31	11143	196	-31	31	11143	196	-31	31	11143	196	-31	31	11143	196	-31	31	11143	196	-31	31	11143	196	-31	31	11143	196	-31	31	11143	196	-31	31	11143	196	-31	31	11143	196	-31	31	11143	196	-31	31	11143	196	-31	31	11143
197	-26	26	11169	197	-26	26	11169	197	-26	26	11169	197	-26	26	11169	197	-26	26	11169	197	-26	26	11169	197	-26	26	11169	197	-26	26	11169	197	-26	26	11169	197	-26	26	11169	197	-26	26	11169	197	-26	26	11169	197	-26	26	11169
198	-13	13	11182	198	-13	13	11182	198	-13	13	11182	198	-13	13	11182	198	-13	13	11182	198	-13	13	11182	198	-13	13	11182	198	-13	13	11182	198	-13	13	11182	198	-13	13	11182	198	-13	13	11182	198	-13	13	11182	198	-13	13	11182
199	-18	18	11200	199	-18	18	11200	199	-18	18	11200	199	-18	18	11200	199	-18	18	11200	199	-18	18	11200	199	-18	18	11200	199	-18	18	11200	199	-18	18	11200	199	-18	18	11200	199	-18	18	11200	199	-18	18	11200	199	-18	18	11200
