Episode	Accumulated Reward	Length	Steps	Episode	Accumulated Reward	Length	Steps	Episode	Accumulated Reward	Length	Steps	Episode	Accumulated Reward	Length	Steps	Episode	Accumulated Reward	Length	Steps	Episode	Accumulated Reward	Length	Steps	Episode	Accumulated Reward	Length	Steps	Episode	Accumulated Reward	Length	Steps	Episode	Accumulated Reward	Length	Steps	Episode	Accumulated Reward	Length	Steps	Episode	Accumulated Reward	Length	Steps	Episode	Accumulated Reward	Length	Steps	Episode	Accumulated Reward	Length	Steps	Episode	Accumulated Reward	Length	Steps	Episode	Accumulated Reward	Length	Steps	Episode	Accumulated Reward	Length	Steps
0	-1756	568	568	0	-1756	568	568	0	-1756	568	568	0	-1756	568	568	0	-1756	568	568	0	-1756	568	568	0	-1756	568	568	0	-1756	568	568	0	-1756	568	568	0	-1756	568	568	0	-1756	568	568	0	-1756	568	568	0	-1756	568	568	0	-1756	568	568	0	-1756	568	568	0	-1756	568	568
1	-1009	415	983	1	-1009	415	983	1	-1009	415	983	1	-1009	415	983	1	-1009	415	983	1	-1009	415	983	1	-1009	415	983	1	-1009	415	983	1	-1009	415	983	1	-1009	415	983	1	-1009	415	983	1	-1009	415	983	1	-1009	415	983	1	-1009	415	983	1	-1009	415	983	1	-1009	415	983
2	-328	229	1212	2	-328	229	1212	2	-328	229	1212	2	-328	229	1212	2	-328	229	1212	2	-328	229	1212	2	-328	229	1212	2	-328	229	1212	2	-328	229	1212	2	-328	229	1212	2	-328	229	1212	2	-328	229	1212	2	-328	229	1212	2	-328	229	1212	2	-328	229	1212	2	-328	229	1212
3	-367	268	1480	3	-367	268	1480	3	-367	268	1480	3	-367	268	1480	3	-367	268	1480	3	-367	268	1480	3	-367	268	1480	3	-367	268	1480	3	-367	268	1480	3	-367	268	1480	3	-367	268	1480	3	-367	268	1480	3	-367	268	1480	3	-367	268	1480	3	-367	268	1480	3	-367	268	1480
4	-433	235	1715	4	-433	235	1715	4	-433	235	1715	4	-433	235	1715	4	-433	235	1715	4	-433	235	1715	4	-433	235	1715	4	-433	235	1715	4	-433	235	1715	4	-433	235	1715	4	-433	235	1715	4	-433	235	1715	4	-433	235	1715	4	-433	235	1715	4	-433	235	1715	4	-433	235	1715
5	-73	73	1788	5	-73	73	1788	5	-73	73	1788	5	-73	73	1788	5	-73	73	1788	5	-73	73	1788	5	-73	73	1788	5	-73	73	1788	5	-73	73	1788	5	-73	73	1788	5	-73	73	1788	5	-73	73	1788	5	-73	73	1788	5	-73	73	1788	5	-73	73	1788	5	-73	73	1788
6	-360	162	1950	6	-360	162	1950	6	-360	162	1950	6	-360	162	1950	6	-360	162	1950	6	-360	162	1950	6	-360	162	1950	6	-360	162	1950	6	-360	162	1950	6	-360	162	1950	6	-360	162	1950	6	-360	162	1950	6	-360	162	1950	6	-360	162	1950	6	-360	162	1950	6	-360	162	1950
7	-348	249	2199	7	-348	249	2199	7	-348	249	2199	7	-348	249	2199	7	-348	249	2199	7	-348	249	2199	7	-348	249	2199	7	-348	249	2199	7	-348	249	2199	7	-348	249	2199	7	-348	249	2199	7	-348	249	2199	7	-348	249	2199	7	-348	249	2199	7	-348	249	2199	7	-348	249	2199
8	-85	85	2284	8	-85	85	2284	8	-85	85	2284	8	-85	85	2284	8	-85	85	2284	8	-85	85	2284	8	-85	85	2284	8	-85	85	2284	8	-85	85	2284	8	-85	85	2284	8	-85	85	2284	8	-85	85	2284	8	-85	85	2284	8	-85	85	2284	8	-85	85	2284	8	-85	85	2284
9	-153	153	2437	9	-153	153	2437	9	-153	153	2437	9	-153	153	2437	9	-153	153	2437	9	-153	153	2437	9	-153	153	2437	9	-153	153	2437	9	-153	153	2437	9	-153	153	2437	9	-153	153	2437	9	-153	153	2437	9	-153	153	2437	9	-153	153	2437	9	-153	153	2437	9	-153	153	2437
10	-73	73	2510	10	-73	73	2510	10	-73	73	2510	10	-73	73	2510	10	-73	73	2510	10	-73	73	2510	10	-73	73	2510	10	-73	73	2510	10	-73	73	2510	10	-73	73	2510	10	-73	73	2510	10	-73	73	2510	10	-73	73	2510	10	-73	73	2510	10	-73	73	2510	10	-73	73	2510
11	-274	175	2685	11	-274	175	2685	11	-274	175	2685	11	-274	175	2685	11	-274	175	2685	11	-274	175	2685	11	-274	175	2685	11	-274	175	2685	11	-274	175	2685	11	-274	175	2685	11	-274	175	2685	11	-274	175	2685	11	-274	175	2685	11	-274	175	2685	11	-274	175	2685	11	-274	175	2685
12	-333	234	2919	12	-333	234	2919	12	-333	234	2919	12	-333	234	2919	12	-333	234	2919	12	-333	234	2919	12	-333	234	2919	12	-333	234	2919	12	-333	234	2919	12	-333	234	2919	12	-333	234	2919	12	-333	234	2919	12	-333	234	2919	12	-333	234	2919	12	-333	234	2919	12	-333	234	2919
13	-145	46	2965	13	-145	46	2965	13	-145	46	2965	13	-145	46	2965	13	-145	46	2965	13	-145	46	2965	13	-145	46	2965	13	-145	46	2965	13	-145	46	2965	13	-145	46	2965	13	-145	46	2965	13	-145	46	2965	13	-145	46	2965	13	-145	46	2965	13	-145	46	2965	13	-145	46	2965
14	-521	224	3189	14	-521	224	3189	14	-521	224	3189	14	-521	224	3189	14	-521	224	3189	14	-521	224	3189	14	-521	224	3189	14	-521	224	3189	14	-521	224	3189	14	-521	224	3189	14	-521	224	3189	14	-521	224	3189	14	-521	224	3189	14	-521	224	3189	14	-521	224	3189	14	-521	224	3189
15	-225	126	3315	15	-225	126	3315	15	-225	126	3315	15	-225	126	3315	15	-225	126	3315	15	-225	126	3315	15	-225	126	3315	15	-225	126	3315	15	-225	126	3315	15	-225	126	3315	15	-225	126	3315	15	-225	126	3315	15	-225	126	3315	15	-225	126	3315	15	-225	126	3315	15	-225	126	3315
16	-300	201	3516	16	-300	201	3516	16	-300	201	3516	16	-300	201	3516	16	-300	201	3516	16	-300	201	3516	16	-300	201	3516	16	-300	201	3516	16	-300	201	3516	16	-300	201	3516	16	-300	201	3516	16	-300	201	3516	16	-300	201	3516	16	-300	201	3516	16	-300	201	3516	16	-300	201	3516
17	-80	80	3596	17	-80	80	3596	17	-80	80	3596	17	-80	80	3596	17	-80	80	3596	17	-80	80	3596	17	-80	80	3596	17	-80	80	3596	17	-80	80	3596	17	-80	80	3596	17	-80	80	3596	17	-80	80	3596	17	-80	80	3596	17	-80	80	3596	17	-80	80	3596	17	-80	80	3596
18	-134	134	3730	18	-134	134	3730	18	-134	134	3730	18	-134	134	3730	18	-134	134	3730	18	-134	134	3730	18	-134	134	3730	18	-134	134	3730	18	-134	134	3730	18	-134	134	3730	18	-134	134	3730	18	-134	134	3730	18	-134	134	3730	18	-134	134	3730	18	-134	134	3730	18	-134	134	3730
19	-371	173	3903	19	-371	173	3903	19	-371	173	3903	19	-371	173	3903	19	-371	173	3903	19	-371	173	3903	19	-371	173	3903	19	-371	173	3903	19	-371	173	3903	19	-371	173	3903	19	-371	173	3903	19	-371	173	3903	19	-371	173	3903	19	-371	173	3903	19	-371	173	3903	19	-371	173	3903
20	-59	59	3962	20	-59	59	3962	20	-59	59	3962	20	-59	59	3962	20	-59	59	3962	20	-59	59	3962	20	-59	59	3962	20	-59	59	3962	20	-59	59	3962	20	-59	59	3962	20	-59	59	3962	20	-59	59	3962	20	-59	59	3962	20	-59	59	3962	20	-59	59	3962	20	-59	59	3962
21	-158	158	4120	21	-158	158	4120	21	-158	158	4120	21	-158	158	4120	21	-158	158	4120	21	-158	158	4120	21	-158	158	4120	21	-158	158	4120	21	-158	158	4120	21	-158	158	4120	21	-158	158	4120	21	-158	158	4120	21	-158	158	4120	21	-158	158	4120	21	-158	158	4120	21	-158	158	4120
22	-181	82	4202	22	-181	82	4202	22	-181	82	4202	22	-181	82	4202	22	-181	82	4202	22	-181	82	4202	22	-181	82	4202	22	-181	82	4202	22	-181	82	4202	22	-181	82	4202	22	-181	82	4202	22	-181	82	4202	22	-181	82	4202	22	-181	82	4202	22	-181	82	4202	22	-181	82	4202
23	-94	94	4296	23	-94	94	4296	23	-94	94	4296	23	-94	94	4296	23	-94	94	4296	23	-94	94	4296	23	-94	94	4296	23	-94	94	4296	23	-94	94	4296	23	-94	94	4296	23	-94	94	4296	23	-94	94	4296	23	-94	94	4296	23	-94	94	4296	23	-94	94	4296	23	-94	94	4296
24	-47	47	4343	24	-47	47	4343	24	-47	47	4343	24	-47	47	4343	24	-47	47	4343	24	-47	47	4343	24	-47	47	4343	24	-47	47	4343	24	-47	47	4343	24	-47	47	4343	24	-47	47	4343	24	-47	47	4343	24	-47	47	4343	24	-47	47	4343	24	-47	47	4343	24	-47	47	4343
25	-169	70	4413	25	-169	70	4413	25	-169	70	4413	25	-169	70	4413	25	-169	70	4413	25	-169	70	4413	25	-169	70	4413	25	-169	70	4413	25	-169	70	4413	25	-169	70	4413	25	-169	70	4413	25	-169	70	4413	25	-169	70	4413	25	-169	70	4413	25	-169	70	4413	25	-169	70	4413
26	-72	72	4485	26	-72	72	4485	26	-72	72	4485	26	-72	72	4485	26	-72	72	4485	26	-72	72	4485	26	-72	72	4485	26	-72	72	4485	26	-72	72	4485	26	-72	72	4485	26	-72	72	4485	26	-72	72	4485	26	-72	72	4485	26	-72	72	4485	26	-72	72	4485	26	-72	72	4485
27	-200	101	4586	27	-200	101	4586	27	-200	101	4586	27	-200	101	4586	27	-200	101	4586	27	-200	101	4586	27	-200	101	4586	27	-200	101	4586	27	-200	101	4586	27	-200	101	4586	27	-200	101	4586	27	-200	101	4586	27	-200	101	4586	27	-200	101	4586	27	-200	101	4586	27	-200	101	4586
28	-101	101	4687	28	-101	101	4687	28	-101	101	4687	28	-101	101	4687	28	-101	101	4687	28	-101	101	4687	28	-101	101	4687	28	-101	101	4687	28	-101	101	4687	28	-101	101	4687	28	-101	101	4687	28	-101	101	4687	28	-101	101	4687	28	-101	101	4687	28	-101	101	4687	28	-101	101	4687
29	-72	72	4759	29	-72	72	4759	29	-72	72	4759	29	-72	72	4759	29	-72	72	4759	29	-72	72	4759	29	-72	72	4759	29	-72	72	4759	29	-72	72	4759	29	-72	72	4759	29	-72	72	4759	29	-72	72	4759	29	-72	72	4759	29	-72	72	4759	29	-72	72	4759	29	-72	72	4759
30	-45	45	4804	30	-45	45	4804	30	-45	45	4804	30	-45	45	4804	30	-45	45	4804	30	-45	45	4804	30	-45	45	4804	30	-45	45	4804	30	-45	45	4804	30	-45	45	4804	30	-45	45	4804	30	-45	45	4804	30	-45	45	4804	30	-45	45	4804	30	-45	45	4804	30	-45	45	4804
31	-322	124	4928	31	-322	124	4928	31	-322	124	4928	31	-322	124	4928	31	-322	124	4928	31	-322	124	4928	31	-322	124	4928	31	-322	124	4928	31	-322	124	4928	31	-322	124	4928	31	-322	124	4928	31	-322	124	4928	31	-322	124	4928	31	-322	124	4928	31	-322	124	4928	31	-322	124	4928
32	-93	93	5021	32	-93	93	5021	32	-93	93	5021	32	-93	93	5021	32	-93	93	5021	32	-93	93	5021	32	-93	93	5021	32	-93	93	5021	32	-93	93	5021	32	-93	93	5021	32	-93	93	5021	32	-93	93	5021	32	-93	93	5021	32	-93	93	5021	32	-93	93	5021	32	-93	93	5021
33	-57	57	5078	33	-57	57	5078	33	-57	57	5078	33	-57	57	5078	33	-57	57	5078	33	-57	57	5078	33	-57	57	5078	33	-57	57	5078	33	-57	57	5078	33	-57	57	5078	33	-57	57	5078	33	-57	57	5078	33	-57	57	5078	33	-57	57	5078	33	-57	57	5078	33	-57	57	5078
34	-48	48	5126	34	-48	48	5126	34	-48	48	5126	34	-48	48	5126	34	-48	48	5126	34	-48	48	5126	34	-48	48	5126	34	-48	48	5126	34	-48	48	5126	34	-48	48	5126	34	-48	48	5126	34	-48	48	5126	34	-48	48	5126	34	-48	48	5126	34	-48	48	5126	34	-48	48	5126
35	-194	95	5221	35	-194	95	5221	35	-194	95	5221	35	-194	95	5221	35	-194	95	5221	35	-194	95	5221	35	-194	95	5221	35	-194	95	5221	35	-194	95	5221	35	-194	95	5221	35	-194	95	5221	35	-194	95	5221	35	-194	95	5221	35	-194	95	5221	35	-194	95	5221	35	-194	95	5221
36	-60	60	5281	36	-60	60	5281	36	-60	60	5281	36	-60	60	5281	36	-60	60	5281	36	-60	60	5281	36	-60	60	5281	36	-60	60	5281	36	-60	60	5281	36	-60	60	5281	36	-60	60	5281	36	-60	60	5281	36	-60	60	5281	36	-60	60	5281	36	-60	60	5281	36	-60	60	5281
37	-176	77	5358	37	-176	77	5358	37	-176	77	5358	37	-176	77	5358	37	-176	77	5358	37	-176	77	5358	37	-176	77	5358	37	-176	77	5358	37	-176	77	5358	37	-176	77	5358	37	-176	77	5358	37	-176	77	5358	37	-176	77	5358	37	-176	77	5358	37	-176	77	5358	37	-176	77	5358
38	-52	52	5410	38	-52	52	5410	38	-52	52	5410	38	-52	52	5410	38	-52	52	5410	38	-52	52	5410	38	-52	52	5410	38	-52	52	5410	38	-52	52	5410	38	-52	52	5410	38	-52	52	5410	38	-52	52	5410	38	-52	52	5410	38	-52	52	5410	38	-52	52	5410	38	-52	52	5410
39	-42	42	5452	39	-42	42	5452	39	-42	42	5452	39	-42	42	5452	39	-42	42	5452	39	-42	42	5452	39	-42	42	5452	39	-42	42	5452	39	-42	42	5452	39	-42	42	5452	39	-42	42	5452	39	-42	42	5452	39	-42	42	5452	39	-42	42	5452	39	-42	42	5452	39	-42	42	5452
40	-94	94	5546	40	-94	94	5546	40	-94	94	5546	40	-94	94	5546	40	-94	94	5546	40	-94	94	5546	40	-94	94	5546	40	-94	94	5546	40	-94	94	5546	40	-94	94	5546	40	-94	94	5546	40	-94	94	5546	40	-94	94	5546	40	-94	94	5546	40	-94	94	5546	40	-94	94	5546
41	-701	206	5752	41	-701	206	5752	41	-701	206	5752	41	-701	206	5752	41	-701	206	5752	41	-701	206	5752	41	-701	206	5752	41	-701	206	5752	41	-701	206	5752	41	-701	206	5752	41	-701	206	5752	41	-701	206	5752	41	-701	206	5752	41	-701	206	5752	41	-701	206	5752	41	-701	206	5752
42	-42	42	5794	42	-42	42	5794	42	-42	42	5794	42	-42	42	5794	42	-42	42	5794	42	-42	42	5794	42	-42	42	5794	42	-42	42	5794	42	-42	42	5794	42	-42	42	5794	42	-42	42	5794	42	-42	42	5794	42	-42	42	5794	42	-42	42	5794	42	-42	42	5794	42	-42	42	5794
43	-179	80	5874	43	-179	80	5874	43	-179	80	5874	43	-179	80	5874	43	-179	80	5874	43	-179	80	5874	43	-179	80	5874	43	-179	80	5874	43	-179	80	5874	43	-179	80	5874	43	-179	80	5874	43	-179	80	5874	43	-179	80	5874	43	-179	80	5874	43	-179	80	5874	43	-179	80	5874
44	-58	58	5932	44	-58	58	5932	44	-58	58	5932	44	-58	58	5932	44	-58	58	5932	44	-58	58	5932	44	-58	58	5932	44	-58	58	5932	44	-58	58	5932	44	-58	58	5932	44	-58	58	5932	44	-58	58	5932	44	-58	58	5932	44	-58	58	5932	44	-58	58	5932	44	-58	58	5932
45	-39	39	5971	45	-39	39	5971	45	-39	39	5971	45	-39	39	5971	45	-39	39	5971	45	-39	39	5971	45	-39	39	5971	45	-39	39	5971	45	-39	39	5971	45	-39	39	5971	45	-39	39	5971	45	-39	39	5971	45	-39	39	5971	45	-39	39	5971	45	-39	39	5971	45	-39	39	5971
46	-52	52	6023	46	-52	52	6023	46	-52	52	6023	46	-52	52	6023	46	-52	52	6023	46	-52	52	6023	46	-52	52	6023	46	-52	52	6023	46	-52	52	6023	46	-52	52	6023	46	-52	52	6023	46	-52	52	6023	46	-52	52	6023	46	-52	52	6023	46	-52	52	6023	46	-52	52	6023
47	-169	70	6093	47	-169	70	6093	47	-169	70	6093	47	-169	70	6093	47	-169	70	6093	47	-169	70	6093	47	-169	70	6093	47	-169	70	6093	47	-169	70	6093	47	-169	70	6093	47	-169	70	6093	47	-169	70	6093	47	-169	70	6093	47	-169	70	6093	47	-169	70	6093	47	-169	70	6093
48	-42	42	6135	48	-42	42	6135	48	-42	42	6135	48	-42	42	6135	48	-42	42	6135	48	-42	42	6135	48	-42	42	6135	48	-42	42	6135	48	-42	42	6135	48	-42	42	6135	48	-42	42	6135	48	-42	42	6135	48	-42	42	6135	48	-42	42	6135	48	-42	42	6135	48	-42	42	6135
49	-182	83	6218	49	-182	83	6218	49	-182	83	6218	49	-182	83	6218	49	-182	83	6218	49	-182	83	6218	49	-182	83	6218	49	-182	83	6218	49	-182	83	6218	49	-182	83	6218	49	-182	83	6218	49	-182	83	6218	49	-182	83	6218	49	-182	83	6218	49	-182	83	6218	49	-182	83	6218
50	-179	80	6298	50	-179	80	6298	50	-179	80	6298	50	-179	80	6298	50	-179	80	6298	50	-179	80	6298	50	-179	80	6298	50	-179	80	6298	50	-179	80	6298	50	-179	80	6298	50	-179	80	6298	50	-179	80	6298	50	-179	80	6298	50	-179	80	6298	50	-179	80	6298	50	-179	80	6298
51	-181	82	6380	51	-181	82	6380	51	-181	82	6380	51	-181	82	6380	51	-181	82	6380	51	-181	82	6380	51	-181	82	6380	51	-181	82	6380	51	-181	82	6380	51	-181	82	6380	51	-181	82	6380	51	-181	82	6380	51	-181	82	6380	51	-181	82	6380	51	-181	82	6380	51	-181	82	6380
52	-24	24	6404	52	-24	24	6404	52	-24	24	6404	52	-24	24	6404	52	-24	24	6404	52	-24	24	6404	52	-24	24	6404	52	-24	24	6404	52	-24	24	6404	52	-24	24	6404	52	-24	24	6404	52	-24	24	6404	52	-24	24	6404	52	-24	24	6404	52	-24	24	6404	52	-24	24	6404
53	-42	42	6446	53	-42	42	6446	53	-42	42	6446	53	-42	42	6446	53	-42	42	6446	53	-42	42	6446	53	-42	42	6446	53	-42	42	6446	53	-42	42	6446	53	-42	42	6446	53	-42	42	6446	53	-42	42	6446	53	-42	42	6446	53	-42	42	6446	53	-42	42	6446	53	-42	42	6446
54	-162	63	6509	54	-162	63	6509	54	-162	63	6509	54	-162	63	6509	54	-162	63	6509	54	-162	63	6509	54	-162	63	6509	54	-162	63	6509	54	-162	63	6509	54	-162	63	6509	54	-162	63	6509	54	-162	63	6509	54	-162	63	6509	54	-162	63	6509	54	-162	63	6509	54	-162	63	6509
55	-153	54	6563	55	-153	54	6563	55	-153	54	6563	55	-153	54	6563	55	-153	54	6563	55	-153	54	6563	55	-153	54	6563	55	-153	54	6563	55	-153	54	6563	55	-153	54	6563	55	-153	54	6563	55	-153	54	6563	55	-153	54	6563	55	-153	54	6563	55	-153	54	6563	55	-153	54	6563
56	-26	26	6589	56	-26	26	6589	56	-26	26	6589	56	-26	26	6589	56	-26	26	6589	56	-26	26	6589	56	-26	26	6589	56	-26	26	6589	56	-26	26	6589	56	-26	26	6589	56	-26	26	6589	56	-26	26	6589	56	-26	26	6589	56	-26	26	6589	56	-26	26	6589	56	-26	26	6589
57	-54	54	6643	57	-54	54	6643	57	-54	54	6643	57	-54	54	6643	57	-54	54	6643	57	-54	54	6643	57	-54	54	6643	57	-54	54	6643	57	-54	54	6643	57	-54	54	6643	57	-54	54	6643	57	-54	54	6643	57	-54	54	6643	57	-54	54	6643	57	-54	54	6643	57	-54	54	6643
58	-41	41	6684	58	-41	41	6684	58	-41	41	6684	58	-41	41	6684	58	-41	41	6684	58	-41	41	6684	58	-41	41	6684	58	-41	41	6684	58	-41	41	6684	58	-41	41	6684	58	-41	41	6684	58	-41	41	6684	58	-41	41	6684	58	-41	41	6684	58	-41	41	6684	58	-41	41	6684
59	-18	18	6702	59	-18	18	6702	59	-18	18	6702	59	-18	18	6702	59	-18	18	6702	59	-18	18	6702	59	-18	18	6702	59	-18	18	6702	59	-18	18	6702	59	-18	18	6702	59	-18	18	6702	59	-18	18	6702	59	-18	18	6702	59	-18	18	6702	59	-18	18	6702	59	-18	18	6702
60	-60	60	6762	60	-60	60	6762	60	-60	60	6762	60	-60	60	6762	60	-60	60	6762	60	-60	60	6762	60	-60	60	6762	60	-60	60	6762	60	-60	60	6762	60	-60	60	6762	60	-60	60	6762	60	-60	60	6762	60	-60	60	6762	60	-60	60	6762	60	-60	60	6762	60	-60	60	6762
61	-159	60	6822	61	-159	60	6822	61	-159	60	6822	61	-159	60	6822	61	-159	60	6822	61	-159	60	6822	61	-159	60	6822	61	-159	60	6822	61	-159	60	6822	61	-159	60	6822	61	-159	60	6822	61	-159	60	6822	61	-159	60	6822	61	-159	60	6822	61	-159	60	6822	61	-159	60	6822
62	-57	57	6879	62	-57	57	6879	62	-57	57	6879	62	-57	57	6879	62	-57	57	6879	62	-57	57	6879	62	-57	57	6879	62	-57	57	6879	62	-57	57	6879	62	-57	57	6879	62	-57	57	6879	62	-57	57	6879	62	-57	57	6879	62	-57	57	6879	62	-57	57	6879	62	-57	57	6879
63	-316	118	6997	63	-316	118	6997	63	-316	118	6997	63	-316	118	6997	63	-316	118	6997	63	-316	118	6997	63	-316	118	6997	63	-316	118	6997	63	-316	118	6997	63	-316	118	6997	63	-316	118	6997	63	-316	118	6997	63	-316	118	6997	63	-316	118	6997	63	-316	118	6997	63	-316	118	6997
64	-410	113	7110	64	-410	113	7110	64	-410	113	7110	64	-410	113	7110	64	-410	113	7110	64	-410	113	7110	64	-410	113	7110	64	-410	113	7110	64	-410	113	7110	64	-410	113	7110	64	-410	113	7110	64	-410	113	7110	64	-410	113	7110	64	-410	113	7110	64	-410	113	7110	64	-410	113	7110
65	-40	40	7150	65	-40	40	7150	65	-40	40	7150	65	-40	40	7150	65	-40	40	7150	65	-40	40	7150	65	-40	40	7150	65	-40	40	7150	65	-40	40	7150	65	-40	40	7150	65	-40	40	7150	65	-40	40	7150	65	-40	40	7150	65	-40	40	7150	65	-40	40	7150	65	-40	40	7150
66	-34	34	7184	66	-34	34	7184	66	-34	34	7184	66	-34	34	7184	66	-34	34	7184	66	-34	34	7184	66	-34	34	7184	66	-34	34	7184	66	-34	34	7184	66	-34	34	7184	66	-34	34	7184	66	-34	34	7184	66	-34	34	7184	66	-34	34	7184	66	-34	34	7184	66	-34	34	7184
67	-48	48	7232	67	-48	48	7232	67	-48	48	7232	67	-48	48	7232	67	-48	48	7232	67	-48	48	7232	67	-48	48	7232	67	-48	48	7232	67	-48	48	7232	67	-48	48	7232	67	-48	48	7232	67	-48	48	7232	67	-48	48	7232	67	-48	48	7232	67	-48	48	7232	67	-48	48	7232
68	-149	50	7282	68	-149	50	7282	68	-149	50	7282	68	-149	50	7282	68	-149	50	7282	68	-149	50	7282	68	-149	50	7282	68	-149	50	7282	68	-149	50	7282	68	-149	50	7282	68	-149	50	7282	68	-149	50	7282	68	-149	50	7282	68	-149	50	7282	68	-149	50	7282	68	-149	50	7282
69	-40	40	7322	69	-40	40	7322	69	-40	40	7322	69	-40	40	7322	69	-40	40	7322	69	-40	40	7322	69	-40	40	7322	69	-40	40	7322	69	-40	40	7322	69	-40	40	7322	69	-40	40	7322	69	-40	40	7322	69	-40	40	7322	69	-40	40	7322	69	-40	40	7322	69	-40	40	7322
70	-27	27	7349	70	-27	27	7349	70	-27	27	7349	70	-27	27	7349	70	-27	27	7349	70	-27	27	7349	70	-27	27	7349	70	-27	27	7349	70	-27	27	7349	70	-27	27	7349	70	-27	27	7349	70	-27	27	7349	70	-27	27	7349	70	-27	27	7349	70	-27	27	7349	70	-27	27	7349
71	-71	71	7420	71	-71	71	7420	71	-71	71	7420	71	-71	71	7420	71	-71	71	7420	71	-71	71	7420	71	-71	71	7420	71	-71	71	7420	71	-71	71	7420	71	-71	71	7420	71	-71	71	7420	71	-71	71	7420	71	-71	71	7420	71	-71	71	7420	71	-71	71	7420	71	-71	71	7420
72	-34	34	7454	72	-34	34	7454	72	-34	34	7454	72	-34	34	7454	72	-34	34	7454	72	-34	34	7454	72	-34	34	7454	72	-34	34	7454	72	-34	34	7454	72	-34	34	7454	72	-34	34	7454	72	-34	34	7454	72	-34	34	7454	72	-34	34	7454	72	-34	34	7454	72	-34	34	7454
73	-29	29	7483	73	-29	29	7483	73	-29	29	7483	73	-29	29	7483	73	-29	29	7483	73	-29	29	7483	73	-29	29	7483	73	-29	29	7483	73	-29	29	7483	73	-29	29	7483	73	-29	29	7483	73	-29	29	7483	73	-29	29	7483	73	-29	29	7483	73	-29	29	7483	73	-29	29	7483
74	-24	24	7507	74	-24	24	7507	74	-24	24	7507	74	-24	24	7507	74	-24	24	7507	74	-24	24	7507	74	-24	24	7507	74	-24	24	7507	74	-24	24	7507	74	-24	24	7507	74	-24	24	7507	74	-24	24	7507	74	-24	24	7507	74	-24	24	7507	74	-24	24	7507	74	-24	24	7507
75	-150	51	7558	75	-150	51	7558	75	-150	51	7558	75	-150	51	7558	75	-150	51	7558	75	-150	51	7558	75	-150	51	7558	75	-150	51	7558	75	-150	51	7558	75	-150	51	7558	75	-150	51	7558	75	-150	51	7558	75	-150	51	7558	75	-150	51	7558	75	-150	51	7558	75	-150	51	7558
76	-21	21	7579	76	-21	21	7579	76	-21	21	7579	76	-21	21	7579	76	-21	21	7579	76	-21	21	7579	76	-21	21	7579	76	-21	21	7579	76	-21	21	7579	76	-21	21	7579	76	-21	21	7579	76	-21	21	7579	76	-21	21	7579	76	-21	21	7579	76	-21	21	7579	76	-21	21	7579
77	-47	47	7626	77	-47	47	7626	77	-47	47	7626	77	-47	47	7626	77	-47	47	7626	77	-47	47	7626	77	-47	47	7626	77	-47	47	7626	77	-47	47	7626	77	-47	47	7626	77	-47	47	7626	77	-47	47	7626	77	-47	47	7626	77	-47	47	7626	77	-47	47	7626	77	-47	47	7626
78	-48	48	7674	78	-48	48	7674	78	-48	48	7674	78	-48	48	7674	78	-48	48	7674	78	-48	48	7674	78	-48	48	7674	78	-48	48	7674	78	-48	48	7674	78	-48	48	7674	78	-48	48	7674	78	-48	48	7674	78	-48	48	7674	78	-48	48	7674	78	-48	48	7674	78	-48	48	7674
79	-29	29	7703	79	-29	29	7703	79	-29	29	7703	79	-29	29	7703	79	-29	29	7703	79	-29	29	7703	79	-29	29	7703	79	-29	29	7703	79	-29	29	7703	79	-29	29	7703	79	-29	29	7703	79	-29	29	7703	79	-29	29	7703	79	-29	29	7703	79	-29	29	7703	79	-29	29	7703
80	-29	29	7732	80	-29	29	7732	80	-29	29	7732	80	-29	29	7732	80	-29	29	7732	80	-29	29	7732	80	-29	29	7732	80	-29	29	7732	80	-29	29	7732	80	-29	29	7732	80	-29	29	7732	80	-29	29	7732	80	-29	29	7732	80	-29	29	7732	80	-29	29	7732	80	-29	29	7732
81	-46	46	7778	81	-46	46	7778	81	-46	46	7778	81	-46	46	7778	81	-46	46	7778	81	-46	46	7778	81	-46	46	7778	81	-46	46	7778	81	-46	46	7778	81	-46	46	7778	81	-46	46	7778	81	-46	46	7778	81	-46	46	7778	81	-46	46	7778	81	-46	46	7778	81	-46	46	7778
82	-157	58	7836	82	-157	58	7836	82	-157	58	7836	82	-157	58	7836	82	-157	58	7836	82	-157	58	7836	82	-157	58	7836	82	-157	58	7836	82	-157	58	7836	82	-157	58	7836	82	-157	58	7836	82	-157	58	7836	82	-157	58	7836	82	-157	58	7836	82	-157	58	7836	82	-157	58	7836
83	-23	23	7859	83	-23	23	7859	83	-23	23	7859	83	-23	23	7859	83	-23	23	7859	83	-23	23	7859	83	-23	23	7859	83	-23	23	7859	83	-23	23	7859	83	-23	23	7859	83	-23	23	7859	83	-23	23	7859	83	-23	23	7859	83	-23	23	7859	83	-23	23	7859	83	-23	23	7859
84	-30	30	7889	84	-30	30	7889	84	-30	30	7889	84	-30	30	7889	84	-30	30	7889	84	-30	30	7889	84	-30	30	7889	84	-30	30	7889	84	-30	30	7889	84	-30	30	7889	84	-30	30	7889	84	-30	30	7889	84	-30	30	7889	84	-30	30	7889	84	-30	30	7889	84	-30	30	7889
85	-35	35	7924	85	-35	35	7924	85	-35	35	7924	85	-35	35	7924	85	-35	35	7924	85	-35	35	7924	85	-35	35	7924	85	-35	35	7924	85	-35	35	7924	85	-35	35	7924	85	-35	35	7924	85	-35	35	7924	85	-35	35	7924	85	-35	35	7924	85	-35	35	7924	85	-35	35	7924
86	-151	52	7976	86	-151	52	7976	86	-151	52	7976	86	-151	52	7976	86	-151	52	7976	86	-151	52	7976	86	-151	52	7976	86	-151	52	7976	86	-151	52	7976	86	-151	52	7976	86	-151	52	7976	86	-151	52	7976	86	-151	52	7976	86	-151	52	7976	86	-151	52	7976	86	-151	52	7976
87	-39	39	8015	87	-39	39	8015	87	-39	39	8015	87	-39	39	8015	87	-39	39	8015	87	-39	39	8015	87	-39	39	8015	87	-39	39	8015	87	-39	39	8015	87	-39	39	8015	87	-39	39	8015	87	-39	39	8015	87	-39	39	8015	87	-39	39	8015	87	-39	39	8015	87	-39	39	8015
88	-51	51	8066	88	-51	51	8066	88	-51	51	8066	88	-51	51	8066	88	-51	51	8066	88	-51	51	8066	88	-51	51	8066	88	-51	51	8066	88	-51	51	8066	88	-51	51	8066	88	-51	51	8066	88	-51	51	8066	88	-51	51	8066	88	-51	51	8066	88	-51	51	8066	88	-51	51	8066
89	-46	46	8112	89	-46	46	8112	89	-46	46	8112	89	-46	46	8112	89	-46	46	8112	89	-46	46	8112	89	-46	46	8112	89	-46	46	8112	89	-46	46	8112	89	-46	46	8112	89	-46	46	8112	89	-46	46	8112	89	-46	46	8112	89	-46	46	8112	89	-46	46	8112	89	-46	46	8112
90	-34	34	8146	90	-34	34	8146	90	-34	34	8146	90	-34	34	8146	90	-34	34	8146	90	-34	34	8146	90	-34	34	8146	90	-34	34	8146	90	-34	34	8146	90	-34	34	8146	90	-34	34	8146	90	-34	34	8146	90	-34	34	8146	90	-34	34	8146	90	-34	34	8146	90	-34	34	8146
91	-42	42	8188	91	-42	42	8188	91	-42	42	8188	91	-42	42	8188	91	-42	42	8188	91	-42	42	8188	91	-42	42	8188	91	-42	42	8188	91	-42	42	8188	91	-42	42	8188	91	-42	42	8188	91	-42	42	8188	91	-42	42	8188	91	-42	42	8188	91	-42	42	8188	91	-42	42	8188
92	-29	29	8217	92	-29	29	8217	92	-29	29	8217	92	-29	29	8217	92	-29	29	8217	92	-29	29	8217	92	-29	29	8217	92	-29	29	8217	92	-29	29	8217	92	-29	29	8217	92	-29	29	8217	92	-29	29	8217	92	-29	29	8217	92	-29	29	8217	92	-29	29	8217	92	-29	29	8217
93	-28	28	8245	93	-28	28	8245	93	-28	28	8245	93	-28	28	8245	93	-28	28	8245	93	-28	28	8245	93	-28	28	8245	93	-28	28	8245	93	-28	28	8245	93	-28	28	8245	93	-28	28	8245	93	-28	28	8245	93	-28	28	8245	93	-28	28	8245	93	-28	28	8245	93	-28	28	8245
94	-30	30	8275	94	-30	30	8275	94	-30	30	8275	94	-30	30	8275	94	-30	30	8275	94	-30	30	8275	94	-30	30	8275	94	-30	30	8275	94	-30	30	8275	94	-30	30	8275	94	-30	30	8275	94	-30	30	8275	94	-30	30	8275	94	-30	30	8275	94	-30	30	8275	94	-30	30	8275
95	-29	29	8304	95	-29	29	8304	95	-29	29	8304	95	-29	29	8304	95	-29	29	8304	95	-29	29	8304	95	-29	29	8304	95	-29	29	8304	95	-29	29	8304	95	-29	29	8304	95	-29	29	8304	95	-29	29	8304	95	-29	29	8304	95	-29	29	8304	95	-29	29	8304	95	-29	29	8304
96	-47	47	8351	96	-47	47	8351	96	-47	47	8351	96	-47	47	8351	96	-47	47	8351	96	-47	47	8351	96	-47	47	8351	96	-47	47	8351	96	-47	47	8351	96	-47	47	8351	96	-47	47	8351	96	-47	47	8351	96	-47	47	8351	96	-47	47	8351	96	-47	47	8351	96	-47	47	8351
97	-160	61	8412	97	-160	61	8412	97	-160	61	8412	97	-160	61	8412	97	-160	61	8412	97	-160	61	8412	97	-160	61	8412	97	-160	61	8412	97	-160	61	8412	97	-160	61	8412	97	-160	61	8412	97	-160	61	8412	97	-160	61	8412	97	-160	61	8412	97	-160	61	8412	97	-160	61	8412
98	-22	22	8434	98	-22	22	8434	98	-22	22	8434	98	-22	22	8434	98	-22	22	8434	98	-22	22	8434	98	-22	22	8434	98	-22	22	8434	98	-22	22	8434	98	-22	22	8434	98	-22	22	8434	98	-22	22	8434	98	-22	22	8434	98	-22	22	8434	98	-22	22	8434	98	-22	22	8434
99	-29	29	8463	99	-29	29	8463	99	-29	29	8463	99	-29	29	8463	99	-29	29	8463	99	-29	29	8463	99	-29	29	8463	99	-29	29	8463	99	-29	29	8463	99	-29	29	8463	99	-29	29	8463	99	-29	29	8463	99	-29	29	8463	99	-29	29	8463	99	-29	29	8463	99	-29	29	8463
100	-48	48	8511	100	-48	48	8511	100	-48	48	8511	100	-48	48	8511	100	-48	48	8511	100	-48	48	8511	100	-48	48	8511	100	-48	48	8511	100	-48	48	8511	100	-48	48	8511	100	-48	48	8511	100	-48	48	8511	100	-48	48	8511	100	-48	48	8511	100	-48	48	8511	100	-48	48	8511
101	-128	29	8540	101	-128	29	8540	101	-128	29	8540	101	-128	29	8540	101	-128	29	8540	101	-128	29	8540	101	-128	29	8540	101	-128	29	8540	101	-128	29	8540	101	-128	29	8540	101	-128	29	8540	101	-128	29	8540	101	-128	29	8540	101	-128	29	8540	101	-128	29	8540	101	-128	29	8540
102	-261	63	8603	102	-261	63	8603	102	-261	63	8603	102	-261	63	8603	102	-261	63	8603	102	-261	63	8603	102	-261	63	8603	102	-261	63	8603	102	-261	63	8603	102	-261	63	8603	102	-261	63	8603	102	-261	63	8603	102	-261	63	8603	102	-261	63	8603	102	-261	63	8603	102	-261	63	8603
103	-144	45	8648	103	-144	45	8648	103	-144	45	8648	103	-144	45	8648	103	-144	45	8648	103	-144	45	8648	103	-144	45	8648	103	-144	45	8648	103	-144	45	8648	103	-144	45	8648	103	-144	45	8648	103	-144	45	8648	103	-144	45	8648	103	-144	45	8648	103	-144	45	8648	103	-144	45	8648
104	-45	45	8693	104	-45	45	8693	104	-45	45	8693	104	-45	45	8693	104	-45	45	8693	104	-45	45	8693	104	-45	45	8693	104	-45	45	8693	104	-45	45	8693	104	-45	45	8693	104	-45	45	8693	104	-45	45	8693	104	-45	45	8693	104	-45	45	8693	104	-45	45	8693	104	-45	45	8693
105	-18	18	8711	105	-18	18	8711	105	-18	18	8711	105	-18	18	8711	105	-18	18	8711	105	-18	18	8711	105	-18	18	8711	105	-18	18	8711	105	-18	18	8711	105	-18	18	8711	105	-18	18	8711	105	-18	18	8711	105	-18	18	8711	105	-18	18	8711	105	-18	18	8711	105	-18	18	8711
106	-19	19	8730	106	-19	19	8730	106	-19	19	8730	106	-19	19	8730	106	-19	19	8730	106	-19	19	8730	106	-19	19	8730	106	-19	19	8730	106	-19	19	8730	106	-19	19	8730	106	-19	19	8730	106	-19	19	8730	106	-19	19	8730	106	-19	19	8730	106	-19	19	8730	106	-19	19	8730
107	-33	33	8763	107	-33	33	8763	107	-33	33	8763	107	-33	33	8763	107	-33	33	8763	107	-33	33	8763	107	-33	33	8763	107	-33	33	8763	107	-33	33	8763	107	-33	33	8763	107	-33	33	8763	107	-33	33	8763	107	-33	33	8763	107	-33	33	8763	107	-33	33	8763	107	-33	33	8763
108	-33	33	8796	108	-33	33	8796	108	-33	33	8796	108	-33	33	8796	108	-33	33	8796	108	-33	33	8796	108	-33	33	8796	108	-33	33	8796	108	-33	33	8796	108	-33	33	8796	108	-33	33	8796	108	-33	33	8796	108	-33	33	8796	108	-33	33	8796	108	-33	33	8796	108	-33	33	8796
109	-145	46	8842	109	-145	46	8842	109	-145	46	8842	109	-145	46	8842	109	-145	46	8842	109	-145	46	8842	109	-145	46	8842	109	-145	46	8842	109	-145	46	8842	109	-145	46	8842	109	-145	46	8842	109	-145	46	8842	109	-145	46	8842	109	-145	46	8842	109	-145	46	8842	109	-145	46	8842
110	-144	45	8887	110	-144	45	8887	110	-144	45	8887	110	-144	45	8887	110	-144	45	8887	110	-144	45	8887	110	-144	45	8887	110	-144	45	8887	110	-144	45	8887	110	-144	45	8887	110	-144	45	8887	110	-144	45	8887	110	-144	45	8887	110	-144	45	8887	110	-144	45	8887	110	-144	45	8887
111	-126	27	8914	111	-126	27	8914	111	-126	27	8914	111	-126	27	8914	111	-126	27	8914	111	-126	27	8914	111	-126	27	8914	111	-126	27	8914	111	-126	27	8914	111	-126	27	8914	111	-126	27	8914	111	-126	27	8914	111	-126	27	8914	111	-126	27	8914	111	-126	27	8914	111	-126	27	8914
112	-22	22	8936	112	-22	22	8936	112	-22	22	8936	112	-22	22	8936	112	-22	22	8936	112	-22	22	8936	112	-22	22	8936	112	-22	22	8936	112	-22	22	8936	112	-22	22	8936	112	-22	22	8936	112	-22	22	8936	112	-22	22	8936	112	-22	22	8936	112	-22	22	8936	112	-22	22	8936
113	-24	24	8960	113	-24	24	8960	113	-24	24	8960	113	-24	24	8960	113	-24	24	8960	113	-24	24	8960	113	-24	24	8960	113	-24	24	8960	113	-24	24	8960	113	-24	24	8960	113	-24	24	8960	113	-24	24	8960	113	-24	24	8960	113	-24	24	8960	113	-24	24	8960	113	-24	24	8960
114	-141	42	9002	114	-141	42	9002	114	-141	42	9002	114	-141	42	9002	114	-141	42	9002	114	-141	42	9002	114	-141	42	9002	114	-141	42	9002	114	-141	42	9002	114	-141	42	9002	114	-141	42	9002	114	-141	42	9002	114	-141	42	9002	114	-141	42	9002	114	-141	42	9002	114	-141	42	9002
115	-37	37	9039	115	-37	37	9039	115	-37	37	9039	115	-37	37	9039	115	-37	37	9039	115	-37	37	9039	115	-37	37	9039	115	-37	37	9039	115	-37	37	9039	115	-37	37	9039	115	-37	37	9039	115	-37	37	9039	115	-37	37	9039	115	-37	37	9039	115	-37	37	9039	115	-37	37	9039
116	-33	33	9072	116	-33	33	9072	116	-33	33	9072	116	-33	33	9072	116	-33	33	9072	116	-33	33	9072	116	-33	33	9072	116	-33	33	9072	116	-33	33	9072	116	-33	33	9072	116	-33	33	9072	116	-33	33	9072	116	-33	33	9072	116	-33	33	9072	116	-33	33	9072	116	-33	33	9072
117	-40	40	9112	117	-40	40	9112	117	-40	40	9112	117	-40	40	9112	117	-40	40	9112	117	-40	40	9112	117	-40	40	9112	117	-40	40	9112	117	-40	40	9112	117	-40	40	9112	117	-40	40	9112	117	-40	40	9112	117	-40	40	9112	117	-40	40	9112	117	-40	40	9112	117	-40	40	9112
118	-29	29	9141	118	-29	29	9141	118	-29	29	9141	118	-29	29	9141	118	-29	29	9141	118	-29	29	9141	118	-29	29	9141	118	-29	29	9141	118	-29	29	9141	118	-29	29	9141	118	-29	29	9141	118	-29	29	9141	118	-29	29	9141	118	-29	29	9141	118	-29	29	9141	118	-29	29	9141
119	-26	26	9167	119	-26	26	9167	119	-26	26	9167	119	-26	26	9167	119	-26	26	9167	119	-26	26	9167	119	-26	26	9167	119	-26	26	9167	119	-26	26	9167	119	-26	26	9167	119	-26	26	9167	119	-26	26	9167	119	-26	26	9167	119	-26	26	9167	119	-26	26	9167	119	-26	26	9167
120	-39	39	9206	120	-39	39	9206	120	-39	39	9206	120	-39	39	9206	120	-39	39	9206	120	-39	39	9206	120	-39	39	9206	120	-39	39	9206	120	-39	39	9206	120	-39	39	9206	120	-39	39	9206	120	-39	39	9206	120	-39	39	9206	120	-39	39	9206	120	-39	39	9206	120	-39	39	9206
121	-17	17	9223	121	-17	17	9223	121	-17	17	9223	121	-17	17	9223	121	-17	17	9223	121	-17	17	9223	121	-17	17	9223	121	-17	17	9223	121	-17	17	9223	121	-17	17	9223	121	-17	17	9223	121	-17	17	9223	121	-17	17	9223	121	-17	17	9223	121	-17	17	9223	121	-17	17	9223
122	-23	23	9246	122	-23	23	9246	122	-23	23	9246	122	-23	23	9246	122	-23	23	9246	122	-23	23	9246	122	-23	23	9246	122	-23	23	9246	122	-23	23	9246	122	-23	23	9246	122	-23	23	9246	122	-23	23	9246	122	-23	23	9246	122	-23	23	9246	122	-23	23	9246	122	-23	23	9246
123	-27	27	9273	123	-27	27	9273	123	-27	27	9273	123	-27	27	9273	123	-27	27	9273	123	-27	27	9273	123	-27	27	9273	123	-27	27	9273	123	-27	27	9273	123	-27	27	9273	123	-27	27	9273	123	-27	27	9273	123	-27	27	9273	123	-27	27	9273	123	-27	27	9273	123	-27	27	9273
124	-34	34	9307	124	-34	34	9307	124	-34	34	9307	124	-34	34	9307	124	-34	34	9307	124	-34	34	9307	124	-34	34	9307	124	-34	34	9307	124	-34	34	9307	124	-34	34	9307	124	-34	34	9307	124	-34	34	9307	124	-34	34	9307	124	-34	34	9307	124	-34	34	9307	124	-34	34	9307
125	-31	31	9338	125	-31	31	9338	125	-31	31	9338	125	-31	31	9338	125	-31	31	9338	125	-31	31	9338	125	-31	31	9338	125	-31	31	9338	125	-31	31	9338	125	-31	31	9338	125	-31	31	9338	125	-31	31	9338	125	-31	31	9338	125	-31	31	9338	125	-31	31	9338	125	-31	31	9338
126	-34	34	9372	126	-34	34	9372	126	-34	34	9372	126	-34	34	9372	126	-34	34	9372	126	-34	34	9372	126	-34	34	9372	126	-34	34	9372	126	-34	34	9372	126	-34	34	9372	126	-34	34	9372	126	-34	34	9372	126	-34	34	9372	126	-34	34	9372	126	-34	34	9372	126	-34	34	9372
127	-28	28	9400	127	-28	28	9400	127	-28	28	9400	127	-28	28	9400	127	-28	28	9400	127	-28	28	9400	127	-28	28	9400	127	-28	28	9400	127	-28	28	9400	127	-28	28	9400	127	-28	28	9400	127	-28	28	9400	127	-28	28	9400	127	-28	28	9400	127	-28	28	9400	127	-28	28	9400
128	-152	53	9453	128	-152	53	9453	128	-152	53	9453	128	-152	53	9453	128	-152	53	9453	128	-152	53	9453	128	-152	53	9453	128	-152	53	9453	128	-152	53	9453	128	-152	53	9453	128	-152	53	9453	128	-152	53	9453	128	-152	53	9453	128	-152	53	9453	128	-152	53	9453	128	-152	53	9453
129	-145	46	9499	129	-145	46	9499	129	-145	46	9499	129	-145	46	9499	129	-145	46	9499	129	-145	46	9499	129	-145	46	9499	129	-145	46	9499	129	-145	46	9499	129	-145	46	9499	129	-145	46	9499	129	-145	46	9499	129	-145	46	9499	129	-145	46	9499	129	-145	46	9499	129	-145	46	9499
130	-33	33	9532	130	-33	33	9532	130	-33	33	9532	130	-33	33	9532	130	-33	33	9532	130	-33	33	9532	130	-33	33	9532	130	-33	33	9532	130	-33	33	9532	130	-33	33	9532	130	-33	33	9532	130	-33	33	9532	130	-33	33	9532	130	-33	33	9532	130	-33	33	9532	130	-33	33	9532
131	-33	33	9565	131	-33	33	9565	131	-33	33	9565	131	-33	33	9565	131	-33	33	9565	131	-33	33	9565	131	-33	33	9565	131	-33	33	9565	131	-33	33	9565	131	-33	33	9565	131	-33	33	9565	131	-33	33	9565	131	-33	33	9565	131	-33	33	9565	131	-33	33	9565	131	-33	33	9565
132	-20	20	9585	132	-20	20	9585	132	-20	20	9585	132	-20	20	9585	132	-20	20	9585	132	-20	20	9585	132	-20	20	9585	132	-20	20	9585	132	-20	20	9585	132	-20	20	9585	132	-20	20	9585	132	-20	20	9585	132	-20	20	9585	132	-20	20	9585	132	-20	20	9585	132	-20	20	9585
133	-43	43	9628	133	-43	43	9628	133	-43	43	9628	133	-43	43	9628	133	-43	43	9628	133	-43	43	9628	133	-43	43	9628	133	-43	43	9628	133	-43	43	9628	133	-43	43	9628	133	-43	43	9628	133	-43	43	9628	133	-43	43	9628	133	-43	43	9628	133	-43	43	9628	133	-43	43	9628
134	-39	39	9667	134	-39	39	9667	134	-39	39	9667	134	-39	39	9667	134	-39	39	9667	134	-39	39	9667	134	-39	39	9667	134	-39	39	9667	134	-39	39	9667	134	-39	39	9667	134	-39	39	9667	134	-39	39	9667	134	-39	39	9667	134	-39	39	9667	134	-39	39	9667	134	-39	39	9667
135	-15	15	9682	135	-15	15	9682	135	-15	15	9682	135	-15	15	9682	135	-15	15	9682	135	-15	15	9682	135	-15	15	9682	135	-15	15	9682	135	-15	15	9682	135	-15	15	9682	135	-15	15	9682	135	-15	15	9682	135	-15	15	9682	135	-15	15	9682	135	-15	15	9682	135	-15	15	9682
136	-25	25	9707	136	-25	25	9707	136	-25	25	9707	136	-25	25	9707	136	-25	25	9707	136	-25	25	9707	136	-25	25	9707	136	-25	25	9707	136	-25	25	9707	136	-25	25	9707	136	-25	25	9707	136	-25	25	9707	136	-25	25	9707	136	-25	25	9707	136	-25	25	9707	136	-25	25	9707
137	-29	29	9736	137	-29	29	9736	137	-29	29	9736	137	-29	29	9736	137	-29	29	9736	137	-29	29	9736	137	-29	29	9736	137	-29	29	9736	137	-29	29	9736	137	-29	29	9736	137	-29	29	9736	137	-29	29	9736	137	-29	29	9736	137	-29	29	9736	137	-29	29	9736	137	-29	29	9736
138	-27	27	9763	138	-27	27	9763	138	-27	27	9763	138	-27	27	9763	138	-27	27	9763	138	-27	27	9763	138	-27	27	9763	138	-27	27	9763	138	-27	27	9763	138	-27	27	9763	138	-27	27	9763	138	-27	27	9763	138	-27	27	9763	138	-27	27	9763	138	-27	27	9763	138	-27	27	9763
139	-21	21	9784	139	-21	21	9784	139	-21	21	9784	139	-21	21	9784	139	-21	21	9784	139	-21	21	9784	139	-21	21	9784	139	-21	21	9784	139	-21	21	9784	139	-21	21	9784	139	-21	21	9784	139	-21	21	9784	139	-21	21	9784	139	-21	21	9784	139	-21	21	9784	139	-21	21	9784
140	-30	30	9814	140	-30	30	9814	140	-30	30	9814	140	-30	30	9814	140	-30	30	9814	140	-30	30	9814	140	-30	30	9814	140	-30	30	9814	140	-30	30	9814	140	-30	30	9814	140	-30	30	9814	140	-30	30	9814	140	-30	30	9814	140	-30	30	9814	140	-30	30	9814	140	-30	30	9814
141	-46	46	9860	141	-46	46	9860	141	-46	46	9860	141	-46	46	9860	141	-46	46	9860	141	-46	46	9860	141	-46	46	9860	141	-46	46	9860	141	-46	46	9860	141	-46	46	9860	141	-46	46	9860	141	-46	46	9860	141	-46	46	9860	141	-46	46	9860	141	-46	46	9860	141	-46	46	9860
142	-25	25	9885	142	-25	25	9885	142	-25	25	9885	142	-25	25	9885	142	-25	25	9885	142	-25	25	9885	142	-25	25	9885	142	-25	25	9885	142	-25	25	9885	142	-25	25	9885	142	-25	25	9885	142	-25	25	9885	142	-25	25	9885	142	-25	25	9885	142	-25	25	9885	142	-25	25	9885
143	-128	29	9914	143	-128	29	9914	143	-128	29	9914	143	-128	29	9914	143	-128	29	9914	143	-128	29	9914	143	-128	29	9914	143	-128	29	9914	143	-128	29	9914	143	-128	29	9914	143	-128	29	9914	143	-128	29	9914	143	-128	29	9914	143	-128	29	9914	143	-128	29	9914	143	-128	29	9914
144	-21	21	9935	144	-21	21	9935	144	-21	21	9935	144	-21	21	9935	144	-21	21	9935	144	-21	21	9935	144	-21	21	9935	144	-21	21	9935	144	-21	21	9935	144	-21	21	9935	144	-21	21	9935	144	-21	21	9935	144	-21	21	9935	144	-21	21	9935	144	-21	21	9935	144	-21	21	9935
145	-132	33	9968	145	-132	33	9968	145	-132	33	9968	145	-132	33	9968	145	-132	33	9968	145	-132	33	9968	145	-132	33	9968	145	-132	33	9968	145	-132	33	9968	145	-132	33	9968	145	-132	33	9968	145	-132	33	9968	145	-132	33	9968	145	-132	33	9968	145	-132	33	9968	145	-132	33	9968
146	-17	17	9985	146	-17	17	9985	146	-17	17	9985	146	-17	17	9985	146	-17	17	9985	146	-17	17	9985	146	-17	17	9985	146	-17	17	9985	146	-17	17	9985	146	-17	17	9985	146	-17	17	9985	146	-17	17	9985	146	-17	17	9985	146	-17	17	9985	146	-17	17	9985	146	-17	17	9985
147	-144	45	10030	147	-144	45	10030	147	-144	45	10030	147	-144	45	10030	147	-144	45	10030	147	-144	45	10030	147	-144	45	10030	147	-144	45	10030	147	-144	45	10030	147	-144	45	10030	147	-144	45	10030	147	-144	45	10030	147	-144	45	10030	147	-144	45	10030	147	-144	45	10030	147	-144	45	10030
148	-20	20	10050	148	-20	20	10050	148	-20	20	10050	148	-20	20	10050	148	-20	20	10050	148	-20	20	10050	148	-20	20	10050	148	-20	20	10050	148	-20	20	10050	148	-20	20	10050	148	-20	20	10050	148	-20	20	10050	148	-20	20	10050	148	-20	20	10050	148	-20	20	10050	148	-20	20	10050
149	-22	22	10072	149	-22	22	10072	149	-22	22	10072	149	-22	22	10072	149	-22	22	10072	149	-22	22	10072	149	-22	22	10072	149	-22	22	10072	149	-22	22	10072	149	-22	22	10072	149	-22	22	10072	149	-22	22	10072	149	-22	22	10072	149	-22	22	10072	149	-22	22	10072	149	-22	22	10072
150	-36	36	10108	150	-36	36	10108	150	-36	36	10108	150	-36	36	10108	150	-36	36	10108	150	-36	36	10108	150	-36	36	10108	150	-36	36	10108	150	-36	36	10108	150	-36	36	10108	150	-36	36	10108	150	-36	36	10108	150	-36	36	10108	150	-36	36	10108	150	-36	36	10108	150	-36	36	10108
151	-38	38	10146	151	-38	38	10146	151	-38	38	10146	151	-38	38	10146	151	-38	38	10146	151	-38	38	10146	151	-38	38	10146	151	-38	38	10146	151	-38	38	10146	151	-38	38	10146	151	-38	38	10146	151	-38	38	10146	151	-38	38	10146	151	-38	38	10146	151	-38	38	10146	151	-38	38	10146
152	-134	35	10181	152	-134	35	10181	152	-134	35	10181	152	-134	35	10181	152	-134	35	10181	152	-134	35	10181	152	-134	35	10181	152	-134	35	10181	152	-134	35	10181	152	-134	35	10181	152	-134	35	10181	152	-134	35	10181	152	-134	35	10181	152	-134	35	10181	152	-134	35	10181	152	-134	35	10181
153	-21	21	10202	153	-21	21	10202	153	-21	21	10202	153	-21	21	10202	153	-21	21	10202	153	-21	21	10202	153	-21	21	10202	153	-21	21	10202	153	-21	21	10202	153	-21	21	10202	153	-21	21	10202	153	-21	21	10202	153	-21	21	10202	153	-21	21	10202	153	-21	21	10202	153	-21	21	10202
154	-124	25	10227	154	-124	25	10227	154	-124	25	10227	154	-124	25	10227	154	-124	25	10227	154	-124	25	10227	154	-124	25	10227	154	-124	25	10227	154	-124	25	10227	154	-124	25	10227	154	-124	25	10227	154	-124	25	10227	154	-124	25	10227	154	-124	25	10227	154	-124	25	10227	154	-124	25	10227
155	-231	33	10260	155	-231	33	10260	155	-231	33	10260	155	-231	33	10260	155	-231	33	10260	155	-231	33	10260	155	-231	33	10260	155	-231	33	10260	155	-231	33	10260	155	-231	33	10260	155	-231	33	10260	155	-231	33	10260	155	-231	33	10260	155	-231	33	10260	155	-231	33	10260	155	-231	33	10260
156	-40	40	10300	156	-40	40	10300	156	-40	40	10300	156	-40	40	10300	156	-40	40	10300	156	-40	40	10300	156	-40	40	10300	156	-40	40	10300	156	-40	40	10300	156	-40	40	10300	156	-40	40	10300	156	-40	40	10300	156	-40	40	10300	156	-40	40	10300	156	-40	40	10300	156	-40	40	10300
157	-38	38	10338	157	-38	38	10338	157	-38	38	10338	157	-38	38	10338	157	-38	38	10338	157	-38	38	10338	157	-38	38	10338	157	-38	38	10338	157	-38	38	10338	157	-38	38	10338	157	-38	38	10338	157	-38	38	10338	157	-38	38	10338	157	-38	38	10338	157	-38	38	10338	157	-38	38	10338
158	-23	23	10361	158	-23	23	10361	158	-23	23	10361	158	-23	23	10361	158	-23	23	10361	158	-23	23	10361	158	-23	23	10361	158	-23	23	10361	158	-23	23	10361	158	-23	23	10361	158	-23	23	10361	158	-23	23	10361	158	-23	23	10361	158	-23	23	10361	158	-23	23	10361	158	-23	23	10361
159	-38	38	10399	159	-38	38	10399	159	-38	38	10399	159	-38	38	10399	159	-38	38	10399	159	-38	38	10399	159	-38	38	10399	159	-38	38	10399	159	-38	38	10399	159	-38	38	10399	159	-38	38	10399	159	-38	38	10399	159	-38	38	10399	159	-38	38	10399	159	-38	38	10399	159	-38	38	10399
160	-19	19	10418	160	-19	19	10418	160	-19	19	10418	160	-19	19	10418	160	-19	19	10418	160	-19	19	10418	160	-19	19	10418	160	-19	19	10418	160	-19	19	10418	160	-19	19	10418	160	-19	19	10418	160	-19	19	10418	160	-19	19	10418	160	-19	19	10418	160	-19	19	10418	160	-19	19	10418
161	-17	17	10435	161	-17	17	10435	161	-17	17	10435	161	-17	17	10435	161	-17	17	10435	161	-17	17	10435	161	-17	17	10435	161	-17	17	10435	161	-17	17	10435	161	-17	17	10435	161	-17	17	10435	161	-17	17	10435	161	-17	17	10435	161	-17	17	10435	161	-17	17	10435	161	-17	17	10435
162	-13	13	10448	162	-13	13	10448	162	-13	13	10448	162	-13	13	10448	162	-13	13	10448	162	-13	13	10448	162	-13	13	10448	162	-13	13	10448	162	-13	13	10448	162	-13	13	10448	162	-13	13	10448	162	-13	13	10448	162	-13	13	10448	162	-13	13	10448	162	-13	13	10448	162	-13	13	10448
163	-35	35	10483	163	-35	35	10483	163	-35	35	10483	163	-35	35	10483	163	-35	35	10483	163	-35	35	10483	163	-35	35	10483	163	-35	35	10483	163	-35	35	10483	163	-35	35	10483	163	-35	35	10483	163	-35	35	10483	163	-35	35	10483	163	-35	35	10483	163	-35	35	10483	163	-35	35	10483
164	-27	27	10510	164	-27	27	10510	164	-27	27	10510	164	-27	27	10510	164	-27	27	10510	164	-27	27	10510	164	-27	27	10510	164	-27	27	10510	164	-27	27	10510	164	-27	27	10510	164	-27	27	10510	164	-27	27	10510	164	-27	27	10510	164	-27	27	10510	164	-27	27	10510	164	-27	27	10510
165	-17	17	10527	165	-17	17	10527	165	-17	17	10527	165	-17	17	10527	165	-17	17	10527	165	-17	17	10527	165	-17	17	10527	165	-17	17	10527	165	-17	17	10527	165	-17	17	10527	165	-17	17	10527	165	-17	17	10527	165	-17	17	10527	165	-17	17	10527	165	-17	17	10527	165	-17	17	10527
166	-133	34	10561	166	-133	34	10561	166	-133	34	10561	166	-133	34	10561	166	-133	34	10561	166	-133	34	10561	166	-133	34	10561	166	-133	34	10561	166	-133	34	10561	166	-133	34	10561	166	-133	34	10561	166	-133	34	10561	166	-133	34	10561	166	-133	34	10561	166	-133	34	10561	166	-133	34	10561
167	-21	21	10582	167	-21	21	10582	167	-21	21	10582	167	-21	21	10582	167	-21	21	10582	167	-21	21	10582	167	-21	21	10582	167	-21	21	10582	167	-21	21	10582	167	-21	21	10582	167	-21	21	10582	167	-21	21	10582	167	-21	21	10582	167	-21	21	10582	167	-21	21	10582	167	-21	21	10582
168	-20	20	10602	168	-20	20	10602	168	-20	20	10602	168	-20	20	10602	168	-20	20	10602	168	-20	20	10602	168	-20	20	10602	168	-20	20	10602	168	-20	20	10602	168	-20	20	10602	168	-20	20	10602	168	-20	20	10602	168	-20	20	10602	168	-20	20	10602	168	-20	20	10602	168	-20	20	10602
169	-21	21	10623	169	-21	21	10623	169	-21	21	10623	169	-21	21	10623	169	-21	21	10623	169	-21	21	10623	169	-21	21	10623	169	-21	21	10623	169	-21	21	10623	169	-21	21	10623	169	-21	21	10623	169	-21	21	10623	169	-21	21	10623	169	-21	21	10623	169	-21	21	10623	169	-21	21	10623
170	-20	20	10643	170	-20	20	10643	170	-20	20	10643	170	-20	20	10643	170	-20	20	10643	170	-20	20	10643	170	-20	20	10643	170	-20	20	10643	170	-20	20	10643	170	-20	20	10643	170	-20	20	10643	170	-20	20	10643	170	-20	20	10643	170	-20	20	10643	170	-20	20	10643	170	-20	20	10643
171	-25	25	10668	171	-25	25	10668	171	-25	25	10668	171	-25	25	10668	171	-25	25	10668	171	-25	25	10668	171	-25	25	10668	171	-25	25	10668	171	-25	25	10668	171	-25	25	10668	171	-25	25	10668	171	-25	25	10668	171	-25	25	10668	171	-25	25	10668	171	-25	25	10668	171	-25	25	10668
172	-24	24	10692	172	-24	24	10692	172	-24	24	10692	172	-24	24	10692	172	-24	24	10692	172	-24	24	10692	172	-24	24	10692	172	-24	24	10692	172	-24	24	10692	172	-24	24	10692	172	-24	24	10692	172	-24	24	10692	172	-24	24	10692	172	-24	24	10692	172	-24	24	10692	172	-24	24	10692
173	-39	39	10731	173	-39	39	10731	173	-39	39	10731	173	-39	39	10731	173	-39	39	10731	173	-39	39	10731	173	-39	39	10731	173	-39	39	10731	173	-39	39	10731	173	-39	39	10731	173	-39	39	10731	173	-39	39	10731	173	-39	39	10731	173	-39	39	10731	173	-39	39	10731	173	-39	39	10731
174	-19	19	10750	174	-19	19	10750	174	-19	19	10750	174	-19	19	10750	174	-19	19	10750	174	-19	19	10750	174	-19	19	10750	174	-19	19	10750	174	-19	19	10750	174	-19	19	10750	174	-19	19	10750	174	-19	19	10750	174	-19	19	10750	174	-19	19	10750	174	-19	19	10750	174	-19	19	10750
175	-16	16	10766	175	-16	16	10766	175	-16	16	10766	175	-16	16	10766	175	-16	16	10766	175	-16	16	10766	175	-16	16	10766	175	-16	16	10766	175	-16	16	10766	175	-16	16	10766	175	-16	16	10766	175	-16	16	10766	175	-16	16	10766	175	-16	16	10766	175	-16	16	10766	175	-16	16	10766
176	-23	23	10789	176	-23	23	10789	176	-23	23	10789	176	-23	23	10789	176	-23	23	10789	176	-23	23	10789	176	-23	23	10789	176	-23	23	10789	176	-23	23	10789	176	-23	23	10789	176	-23	23	10789	176	-23	23	10789	176	-23	23	10789	176	-23	23	10789	176	-23	23	10789	176	-23	23	10789
177	-23	23	10812	177	-23	23	10812	177	-23	23	10812	177	-23	23	10812	177	-23	23	10812	177	-23	23	10812	177	-23	23	10812	177	-23	23	10812	177	-23	23	10812	177	-23	23	10812	177	-23	23	10812	177	-23	23	10812	177	-23	23	10812	177	-23	23	10812	177	-23	23	10812	177	-23	23	10812
178	-138	39	10851	178	-138	39	10851	178	-138	39	10851	178	-138	39	10851	178	-138	39	10851	178	-138	39	10851	178	-138	39	10851	178	-138	39	10851	178	-138	39	10851	178	-138	39	10851	178	-138	39	10851	178	-138	39	10851	178	-138	39	10851	178	-138	39	10851	178	-138	39	10851	178	-138	39	10851
179	-17	17	10868	179	-17	17	10868	179	-17	17	10868	179	-17	17	10868	179	-17	17	10868	179	-17	17	10868	179	-17	17	10868	179	-17	17	10868	179	-17	17	10868	179	-17	17	10868	179	-17	17	10868	179	-17	17	10868	179	-17	17	10868	179	-17	17	10868	179	-17	17	10868	179	-17	17	10868
180	-31	31	10899	180	-31	31	10899	180	-31	31	10899	180	-31	31	10899	180	-31	31	10899	180	-31	31	10899	180	-31	31	10899	180	-31	31	10899	180	-31	31	10899	180	-31	31	10899	180	-31	31	10899	180	-31	31	10899	180	-31	31	10899	180	-31	31	10899	180	-31	31	10899	180	-31	31	10899
181	-20	20	10919	181	-20	20	10919	181	-20	20	10919	181	-20	20	10919	181	-20	20	10919	181	-20	20	10919	181	-20	20	10919	181	-20	20	10919	181	-20	20	10919	181	-20	20	10919	181	-20	20	10919	181	-20	20	10919	181	-20	20	10919	181	-20	20	10919	181	-20	20	10919	181	-20	20	10919
182	-15	15	10934	182	-15	15	10934	182	-15	15	10934	182	-15	15	10934	182	-15	15	10934	182	-15	15	10934	182	-15	15	10934	182	-15	15	10934	182	-15	15	10934	182	-15	15	10934	182	-15	15	10934	182	-15	15	10934	182	-15	15	10934	182	-15	15	10934	182	-15	15	10934	182	-15	15	10934
183	-17	17	10951	183	-17	17	10951	183	-17	17	10951	183	-17	17	10951	183	-17	17	10951	183	-17	17	10951	183	-17	17	10951	183	-17	17	10951	183	-17	17	10951	183	-17	17	10951	183	-17	17	10951	183	-17	17	10951	183	-17	17	10951	183	-17	17	10951	183	-17	17	10951	183	-17	17	10951
184	-148	49	11000	184	-148	49	11000	184	-148	49	11000	184	-148	49	11000	184	-148	49	11000	184	-148	49	11000	184	-148	49	11000	184	-148	49	11000	184	-148	49	11000	184	-148	49	11000	184	-148	49	11000	184	-148	49	11000	184	-148	49	11000	184	-148	49	11000	184	-148	49	11000	184	-148	49	11000
185	-23	23	11023	185	-23	23	11023	185	-23	23	11023	185	-23	23	11023	185	-23	23	11023	185	-23	23	11023	185	-23	23	11023	185	-23	23	11023	185	-23	23	11023	185	-23	23	11023	185	-23	23	11023	185	-23	23	11023	185	-23	23	11023	185	-23	23	11023	185	-23	23	11023	185	-23	23	11023
186	-13	13	11036	186	-13	13	11036	186	-13	13	11036	186	-13	13	11036	186	-13	13	11036	186	-13	13	11036	186	-13	13	11036	186	-13	13	11036	186	-13	13	11036	186	-13	13	11036	186	-13	13	11036	186	-13	13	11036	186	-13	13	11036	186	-13	13	11036	186	-13	13	11036	186	-13	13	11036
187	-25	25	11061	187	-25	25	11061	187	-25	25	11061	187	-25	25	11061	187	-25	25	11061	187	-25	25	11061	187	-25	25	11061	187	-25	25	11061	187	-25	25	11061	187	-25	25	11061	187	-25	25	11061	187	-25	25	11061	187	-25	25	11061	187	-25	25	11061	187	-25	25	11061	187	-25	25	11061
188	-13	13	11074	188	-13	13	11074	188	-13	13	11074	188	-13	13	11074	188	-13	13	11074	188	-13	13	11074	188	-13	13	11074	188	-13	13	11074	188	-13	13	11074	188	-13	13	11074	188	-13	13	11074	188	-13	13	11074	188	-13	13	11074	188	-13	13	11074	188	-13	13	11074	188	-13	13	11074
189	-25	25	11099	189	-25	25	11099	189	-25	25	11099	189	-25	25	11099	189	-25	25	11099	189	-25	25	11099	189	-25	25	11099	189	-25	25	11099	189	-25	25	11099	189	-25	25	11099	189	-25	25	11099	189	-25	25	11099	189	-25	25	11099	189	-25	25	11099	189	-25	25	11099	189	-25	25	11099
190	-135	36	11135	190	-135	36	11135	190	-135	36	11135	190	-135	36	11135	190	-135	36	11135	190	-135	36	11135	190	-135	36	11135	190	-135	36	11135	190	-135	36	11135	190	-135	36	11135	190	-135	36	11135	190	-135	36	11135	190	-135	36	11135	190	-135	36	11135	190	-135	36	11135	190	-135	36	11135
191	-32	32	11167	191	-32	32	11167	191	-32	32	11167	191	-32	32	11167	191	-32	32	11167	191	-32	32	11167	191	-32	32	11167	191	-32	32	11167	191	-32	32	11167	191	-32	32	11167	191	-32	32	11167	191	-32	32	11167	191	-32	32	11167	191	-32	32	11167	191	-32	32	11167	191	-32	32	11167
192	-13	13	11180	192	-13	13	11180	192	-13	13	11180	192	-13	13	11180	192	-13	13	11180	192	-13	13	11180	192	-13	13	11180	192	-13	13	11180	192	-13	13	11180	192	-13	13	11180	192	-13	13	11180	192	-13	13	11180	192	-13	13	11180	192	-13	13	11180	192	-13	13	11180	192	-13	13	11180
193	-24	24	11204	193	-24	24	11204	193	-24	24	11204	193	-24	24	11204	193	-24	24	11204	193	-24	24	11204	193	-24	24	11204	193	-24	24	11204	193	-24	24	11204	193	-24	24	11204	193	-24	24	11204	193	-24	24	11204	193	-24	24	11204	193	-24	24	11204	193	-24	24	11204	193	-24	24	11204
194	-19	19	11223	194	-19	19	11223	194	-19	19	11223	194	-19	19	11223	194	-19	19	11223	194	-19	19	11223	194	-19	19	11223	194	-19	19	11223	194	-19	19	11223	194	-19	19	11223	194	-19	19	11223	194	-19	19	11223	194	-19	19	11223	194	-19	19	11223	194	-19	19	11223	194	-19	19	11223
195	-19	19	11242	195	-19	19	11242	195	-19	19	11242	195	-19	19	11242	195	-19	19	11242	195	-19	19	11242	195	-19	19	11242	195	-19	19	11242	195	-19	19	11242	195	-19	19	11242	195	-19	19	11242	195	-19	19	11242	195	-19	19	11242	195	-19	19	11242	195	-19	19	11242	195	-19	19	11242
196	-21	21	11263	196	-21	21	11263	196	-21	21	11263	196	-21	21	11263	196	-21	21	11263	196	-21	21	11263	196	-21	21	11263	196	-21	21	11263	196	-21	21	11263	196	-21	21	11263	196	-21	21	11263	196	-21	21	11263	196	-21	21	11263	196	-21	21	11263	196	-21	21	11263	196	-21	21	11263
197	-26	26	11289	197	-26	26	11289	197	-26	26	11289	197	-26	26	11289	197	-26	26	11289	197	-26	26	11289	197	-26	26	11289	197	-26	26	11289	197	-26	26	11289	197	-26	26	11289	197	-26	26	11289	197	-26	26	11289	197	-26	26	11289	197	-26	26	11289	197	-26	26	11289	197	-26	26	11289
198	-22	22	11311	198	-22	22	11311	198	-22	22	11311	198	-22	22	11311	198	-22	22	11311	198	-22	22	11311	198	-22	22	11311	198	-22	22	11311	198	-22	22	11311	198	-22	22	11311	198	-22	22	11311	198	-22	22	11311	198	-22	22	11311	198	-22	22	11311	198	-22	22	11311	198	-22	22	11311
199	-126	27	11338	199	-126	27	11338	199	-126	27	11338	199	-126	27	11338	199	-126	27	11338	199	-126	27	11338	199	-126	27	11338	199	-126	27	11338	199	-126	27	11338	199	-126	27	11338	199	-126	27	11338	199	-126	27	11338	199	-126	27	11338	199	-126	27	11338	199	-126	27	11338	199	-126	27	11338
