Episode	Accumulated Reward	Length	Steps	Episode	Accumulated Reward	Length	Steps	Episode	Accumulated Reward	Length	Steps	Episode	Accumulated Reward	Length	Steps	Episode	Accumulated Reward	Length	Steps	Episode	Accumulated Reward	Length	Steps
0	-200.0	200	200	0	-200.0	200	200	0	-200.0	200	200	0	-200.0	200	200	0	-200.0	200	200	0	-200.0	200	200
1	-200.0	200	400	1	-200.0	200	400	1	-200.0	200	400	1	-200.0	200	400	1	-200.0	200	400	1	-200.0	200	400
2	-200.0	200	600	2	-200.0	200	600	2	-200.0	200	600	2	-200.0	200	600	2	-200.0	200	600	2	-200.0	200	600
3	-200.0	200	800	3	-200.0	200	800	3	-200.0	200	800	3	-200.0	200	800	3	-200.0	200	800	3	-200.0	200	800
4	-200.0	200	1000	4	-200.0	200	1000	4	-200.0	200	1000	4	-200.0	200	1000	4	-200.0	200	1000	4	-200.0	200	1000
5	-200.0	200	1200	5	-200.0	200	1200	5	-200.0	200	1200	5	-200.0	200	1200	5	-200.0	200	1200	5	-200.0	200	1200
6	-200.0	200	1400	6	-200.0	200	1400	6	-200.0	200	1400	6	-200.0	200	1400	6	-200.0	200	1400	6	-200.0	200	1400
7	-200.0	200	1600	7	-200.0	200	1600	7	-200.0	200	1600	7	-200.0	200	1600	7	-200.0	200	1600	7	-200.0	200	1600
8	-200.0	200	1800	8	-200.0	200	1800	8	-200.0	200	1800	8	-200.0	200	1800	8	-200.0	200	1800	8	-200.0	200	1800
9	-200.0	200	2000	9	-200.0	200	2000	9	-200.0	200	2000	9	-200.0	200	2000	9	-200.0	200	2000	9	-200.0	200	2000
10	-200.0	200	2200	10	-200.0	200	2200	10	-200.0	200	2200	10	-200.0	200	2200	10	-200.0	200	2200	10	-200.0	200	2200
11	-200.0	200	2400	11	-200.0	200	2400	11	-200.0	200	2400	11	-200.0	200	2400	11	-200.0	200	2400	11	-200.0	200	2400
12	-200.0	200	2600	12	-200.0	200	2600	12	-200.0	200	2600	12	-200.0	200	2600	12	-200.0	200	2600	12	-200.0	200	2600
13	-200.0	200	2800	13	-200.0	200	2800	13	-200.0	200	2800	13	-200.0	200	2800	13	-200.0	200	2800	13	-200.0	200	2800
14	-200.0	200	3000	14	-200.0	200	3000	14	-200.0	200	3000	14	-200.0	200	3000	14	-200.0	200	3000	14	-200.0	200	3000
15	-200.0	200	3200	15	-200.0	200	3200	15	-200.0	200	3200	15	-200.0	200	3200	15	-200.0	200	3200	15	-200.0	200	3200
16	-200.0	200	3400	16	-200.0	200	3400	16	-200.0	200	3400	16	-200.0	200	3400	16	-200.0	200	3400	16	-200.0	200	3400
17	-200.0	200	3600	17	-200.0	200	3600	17	-200.0	200	3600	17	-200.0	200	3600	17	-200.0	200	3600	17	-200.0	200	3600
18	-158.0	158	3758	18	-158.0	158	3758	18	-158.0	158	3758	18	-158.0	158	3758	18	-158.0	158	3758	18	-158.0	158	3758
19	-192.0	192	3950	19	-192.0	192	3950	19	-192.0	192	3950	19	-192.0	192	3950	19	-192.0	192	3950	19	-192.0	192	3950
20	-200.0	200	4150	20	-200.0	200	4150	20	-200.0	200	4150	20	-200.0	200	4150	20	-200.0	200	4150	20	-200.0	200	4150
21	-186.0	186	4336	21	-186.0	186	4336	21	-186.0	186	4336	21	-186.0	186	4336	21	-186.0	186	4336	21	-186.0	186	4336
22	-200.0	200	4536	22	-200.0	200	4536	22	-200.0	200	4536	22	-200.0	200	4536	22	-200.0	200	4536	22	-200.0	200	4536
23	-200.0	200	4736	23	-200.0	200	4736	23	-200.0	200	4736	23	-200.0	200	4736	23	-200.0	200	4736	23	-200.0	200	4736
24	-154.0	154	4890	24	-154.0	154	4890	24	-154.0	154	4890	24	-154.0	154	4890	24	-154.0	154	4890	24	-154.0	154	4890
25	-200.0	200	5090	25	-200.0	200	5090	25	-200.0	200	5090	25	-200.0	200	5090	25	-200.0	200	5090	25	-200.0	200	5090
26	-199.0	199	5289	26	-199.0	199	5289	26	-199.0	199	5289	26	-199.0	199	5289	26	-199.0	199	5289	26	-199.0	199	5289
27	-189.0	189	5478	27	-189.0	189	5478	27	-189.0	189	5478	27	-189.0	189	5478	27	-189.0	189	5478	27	-189.0	189	5478
28	-200.0	200	5678	28	-200.0	200	5678	28	-200.0	200	5678	28	-200.0	200	5678	28	-200.0	200	5678	28	-200.0	200	5678
29	-160.0	160	5838	29	-160.0	160	5838	29	-160.0	160	5838	29	-160.0	160	5838	29	-160.0	160	5838	29	-160.0	160	5838
30	-200.0	200	6038	30	-200.0	200	6038	30	-200.0	200	6038	30	-200.0	200	6038	30	-200.0	200	6038	30	-200.0	200	6038
31	-146.0	146	6184	31	-146.0	146	6184	31	-146.0	146	6184	31	-146.0	146	6184	31	-146.0	146	6184	31	-146.0	146	6184
32	-113.0	113	6297	32	-113.0	113	6297	32	-113.0	113	6297	32	-113.0	113	6297	32	-113.0	113	6297	32	-113.0	113	6297
33	-200.0	200	6497	33	-200.0	200	6497	33	-200.0	200	6497	33	-200.0	200	6497	33	-200.0	200	6497	33	-200.0	200	6497
34	-166.0	166	6663	34	-166.0	166	6663	34	-166.0	166	6663	34	-166.0	166	6663	34	-166.0	166	6663	34	-166.0	166	6663
35	-131.0	131	6794	35	-131.0	131	6794	35	-131.0	131	6794	35	-131.0	131	6794	35	-131.0	131	6794	35	-131.0	131	6794
36	-191.0	191	6985	36	-191.0	191	6985	36	-191.0	191	6985	36	-191.0	191	6985	36	-191.0	191	6985	36	-191.0	191	6985
37	-190.0	190	7175	37	-190.0	190	7175	37	-190.0	190	7175	37	-190.0	190	7175	37	-190.0	190	7175	37	-190.0	190	7175
38	-171.0	171	7346	38	-171.0	171	7346	38	-171.0	171	7346	38	-171.0	171	7346	38	-171.0	171	7346	38	-171.0	171	7346
39	-179.0	179	7525	39	-179.0	179	7525	39	-179.0	179	7525	39	-179.0	179	7525	39	-179.0	179	7525	39	-179.0	179	7525
40	-130.0	130	7655	40	-130.0	130	7655	40	-130.0	130	7655	40	-130.0	130	7655	40	-130.0	130	7655	40	-130.0	130	7655
41	-189.0	189	7844	41	-189.0	189	7844	41	-189.0	189	7844	41	-189.0	189	7844	41	-189.0	189	7844	41	-189.0	189	7844
42	-200.0	200	8044	42	-200.0	200	8044	42	-200.0	200	8044	42	-200.0	200	8044	42	-200.0	200	8044	42	-200.0	200	8044
43	-186.0	186	8230	43	-186.0	186	8230	43	-186.0	186	8230	43	-186.0	186	8230	43	-186.0	186	8230	43	-186.0	186	8230
44	-117.0	117	8347	44	-117.0	117	8347	44	-117.0	117	8347	44	-117.0	117	8347	44	-117.0	117	8347	44	-117.0	117	8347
45	-123.0	123	8470	45	-123.0	123	8470	45	-123.0	123	8470	45	-123.0	123	8470	45	-123.0	123	8470	45	-123.0	123	8470
46	-146.0	146	8616	46	-146.0	146	8616	46	-146.0	146	8616	46	-146.0	146	8616	46	-146.0	146	8616	46	-146.0	146	8616
47	-152.0	152	8768	47	-152.0	152	8768	47	-152.0	152	8768	47	-152.0	152	8768	47	-152.0	152	8768	47	-152.0	152	8768
48	-142.0	142	8910	48	-142.0	142	8910	48	-142.0	142	8910	48	-142.0	142	8910	48	-142.0	142	8910	48	-142.0	142	8910
49	-119.0	119	9029	49	-119.0	119	9029	49	-119.0	119	9029	49	-119.0	119	9029	49	-119.0	119	9029	49	-119.0	119	9029
50	-112.0	112	9141	50	-112.0	112	9141	50	-112.0	112	9141	50	-112.0	112	9141	50	-112.0	112	9141	50	-112.0	112	9141
51	-113.0	113	9254	51	-113.0	113	9254	51	-113.0	113	9254	51	-113.0	113	9254	51	-113.0	113	9254	51	-113.0	113	9254
52	-150.0	150	9404	52	-150.0	150	9404	52	-150.0	150	9404	52	-150.0	150	9404	52	-150.0	150	9404	52	-150.0	150	9404
53	-149.0	149	9553	53	-149.0	149	9553	53	-149.0	149	9553	53	-149.0	149	9553	53	-149.0	149	9553	53	-149.0	149	9553
54	-136.0	136	9689	54	-136.0	136	9689	54	-136.0	136	9689	54	-136.0	136	9689	54	-136.0	136	9689	54	-136.0	136	9689
55	-110.0	110	9799	55	-110.0	110	9799	55	-110.0	110	9799	55	-110.0	110	9799	55	-110.0	110	9799	55	-110.0	110	9799
56	-127.0	127	9926	56	-127.0	127	9926	56	-127.0	127	9926	56	-127.0	127	9926	56	-127.0	127	9926	56	-127.0	127	9926
57	-152.0	152	10078	57	-152.0	152	10078	57	-152.0	152	10078	57	-152.0	152	10078	57	-152.0	152	10078	57	-152.0	152	10078
58	-159.0	159	10237	58	-159.0	159	10237	58	-159.0	159	10237	58	-159.0	159	10237	58	-159.0	159	10237	58	-159.0	159	10237
59	-171.0	171	10408	59	-171.0	171	10408	59	-171.0	171	10408	59	-171.0	171	10408	59	-171.0	171	10408	59	-171.0	171	10408
60	-148.0	148	10556	60	-148.0	148	10556	60	-148.0	148	10556	60	-148.0	148	10556	60	-148.0	148	10556	60	-148.0	148	10556
61	-117.0	117	10673	61	-117.0	117	10673	61	-117.0	117	10673	61	-117.0	117	10673	61	-117.0	117	10673	61	-117.0	117	10673
62	-142.0	142	10815	62	-142.0	142	10815	62	-142.0	142	10815	62	-142.0	142	10815	62	-142.0	142	10815	62	-142.0	142	10815
63	-145.0	145	10960	63	-145.0	145	10960	63	-145.0	145	10960	63	-145.0	145	10960	63	-145.0	145	10960	63	-145.0	145	10960
64	-141.0	141	11101	64	-141.0	141	11101	64	-141.0	141	11101	64	-141.0	141	11101	64	-141.0	141	11101	64	-141.0	141	11101
65	-148.0	148	11249	65	-148.0	148	11249	65	-148.0	148	11249	65	-148.0	148	11249	65	-148.0	148	11249	65	-148.0	148	11249
66	-154.0	154	11403	66	-154.0	154	11403	66	-154.0	154	11403	66	-154.0	154	11403	66	-154.0	154	11403	66	-154.0	154	11403
67	-154.0	154	11557	67	-154.0	154	11557	67	-154.0	154	11557	67	-154.0	154	11557	67	-154.0	154	11557	67	-154.0	154	11557
68	-148.0	148	11705	68	-148.0	148	11705	68	-148.0	148	11705	68	-148.0	148	11705	68	-148.0	148	11705	68	-148.0	148	11705
69	-149.0	149	11854	69	-149.0	149	11854	69	-149.0	149	11854	69	-149.0	149	11854	69	-149.0	149	11854	69	-149.0	149	11854
70	-156.0	156	12010	70	-156.0	156	12010	70	-156.0	156	12010	70	-156.0	156	12010	70	-156.0	156	12010	70	-156.0	156	12010
71	-151.0	151	12161	71	-151.0	151	12161	71	-151.0	151	12161	71	-151.0	151	12161	71	-151.0	151	12161	71	-151.0	151	12161
72	-140.0	140	12301	72	-140.0	140	12301	72	-140.0	140	12301	72	-140.0	140	12301	72	-140.0	140	12301	72	-140.0	140	12301
73	-139.0	139	12440	73	-139.0	139	12440	73	-139.0	139	12440	73	-139.0	139	12440	73	-139.0	139	12440	73	-139.0	139	12440
74	-113.0	113	12553	74	-113.0	113	12553	74	-113.0	113	12553	74	-113.0	113	12553	74	-113.0	113	12553	74	-113.0	113	12553
75	-149.0	149	12702	75	-149.0	149	12702	75	-149.0	149	12702	75	-149.0	149	12702	75	-149.0	149	12702	75	-149.0	149	12702
76	-115.0	115	12817	76	-115.0	115	12817	76	-115.0	115	12817	76	-115.0	115	12817	76	-115.0	115	12817	76	-115.0	115	12817
77	-143.0	143	12960	77	-143.0	143	12960	77	-143.0	143	12960	77	-143.0	143	12960	77	-143.0	143	12960	77	-143.0	143	12960
78	-142.0	142	13102	78	-142.0	142	13102	78	-142.0	142	13102	78	-142.0	142	13102	78	-142.0	142	13102	78	-142.0	142	13102
79	-113.0	113	13215	79	-113.0	113	13215	79	-113.0	113	13215	79	-113.0	113	13215	79	-113.0	113	13215	79	-113.0	113	13215
80	-174.0	174	13389	80	-174.0	174	13389	80	-174.0	174	13389	80	-174.0	174	13389	80	-174.0	174	13389	80	-174.0	174	13389
81	-148.0	148	13537	81	-148.0	148	13537	81	-148.0	148	13537	81	-148.0	148	13537	81	-148.0	148	13537	81	-148.0	148	13537
82	-147.0	147	13684	82	-147.0	147	13684	82	-147.0	147	13684	82	-147.0	147	13684	82	-147.0	147	13684	82	-147.0	147	13684
83	-174.0	174	13858	83	-174.0	174	13858	83	-174.0	174	13858	83	-174.0	174	13858	83	-174.0	174	13858	83	-174.0	174	13858
84	-150.0	150	14008	84	-150.0	150	14008	84	-150.0	150	14008	84	-150.0	150	14008	84	-150.0	150	14008	84	-150.0	150	14008
85	-149.0	149	14157	85	-149.0	149	14157	85	-149.0	149	14157	85	-149.0	149	14157	85	-149.0	149	14157	85	-149.0	149	14157
86	-131.0	131	14288	86	-131.0	131	14288	86	-131.0	131	14288	86	-131.0	131	14288	86	-131.0	131	14288	86	-131.0	131	14288
87	-144.0	144	14432	87	-144.0	144	14432	87	-144.0	144	14432	87	-144.0	144	14432	87	-144.0	144	14432	87	-144.0	144	14432
88	-115.0	115	14547	88	-115.0	115	14547	88	-115.0	115	14547	88	-115.0	115	14547	88	-115.0	115	14547	88	-115.0	115	14547
89	-151.0	151	14698	89	-151.0	151	14698	89	-151.0	151	14698	89	-151.0	151	14698	89	-151.0	151	14698	89	-151.0	151	14698
90	-108.0	108	14806	90	-108.0	108	14806	90	-108.0	108	14806	90	-108.0	108	14806	90	-108.0	108	14806	90	-108.0	108	14806
91	-107.0	107	14913	91	-107.0	107	14913	91	-107.0	107	14913	91	-107.0	107	14913	91	-107.0	107	14913	91	-107.0	107	14913
92	-141.0	141	15054	92	-141.0	141	15054	92	-141.0	141	15054	92	-141.0	141	15054	92	-141.0	141	15054	92	-141.0	141	15054
93	-141.0	141	15195	93	-141.0	141	15195	93	-141.0	141	15195	93	-141.0	141	15195	93	-141.0	141	15195	93	-141.0	141	15195
94	-108.0	108	15303	94	-108.0	108	15303	94	-108.0	108	15303	94	-108.0	108	15303	94	-108.0	108	15303	94	-108.0	108	15303
95	-105.0	105	15408	95	-105.0	105	15408	95	-105.0	105	15408	95	-105.0	105	15408	95	-105.0	105	15408	95	-105.0	105	15408
96	-110.0	110	15518	96	-110.0	110	15518	96	-110.0	110	15518	96	-110.0	110	15518	96	-110.0	110	15518	96	-110.0	110	15518
97	-162.0	162	15680	97	-162.0	162	15680	97	-162.0	162	15680	97	-162.0	162	15680	97	-162.0	162	15680	97	-162.0	162	15680
98	-112.0	112	15792	98	-112.0	112	15792	98	-112.0	112	15792	98	-112.0	112	15792	98	-112.0	112	15792	98	-112.0	112	15792
99	-171.0	171	15963	99	-171.0	171	15963	99	-171.0	171	15963	99	-171.0	171	15963	99	-171.0	171	15963	99	-171.0	171	15963
100	-181.0	181	16144	100	-181.0	181	16144	100	-181.0	181	16144	100	-181.0	181	16144	100	-181.0	181	16144	100	-181.0	181	16144
101	-147.0	147	16291	101	-147.0	147	16291	101	-147.0	147	16291	101	-147.0	147	16291	101	-147.0	147	16291	101	-147.0	147	16291
102	-200.0	200	16491	102	-200.0	200	16491	102	-200.0	200	16491	102	-200.0	200	16491	102	-200.0	200	16491	102	-200.0	200	16491
103	-146.0	146	16637	103	-146.0	146	16637	103	-146.0	146	16637	103	-146.0	146	16637	103	-146.0	146	16637	103	-146.0	146	16637
104	-143.0	143	16780	104	-143.0	143	16780	104	-143.0	143	16780	104	-143.0	143	16780	104	-143.0	143	16780	104	-143.0	143	16780
105	-142.0	142	16922	105	-142.0	142	16922	105	-142.0	142	16922	105	-142.0	142	16922	105	-142.0	142	16922	105	-142.0	142	16922
106	-136.0	136	17058	106	-136.0	136	17058	106	-136.0	136	17058	106	-136.0	136	17058	106	-136.0	136	17058	106	-136.0	136	17058
107	-140.0	140	17198	107	-140.0	140	17198	107	-140.0	140	17198	107	-140.0	140	17198	107	-140.0	140	17198	107	-140.0	140	17198
108	-142.0	142	17340	108	-142.0	142	17340	108	-142.0	142	17340	108	-142.0	142	17340	108	-142.0	142	17340	108	-142.0	142	17340
109	-144.0	144	17484	109	-144.0	144	17484	109	-144.0	144	17484	109	-144.0	144	17484	109	-144.0	144	17484	109	-144.0	144	17484
110	-143.0	143	17627	110	-143.0	143	17627	110	-143.0	143	17627	110	-143.0	143	17627	110	-143.0	143	17627	110	-143.0	143	17627
111	-147.0	147	17774	111	-147.0	147	17774	111	-147.0	147	17774	111	-147.0	147	17774	111	-147.0	147	17774	111	-147.0	147	17774
112	-146.0	146	17920	112	-146.0	146	17920	112	-146.0	146	17920	112	-146.0	146	17920	112	-146.0	146	17920	112	-146.0	146	17920
113	-145.0	145	18065	113	-145.0	145	18065	113	-145.0	145	18065	113	-145.0	145	18065	113	-145.0	145	18065	113	-145.0	145	18065
114	-136.0	136	18201	114	-136.0	136	18201	114	-136.0	136	18201	114	-136.0	136	18201	114	-136.0	136	18201	114	-136.0	136	18201
115	-147.0	147	18348	115	-147.0	147	18348	115	-147.0	147	18348	115	-147.0	147	18348	115	-147.0	147	18348	115	-147.0	147	18348
116	-131.0	131	18479	116	-131.0	131	18479	116	-131.0	131	18479	116	-131.0	131	18479	116	-131.0	131	18479	116	-131.0	131	18479
117	-146.0	146	18625	117	-146.0	146	18625	117	-146.0	146	18625	117	-146.0	146	18625	117	-146.0	146	18625	117	-146.0	146	18625
118	-127.0	127	18752	118	-127.0	127	18752	118	-127.0	127	18752	118	-127.0	127	18752	118	-127.0	127	18752	118	-127.0	127	18752
119	-149.0	149	18901	119	-149.0	149	18901	119	-149.0	149	18901	119	-149.0	149	18901	119	-149.0	149	18901	119	-149.0	149	18901
120	-133.0	133	19034	120	-133.0	133	19034	120	-133.0	133	19034	120	-133.0	133	19034	120	-133.0	133	19034	120	-133.0	133	19034
121	-140.0	140	19174	121	-140.0	140	19174	121	-140.0	140	19174	121	-140.0	140	19174	121	-140.0	140	19174	121	-140.0	140	19174
122	-143.0	143	19317	122	-143.0	143	19317	122	-143.0	143	19317	122	-143.0	143	19317	122	-143.0	143	19317	122	-143.0	143	19317
123	-150.0	150	19467	123	-150.0	150	19467	123	-150.0	150	19467	123	-150.0	150	19467	123	-150.0	150	19467	123	-150.0	150	19467
124	-132.0	132	19599	124	-132.0	132	19599	124	-132.0	132	19599	124	-132.0	132	19599	124	-132.0	132	19599	124	-132.0	132	19599
125	-129.0	129	19728	125	-129.0	129	19728	125	-129.0	129	19728	125	-129.0	129	19728	125	-129.0	129	19728	125	-129.0	129	19728
126	-139.0	139	19867	126	-139.0	139	19867	126	-139.0	139	19867	126	-139.0	139	19867	126	-139.0	139	19867	126	-139.0	139	19867
127	-145.0	145	20012	127	-145.0	145	20012	127	-145.0	145	20012	127	-145.0	145	20012	127	-145.0	145	20012	127	-145.0	145	20012
128	-155.0	155	20167	128	-155.0	155	20167	128	-155.0	155	20167	128	-155.0	155	20167	128	-155.0	155	20167	128	-155.0	155	20167
129	-141.0	141	20308	129	-141.0	141	20308	129	-141.0	141	20308	129	-141.0	141	20308	129	-141.0	141	20308	129	-141.0	141	20308
130	-142.0	142	20450	130	-142.0	142	20450	130	-142.0	142	20450	130	-142.0	142	20450	130	-142.0	142	20450	130	-142.0	142	20450
131	-146.0	146	20596	131	-146.0	146	20596	131	-146.0	146	20596	131	-146.0	146	20596	131	-146.0	146	20596	131	-146.0	146	20596
132	-113.0	113	20709	132	-113.0	113	20709	132	-113.0	113	20709	132	-113.0	113	20709	132	-113.0	113	20709	132	-113.0	113	20709
133	-136.0	136	20845	133	-136.0	136	20845	133	-136.0	136	20845	133	-136.0	136	20845	133	-136.0	136	20845	133	-136.0	136	20845
134	-116.0	116	20961	134	-116.0	116	20961	134	-116.0	116	20961	134	-116.0	116	20961	134	-116.0	116	20961	134	-116.0	116	20961
135	-136.0	136	21097	135	-136.0	136	21097	135	-136.0	136	21097	135	-136.0	136	21097	135	-136.0	136	21097	135	-136.0	136	21097
136	-145.0	145	21242	136	-145.0	145	21242	136	-145.0	145	21242	136	-145.0	145	21242	136	-145.0	145	21242	136	-145.0	145	21242
137	-138.0	138	21380	137	-138.0	138	21380	137	-138.0	138	21380	137	-138.0	138	21380	137	-138.0	138	21380	137	-138.0	138	21380
138	-138.0	138	21518	138	-138.0	138	21518	138	-138.0	138	21518	138	-138.0	138	21518	138	-138.0	138	21518	138	-138.0	138	21518
139	-142.0	142	21660	139	-142.0	142	21660	139	-142.0	142	21660	139	-142.0	142	21660	139	-142.0	142	21660	139	-142.0	142	21660
140	-120.0	120	21780	140	-120.0	120	21780	140	-120.0	120	21780	140	-120.0	120	21780	140	-120.0	120	21780	140	-120.0	120	21780
141	-174.0	174	21954	141	-174.0	174	21954	141	-174.0	174	21954	141	-174.0	174	21954	141	-174.0	174	21954	141	-174.0	174	21954
142	-200.0	200	22154	142	-200.0	200	22154	142	-200.0	200	22154	142	-200.0	200	22154	142	-200.0	200	22154	142	-200.0	200	22154
143	-114.0	114	22268	143	-114.0	114	22268	143	-114.0	114	22268	143	-114.0	114	22268	143	-114.0	114	22268	143	-114.0	114	22268
144	-112.0	112	22380	144	-112.0	112	22380	144	-112.0	112	22380	144	-112.0	112	22380	144	-112.0	112	22380	144	-112.0	112	22380
145	-170.0	170	22550	145	-170.0	170	22550	145	-170.0	170	22550	145	-170.0	170	22550	145	-170.0	170	22550	145	-170.0	170	22550
146	-156.0	156	22706	146	-156.0	156	22706	146	-156.0	156	22706	146	-156.0	156	22706	146	-156.0	156	22706	146	-156.0	156	22706
147	-156.0	156	22862	147	-156.0	156	22862	147	-156.0	156	22862	147	-156.0	156	22862	147	-156.0	156	22862	147	-156.0	156	22862
148	-145.0	145	23007	148	-145.0	145	23007	148	-145.0	145	23007	148	-145.0	145	23007	148	-145.0	145	23007	148	-145.0	145	23007
149	-147.0	147	23154	149	-147.0	147	23154	149	-147.0	147	23154	149	-147.0	147	23154	149	-147.0	147	23154	149	-147.0	147	23154
150	-165.0	165	23319	150	-165.0	165	23319	150	-165.0	165	23319	150	-165.0	165	23319	150	-165.0	165	23319	150	-165.0	165	23319
151	-133.0	133	23452	151	-133.0	133	23452	151	-133.0	133	23452	151	-133.0	133	23452	151	-133.0	133	23452	151	-133.0	133	23452
152	-145.0	145	23597	152	-145.0	145	23597	152	-145.0	145	23597	152	-145.0	145	23597	152	-145.0	145	23597	152	-145.0	145	23597
153	-139.0	139	23736	153	-139.0	139	23736	153	-139.0	139	23736	153	-139.0	139	23736	153	-139.0	139	23736	153	-139.0	139	23736
154	-137.0	137	23873	154	-137.0	137	23873	154	-137.0	137	23873	154	-137.0	137	23873	154	-137.0	137	23873	154	-137.0	137	23873
155	-132.0	132	24005	155	-132.0	132	24005	155	-132.0	132	24005	155	-132.0	132	24005	155	-132.0	132	24005	155	-132.0	132	24005
156	-200.0	200	24205	156	-200.0	200	24205	156	-200.0	200	24205	156	-200.0	200	24205	156	-200.0	200	24205	156	-200.0	200	24205
157	-144.0	144	24349	157	-144.0	144	24349	157	-144.0	144	24349	157	-144.0	144	24349	157	-144.0	144	24349	157	-144.0	144	24349
158	-200.0	200	24549	158	-200.0	200	24549	158	-200.0	200	24549	158	-200.0	200	24549	158	-200.0	200	24549	158	-200.0	200	24549
159	-152.0	152	24701	159	-152.0	152	24701	159	-152.0	152	24701	159	-152.0	152	24701	159	-152.0	152	24701	159	-152.0	152	24701
160	-200.0	200	24901	160	-200.0	200	24901	160	-200.0	200	24901	160	-200.0	200	24901	160	-200.0	200	24901	160	-200.0	200	24901
161	-138.0	138	25039	161	-138.0	138	25039	161	-138.0	138	25039	161	-138.0	138	25039	161	-138.0	138	25039	161	-138.0	138	25039
162	-139.0	139	25178	162	-139.0	139	25178	162	-139.0	139	25178	162	-139.0	139	25178	162	-139.0	139	25178	162	-139.0	139	25178
163	-134.0	134	25312	163	-134.0	134	25312	163	-134.0	134	25312	163	-134.0	134	25312	163	-134.0	134	25312	163	-134.0	134	25312
164	-137.0	137	25449	164	-137.0	137	25449	164	-137.0	137	25449	164	-137.0	137	25449	164	-137.0	137	25449	164	-137.0	137	25449
165	-120.0	120	25569	165	-120.0	120	25569	165	-120.0	120	25569	165	-120.0	120	25569	165	-120.0	120	25569	165	-120.0	120	25569
166	-136.0	136	25705	166	-136.0	136	25705	166	-136.0	136	25705	166	-136.0	136	25705	166	-136.0	136	25705	166	-136.0	136	25705
167	-135.0	135	25840	167	-135.0	135	25840	167	-135.0	135	25840	167	-135.0	135	25840	167	-135.0	135	25840	167	-135.0	135	25840
168	-134.0	134	25974	168	-134.0	134	25974	168	-134.0	134	25974	168	-134.0	134	25974	168	-134.0	134	25974	168	-134.0	134	25974
169	-118.0	118	26092	169	-118.0	118	26092	169	-118.0	118	26092	169	-118.0	118	26092	169	-118.0	118	26092	169	-118.0	118	26092
170	-110.0	110	26202	170	-110.0	110	26202	170	-110.0	110	26202	170	-110.0	110	26202	170	-110.0	110	26202	170	-110.0	110	26202
171	-111.0	111	26313	171	-111.0	111	26313	171	-111.0	111	26313	171	-111.0	111	26313	171	-111.0	111	26313	171	-111.0	111	26313
172	-108.0	108	26421	172	-108.0	108	26421	172	-108.0	108	26421	172	-108.0	108	26421	172	-108.0	108	26421	172	-108.0	108	26421
173	-111.0	111	26532	173	-111.0	111	26532	173	-111.0	111	26532	173	-111.0	111	26532	173	-111.0	111	26532	173	-111.0	111	26532
174	-113.0	113	26645	174	-113.0	113	26645	174	-113.0	113	26645	174	-113.0	113	26645	174	-113.0	113	26645	174	-113.0	113	26645
175	-120.0	120	26765	175	-120.0	120	26765	175	-120.0	120	26765	175	-120.0	120	26765	175	-120.0	120	26765	175	-120.0	120	26765
176	-108.0	108	26873	176	-108.0	108	26873	176	-108.0	108	26873	176	-108.0	108	26873	176	-108.0	108	26873	176	-108.0	108	26873
177	-106.0	106	26979	177	-106.0	106	26979	177	-106.0	106	26979	177	-106.0	106	26979	177	-106.0	106	26979	177	-106.0	106	26979
178	-107.0	107	27086	178	-107.0	107	27086	178	-107.0	107	27086	178	-107.0	107	27086	178	-107.0	107	27086	178	-107.0	107	27086
179	-106.0	106	27192	179	-106.0	106	27192	179	-106.0	106	27192	179	-106.0	106	27192	179	-106.0	106	27192	179	-106.0	106	27192
180	-140.0	140	27332	180	-140.0	140	27332	180	-140.0	140	27332	180	-140.0	140	27332	180	-140.0	140	27332	180	-140.0	140	27332
181	-110.0	110	27442	181	-110.0	110	27442	181	-110.0	110	27442	181	-110.0	110	27442	181	-110.0	110	27442	181	-110.0	110	27442
182	-118.0	118	27560	182	-118.0	118	27560	182	-118.0	118	27560	182	-118.0	118	27560	182	-118.0	118	27560	182	-118.0	118	27560
183	-106.0	106	27666	183	-106.0	106	27666	183	-106.0	106	27666	183	-106.0	106	27666	183	-106.0	106	27666	183	-106.0	106	27666
184	-105.0	105	27771	184	-105.0	105	27771	184	-105.0	105	27771	184	-105.0	105	27771	184	-105.0	105	27771	184	-105.0	105	27771
185	-138.0	138	27909	185	-138.0	138	27909	185	-138.0	138	27909	185	-138.0	138	27909	185	-138.0	138	27909	185	-138.0	138	27909
186	-146.0	146	28055	186	-146.0	146	28055	186	-146.0	146	28055	186	-146.0	146	28055	186	-146.0	146	28055	186	-146.0	146	28055
187	-143.0	143	28198	187	-143.0	143	28198	187	-143.0	143	28198	187	-143.0	143	28198	187	-143.0	143	28198	187	-143.0	143	28198
188	-107.0	107	28305	188	-107.0	107	28305	188	-107.0	107	28305	188	-107.0	107	28305	188	-107.0	107	28305	188	-107.0	107	28305
189	-96.0	96	28401	189	-96.0	96	28401	189	-96.0	96	28401	189	-96.0	96	28401	189	-96.0	96	28401	189	-96.0	96	28401
190	-139.0	139	28540	190	-139.0	139	28540	190	-139.0	139	28540	190	-139.0	139	28540	190	-139.0	139	28540	190	-139.0	139	28540
191	-145.0	145	28685	191	-145.0	145	28685	191	-145.0	145	28685	191	-145.0	145	28685	191	-145.0	145	28685	191	-145.0	145	28685
192	-149.0	149	28834	192	-149.0	149	28834	192	-149.0	149	28834	192	-149.0	149	28834	192	-149.0	149	28834	192	-149.0	149	28834
193	-142.0	142	28976	193	-142.0	142	28976	193	-142.0	142	28976	193	-142.0	142	28976	193	-142.0	142	28976	193	-142.0	142	28976
194	-107.0	107	29083	194	-107.0	107	29083	194	-107.0	107	29083	194	-107.0	107	29083	194	-107.0	107	29083	194	-107.0	107	29083
195	-133.0	133	29216	195	-133.0	133	29216	195	-133.0	133	29216	195	-133.0	133	29216	195	-133.0	133	29216	195	-133.0	133	29216
196	-107.0	107	29323	196	-107.0	107	29323	196	-107.0	107	29323	196	-107.0	107	29323	196	-107.0	107	29323	196	-107.0	107	29323
197	-137.0	137	29460	197	-137.0	137	29460	197	-137.0	137	29460	197	-137.0	137	29460	197	-137.0	137	29460	197	-137.0	137	29460
198	-136.0	136	29596	198	-136.0	136	29596	198	-136.0	136	29596	198	-136.0	136	29596	198	-136.0	136	29596	198	-136.0	136	29596
199	-135.0	135	29731	199	-135.0	135	29731	199	-135.0	135	29731	199	-135.0	135	29731	199	-135.0	135	29731	199	-135.0	135	29731
200	-138.0	138	29869	200	-138.0	138	29869	200	-138.0	138	29869	200	-138.0	138	29869	200	-138.0	138	29869	200	-138.0	138	29869
201	-133.0	133	30002	201	-133.0	133	30002	201	-133.0	133	30002	201	-133.0	133	30002	201	-133.0	133	30002	201	-133.0	133	30002
202	-135.0	135	30137	202	-135.0	135	30137	202	-135.0	135	30137	202	-135.0	135	30137	202	-135.0	135	30137	202	-135.0	135	30137
203	-137.0	137	30274	203	-137.0	137	30274	203	-137.0	137	30274	203	-137.0	137	30274	203	-137.0	137	30274	203	-137.0	137	30274
204	-139.0	139	30413	204	-139.0	139	30413	204	-139.0	139	30413	204	-139.0	139	30413	204	-139.0	139	30413	204	-139.0	139	30413
205	-136.0	136	30549	205	-136.0	136	30549	205	-136.0	136	30549	205	-136.0	136	30549	205	-136.0	136	30549	205	-136.0	136	30549
206	-142.0	142	30691	206	-142.0	142	30691	206	-142.0	142	30691	206	-142.0	142	30691	206	-142.0	142	30691	206	-142.0	142	30691
207	-138.0	138	30829	207	-138.0	138	30829	207	-138.0	138	30829	207	-138.0	138	30829	207	-138.0	138	30829	207	-138.0	138	30829
208	-138.0	138	30967	208	-138.0	138	30967	208	-138.0	138	30967	208	-138.0	138	30967	208	-138.0	138	30967	208	-138.0	138	30967
209	-106.0	106	31073	209	-106.0	106	31073	209	-106.0	106	31073	209	-106.0	106	31073	209	-106.0	106	31073	209	-106.0	106	31073
210	-106.0	106	31179	210	-106.0	106	31179	210	-106.0	106	31179	210	-106.0	106	31179	210	-106.0	106	31179	210	-106.0	106	31179
211	-139.0	139	31318	211	-139.0	139	31318	211	-139.0	139	31318	211	-139.0	139	31318	211	-139.0	139	31318	211	-139.0	139	31318
212	-107.0	107	31425	212	-107.0	107	31425	212	-107.0	107	31425	212	-107.0	107	31425	212	-107.0	107	31425	212	-107.0	107	31425
213	-143.0	143	31568	213	-143.0	143	31568	213	-143.0	143	31568	213	-143.0	143	31568	213	-143.0	143	31568	213	-143.0	143	31568
214	-106.0	106	31674	214	-106.0	106	31674	214	-106.0	106	31674	214	-106.0	106	31674	214	-106.0	106	31674	214	-106.0	106	31674
215	-166.0	166	31840	215	-166.0	166	31840	215	-166.0	166	31840	215	-166.0	166	31840	215	-166.0	166	31840	215	-166.0	166	31840
216	-194.0	194	32034	216	-194.0	194	32034	216	-194.0	194	32034	216	-194.0	194	32034	216	-194.0	194	32034	216	-194.0	194	32034
217	-141.0	141	32175	217	-141.0	141	32175	217	-141.0	141	32175	217	-141.0	141	32175	217	-141.0	141	32175	217	-141.0	141	32175
218	-136.0	136	32311	218	-136.0	136	32311	218	-136.0	136	32311	218	-136.0	136	32311	218	-136.0	136	32311	218	-136.0	136	32311
219	-136.0	136	32447	219	-136.0	136	32447	219	-136.0	136	32447	219	-136.0	136	32447	219	-136.0	136	32447	219	-136.0	136	32447
220	-116.0	116	32563	220	-116.0	116	32563	220	-116.0	116	32563	220	-116.0	116	32563	220	-116.0	116	32563	220	-116.0	116	32563
221	-111.0	111	32674	221	-111.0	111	32674	221	-111.0	111	32674	221	-111.0	111	32674	221	-111.0	111	32674	221	-111.0	111	32674
222	-137.0	137	32811	222	-137.0	137	32811	222	-137.0	137	32811	222	-137.0	137	32811	222	-137.0	137	32811	222	-137.0	137	32811
223	-136.0	136	32947	223	-136.0	136	32947	223	-136.0	136	32947	223	-136.0	136	32947	223	-136.0	136	32947	223	-136.0	136	32947
224	-110.0	110	33057	224	-110.0	110	33057	224	-110.0	110	33057	224	-110.0	110	33057	224	-110.0	110	33057	224	-110.0	110	33057
225	-106.0	106	33163	225	-106.0	106	33163	225	-106.0	106	33163	225	-106.0	106	33163	225	-106.0	106	33163	225	-106.0	106	33163
226	-108.0	108	33271	226	-108.0	108	33271	226	-108.0	108	33271	226	-108.0	108	33271	226	-108.0	108	33271	226	-108.0	108	33271
227	-107.0	107	33378	227	-107.0	107	33378	227	-107.0	107	33378	227	-107.0	107	33378	227	-107.0	107	33378	227	-107.0	107	33378
228	-110.0	110	33488	228	-110.0	110	33488	228	-110.0	110	33488	228	-110.0	110	33488	228	-110.0	110	33488	228	-110.0	110	33488
229	-113.0	113	33601	229	-113.0	113	33601	229	-113.0	113	33601	229	-113.0	113	33601	229	-113.0	113	33601	229	-113.0	113	33601
230	-105.0	105	33706	230	-105.0	105	33706	230	-105.0	105	33706	230	-105.0	105	33706	230	-105.0	105	33706	230	-105.0	105	33706
231	-86.0	86	33792	231	-86.0	86	33792	231	-86.0	86	33792	231	-86.0	86	33792	231	-86.0	86	33792	231	-86.0	86	33792
232	-105.0	105	33897	232	-105.0	105	33897	232	-105.0	105	33897	232	-105.0	105	33897	232	-105.0	105	33897	232	-105.0	105	33897
233	-95.0	95	33992	233	-95.0	95	33992	233	-95.0	95	33992	233	-95.0	95	33992	233	-95.0	95	33992	233	-95.0	95	33992
234	-98.0	98	34090	234	-98.0	98	34090	234	-98.0	98	34090	234	-98.0	98	34090	234	-98.0	98	34090	234	-98.0	98	34090
235	-158.0	158	34248	235	-158.0	158	34248	235	-158.0	158	34248	235	-158.0	158	34248	235	-158.0	158	34248	235	-158.0	158	34248
236	-104.0	104	34352	236	-104.0	104	34352	236	-104.0	104	34352	236	-104.0	104	34352	236	-104.0	104	34352	236	-104.0	104	34352
237	-159.0	159	34511	237	-159.0	159	34511	237	-159.0	159	34511	237	-159.0	159	34511	237	-159.0	159	34511	237	-159.0	159	34511
238	-142.0	142	34653	238	-142.0	142	34653	238	-142.0	142	34653	238	-142.0	142	34653	238	-142.0	142	34653	238	-142.0	142	34653
239	-155.0	155	34808	239	-155.0	155	34808	239	-155.0	155	34808	239	-155.0	155	34808	239	-155.0	155	34808	239	-155.0	155	34808
240	-92.0	92	34900	240	-92.0	92	34900	240	-92.0	92	34900	240	-92.0	92	34900	240	-92.0	92	34900	240	-92.0	92	34900
241	-157.0	157	35057	241	-157.0	157	35057	241	-157.0	157	35057	241	-157.0	157	35057	241	-157.0	157	35057	241	-157.0	157	35057
242	-155.0	155	35212	242	-155.0	155	35212	242	-155.0	155	35212	242	-155.0	155	35212	242	-155.0	155	35212	242	-155.0	155	35212
243	-141.0	141	35353	243	-141.0	141	35353	243	-141.0	141	35353	243	-141.0	141	35353	243	-141.0	141	35353	243	-141.0	141	35353
244	-139.0	139	35492	244	-139.0	139	35492	244	-139.0	139	35492	244	-139.0	139	35492	244	-139.0	139	35492	244	-139.0	139	35492
245	-139.0	139	35631	245	-139.0	139	35631	245	-139.0	139	35631	245	-139.0	139	35631	245	-139.0	139	35631	245	-139.0	139	35631
246	-137.0	137	35768	246	-137.0	137	35768	246	-137.0	137	35768	246	-137.0	137	35768	246	-137.0	137	35768	246	-137.0	137	35768
247	-135.0	135	35903	247	-135.0	135	35903	247	-135.0	135	35903	247	-135.0	135	35903	247	-135.0	135	35903	247	-135.0	135	35903
248	-135.0	135	36038	248	-135.0	135	36038	248	-135.0	135	36038	248	-135.0	135	36038	248	-135.0	135	36038	248	-135.0	135	36038
249	-134.0	134	36172	249	-134.0	134	36172	249	-134.0	134	36172	249	-134.0	134	36172	249	-134.0	134	36172	249	-134.0	134	36172
250	-134.0	134	36306	250	-134.0	134	36306	250	-134.0	134	36306	250	-134.0	134	36306	250	-134.0	134	36306	250	-134.0	134	36306
251	-138.0	138	36444	251	-138.0	138	36444	251	-138.0	138	36444	251	-138.0	138	36444	251	-138.0	138	36444	251	-138.0	138	36444
252	-141.0	141	36585	252	-141.0	141	36585	252	-141.0	141	36585	252	-141.0	141	36585	252	-141.0	141	36585	252	-141.0	141	36585
253	-138.0	138	36723	253	-138.0	138	36723	253	-138.0	138	36723	253	-138.0	138	36723	253	-138.0	138	36723	253	-138.0	138	36723
254	-144.0	144	36867	254	-144.0	144	36867	254	-144.0	144	36867	254	-144.0	144	36867	254	-144.0	144	36867	254	-144.0	144	36867
255	-140.0	140	37007	255	-140.0	140	37007	255	-140.0	140	37007	255	-140.0	140	37007	255	-140.0	140	37007	255	-140.0	140	37007
256	-143.0	143	37150	256	-143.0	143	37150	256	-143.0	143	37150	256	-143.0	143	37150	256	-143.0	143	37150	256	-143.0	143	37150
257	-137.0	137	37287	257	-137.0	137	37287	257	-137.0	137	37287	257	-137.0	137	37287	257	-137.0	137	37287	257	-137.0	137	37287
258	-135.0	135	37422	258	-135.0	135	37422	258	-135.0	135	37422	258	-135.0	135	37422	258	-135.0	135	37422	258	-135.0	135	37422
259	-137.0	137	37559	259	-137.0	137	37559	259	-137.0	137	37559	259	-137.0	137	37559	259	-137.0	137	37559	259	-137.0	137	37559
260	-135.0	135	37694	260	-135.0	135	37694	260	-135.0	135	37694	260	-135.0	135	37694	260	-135.0	135	37694	260	-135.0	135	37694
261	-116.0	116	37810	261	-116.0	116	37810	261	-116.0	116	37810	261	-116.0	116	37810	261	-116.0	116	37810	261	-116.0	116	37810
262	-142.0	142	37952	262	-142.0	142	37952	262	-142.0	142	37952	262	-142.0	142	37952	262	-142.0	142	37952	262	-142.0	142	37952
263	-104.0	104	38056	263	-104.0	104	38056	263	-104.0	104	38056	263	-104.0	104	38056	263	-104.0	104	38056	263	-104.0	104	38056
264	-104.0	104	38160	264	-104.0	104	38160	264	-104.0	104	38160	264	-104.0	104	38160	264	-104.0	104	38160	264	-104.0	104	38160
265	-104.0	104	38264	265	-104.0	104	38264	265	-104.0	104	38264	265	-104.0	104	38264	265	-104.0	104	38264	265	-104.0	104	38264
266	-135.0	135	38399	266	-135.0	135	38399	266	-135.0	135	38399	266	-135.0	135	38399	266	-135.0	135	38399	266	-135.0	135	38399
267	-104.0	104	38503	267	-104.0	104	38503	267	-104.0	104	38503	267	-104.0	104	38503	267	-104.0	104	38503	267	-104.0	104	38503
268	-105.0	105	38608	268	-105.0	105	38608	268	-105.0	105	38608	268	-105.0	105	38608	268	-105.0	105	38608	268	-105.0	105	38608
269	-137.0	137	38745	269	-137.0	137	38745	269	-137.0	137	38745	269	-137.0	137	38745	269	-137.0	137	38745	269	-137.0	137	38745
270	-151.0	151	38896	270	-151.0	151	38896	270	-151.0	151	38896	270	-151.0	151	38896	270	-151.0	151	38896	270	-151.0	151	38896
271	-133.0	133	39029	271	-133.0	133	39029	271	-133.0	133	39029	271	-133.0	133	39029	271	-133.0	133	39029	271	-133.0	133	39029
272	-130.0	130	39159	272	-130.0	130	39159	272	-130.0	130	39159	272	-130.0	130	39159	272	-130.0	130	39159	272	-130.0	130	39159
273	-105.0	105	39264	273	-105.0	105	39264	273	-105.0	105	39264	273	-105.0	105	39264	273	-105.0	105	39264	273	-105.0	105	39264
274	-105.0	105	39369	274	-105.0	105	39369	274	-105.0	105	39369	274	-105.0	105	39369	274	-105.0	105	39369	274	-105.0	105	39369
275	-108.0	108	39477	275	-108.0	108	39477	275	-108.0	108	39477	275	-108.0	108	39477	275	-108.0	108	39477	275	-108.0	108	39477
276	-136.0	136	39613	276	-136.0	136	39613	276	-136.0	136	39613	276	-136.0	136	39613	276	-136.0	136	39613	276	-136.0	136	39613
277	-107.0	107	39720	277	-107.0	107	39720	277	-107.0	107	39720	277	-107.0	107	39720	277	-107.0	107	39720	277	-107.0	107	39720
278	-108.0	108	39828	278	-108.0	108	39828	278	-108.0	108	39828	278	-108.0	108	39828	278	-108.0	108	39828	278	-108.0	108	39828
279	-108.0	108	39936	279	-108.0	108	39936	279	-108.0	108	39936	279	-108.0	108	39936	279	-108.0	108	39936	279	-108.0	108	39936
280	-138.0	138	40074	280	-138.0	138	40074	280	-138.0	138	40074	280	-138.0	138	40074	280	-138.0	138	40074	280	-138.0	138	40074
281	-107.0	107	40181	281	-107.0	107	40181	281	-107.0	107	40181	281	-107.0	107	40181	281	-107.0	107	40181	281	-107.0	107	40181
282	-107.0	107	40288	282	-107.0	107	40288	282	-107.0	107	40288	282	-107.0	107	40288	282	-107.0	107	40288	282	-107.0	107	40288
283	-134.0	134	40422	283	-134.0	134	40422	283	-134.0	134	40422	283	-134.0	134	40422	283	-134.0	134	40422	283	-134.0	134	40422
284	-137.0	137	40559	284	-137.0	137	40559	284	-137.0	137	40559	284	-137.0	137	40559	284	-137.0	137	40559	284	-137.0	137	40559
285	-132.0	132	40691	285	-132.0	132	40691	285	-132.0	132	40691	285	-132.0	132	40691	285	-132.0	132	40691	285	-132.0	132	40691
286	-147.0	147	40838	286	-147.0	147	40838	286	-147.0	147	40838	286	-147.0	147	40838	286	-147.0	147	40838	286	-147.0	147	40838
287	-109.0	109	40947	287	-109.0	109	40947	287	-109.0	109	40947	287	-109.0	109	40947	287	-109.0	109	40947	287	-109.0	109	40947
288	-109.0	109	41056	288	-109.0	109	41056	288	-109.0	109	41056	288	-109.0	109	41056	288	-109.0	109	41056	288	-109.0	109	41056
289	-106.0	106	41162	289	-106.0	106	41162	289	-106.0	106	41162	289	-106.0	106	41162	289	-106.0	106	41162	289	-106.0	106	41162
290	-107.0	107	41269	290	-107.0	107	41269	290	-107.0	107	41269	290	-107.0	107	41269	290	-107.0	107	41269	290	-107.0	107	41269
291	-108.0	108	41377	291	-108.0	108	41377	291	-108.0	108	41377	291	-108.0	108	41377	291	-108.0	108	41377	291	-108.0	108	41377
292	-134.0	134	41511	292	-134.0	134	41511	292	-134.0	134	41511	292	-134.0	134	41511	292	-134.0	134	41511	292	-134.0	134	41511
293	-134.0	134	41645	293	-134.0	134	41645	293	-134.0	134	41645	293	-134.0	134	41645	293	-134.0	134	41645	293	-134.0	134	41645
294	-139.0	139	41784	294	-139.0	139	41784	294	-139.0	139	41784	294	-139.0	139	41784	294	-139.0	139	41784	294	-139.0	139	41784
295	-149.0	149	41933	295	-149.0	149	41933	295	-149.0	149	41933	295	-149.0	149	41933	295	-149.0	149	41933	295	-149.0	149	41933
296	-133.0	133	42066	296	-133.0	133	42066	296	-133.0	133	42066	296	-133.0	133	42066	296	-133.0	133	42066	296	-133.0	133	42066
297	-108.0	108	42174	297	-108.0	108	42174	297	-108.0	108	42174	297	-108.0	108	42174	297	-108.0	108	42174	297	-108.0	108	42174
298	-129.0	129	42303	298	-129.0	129	42303	298	-129.0	129	42303	298	-129.0	129	42303	298	-129.0	129	42303	298	-129.0	129	42303
299	-138.0	138	42441	299	-138.0	138	42441	299	-138.0	138	42441	299	-138.0	138	42441	299	-138.0	138	42441	299	-138.0	138	42441
