Episode	Accumulated Reward	Length	Steps	Episode	Accumulated Reward	Length	Steps	Episode	Accumulated Reward	Length	Steps	Episode	Accumulated Reward	Length	Steps	Episode	Accumulated Reward	Length	Steps	Episode	Accumulated Reward	Length	Steps	Episode	Accumulated Reward	Length	Steps	Episode	Accumulated Reward	Length	Steps	Episode	Accumulated Reward	Length	Steps	Episode	Accumulated Reward	Length	Steps	Episode	Accumulated Reward	Length	Steps	Episode	Accumulated Reward	Length	Steps	Episode	Accumulated Reward	Length	Steps	Episode	Accumulated Reward	Length	Steps
0	-15	15	15	0	-15	15	15	0	-15	15	15	0	-15	15	15	0	-15	15	15	0	-15	15	15	0	-15	15	15	0	-15	15	15	0	-15	15	15	0	-15	15	15	0	-15	15	15	0	-15	15	15	0	-15	15	15	0	-15	15	15
1	-17	17	32	1	-17	17	32	1	-17	17	32	1	-17	17	32	1	-17	17	32	1	-17	17	32	1	-17	17	32	1	-17	17	32	1	-17	17	32	1	-17	17	32	1	-17	17	32	1	-17	17	32	1	-17	17	32	1	-17	17	32
2	-13	13	45	2	-13	13	45	2	-13	13	45	2	-13	13	45	2	-13	13	45	2	-13	13	45	2	-13	13	45	2	-13	13	45	2	-13	13	45	2	-13	13	45	2	-13	13	45	2	-13	13	45	2	-13	13	45	2	-13	13	45
3	-226	28	73	3	-226	28	73	3	-226	28	73	3	-226	28	73	3	-226	28	73	3	-226	28	73	3	-226	28	73	3	-226	28	73	3	-226	28	73	3	-226	28	73	3	-226	28	73	3	-226	28	73	3	-226	28	73	3	-226	28	73
4	-15	15	88	4	-15	15	88	4	-15	15	88	4	-15	15	88	4	-15	15	88	4	-15	15	88	4	-15	15	88	4	-15	15	88	4	-15	15	88	4	-15	15	88	4	-15	15	88	4	-15	15	88	4	-15	15	88	4	-15	15	88
5	-128	29	117	5	-128	29	117	5	-128	29	117	5	-128	29	117	5	-128	29	117	5	-128	29	117	5	-128	29	117	5	-128	29	117	5	-128	29	117	5	-128	29	117	5	-128	29	117	5	-128	29	117	5	-128	29	117	5	-128	29	117
6	-123	24	141	6	-123	24	141	6	-123	24	141	6	-123	24	141	6	-123	24	141	6	-123	24	141	6	-123	24	141	6	-123	24	141	6	-123	24	141	6	-123	24	141	6	-123	24	141	6	-123	24	141	6	-123	24	141	6	-123	24	141
7	-13	13	154	7	-13	13	154	7	-13	13	154	7	-13	13	154	7	-13	13	154	7	-13	13	154	7	-13	13	154	7	-13	13	154	7	-13	13	154	7	-13	13	154	7	-13	13	154	7	-13	13	154	7	-13	13	154	7	-13	13	154
8	-15	15	169	8	-15	15	169	8	-15	15	169	8	-15	15	169	8	-15	15	169	8	-15	15	169	8	-15	15	169	8	-15	15	169	8	-15	15	169	8	-15	15	169	8	-15	15	169	8	-15	15	169	8	-15	15	169	8	-15	15	169
9	-13	13	182	9	-13	13	182	9	-13	13	182	9	-13	13	182	9	-13	13	182	9	-13	13	182	9	-13	13	182	9	-13	13	182	9	-13	13	182	9	-13	13	182	9	-13	13	182	9	-13	13	182	9	-13	13	182	9	-13	13	182
10	-230	32	214	10	-230	32	214	10	-230	32	214	10	-230	32	214	10	-230	32	214	10	-230	32	214	10	-230	32	214	10	-230	32	214	10	-230	32	214	10	-230	32	214	10	-230	32	214	10	-230	32	214	10	-230	32	214	10	-230	32	214
11	-15	15	229	11	-15	15	229	11	-15	15	229	11	-15	15	229	11	-15	15	229	11	-15	15	229	11	-15	15	229	11	-15	15	229	11	-15	15	229	11	-15	15	229	11	-15	15	229	11	-15	15	229	11	-15	15	229	11	-15	15	229
12	-13	13	242	12	-13	13	242	12	-13	13	242	12	-13	13	242	12	-13	13	242	12	-13	13	242	12	-13	13	242	12	-13	13	242	12	-13	13	242	12	-13	13	242	12	-13	13	242	12	-13	13	242	12	-13	13	242	12	-13	13	242
13	-13	13	255	13	-13	13	255	13	-13	13	255	13	-13	13	255	13	-13	13	255	13	-13	13	255	13	-13	13	255	13	-13	13	255	13	-13	13	255	13	-13	13	255	13	-13	13	255	13	-13	13	255	13	-13	13	255	13	-13	13	255
14	-13	13	268	14	-13	13	268	14	-13	13	268	14	-13	13	268	14	-13	13	268	14	-13	13	268	14	-13	13	268	14	-13	13	268	14	-13	13	268	14	-13	13	268	14	-13	13	268	14	-13	13	268	14	-13	13	268	14	-13	13	268
15	-13	13	281	15	-13	13	281	15	-13	13	281	15	-13	13	281	15	-13	13	281	15	-13	13	281	15	-13	13	281	15	-13	13	281	15	-13	13	281	15	-13	13	281	15	-13	13	281	15	-13	13	281	15	-13	13	281	15	-13	13	281
16	-13	13	294	16	-13	13	294	16	-13	13	294	16	-13	13	294	16	-13	13	294	16	-13	13	294	16	-13	13	294	16	-13	13	294	16	-13	13	294	16	-13	13	294	16	-13	13	294	16	-13	13	294	16	-13	13	294	16	-13	13	294
17	-13	13	307	17	-13	13	307	17	-13	13	307	17	-13	13	307	17	-13	13	307	17	-13	13	307	17	-13	13	307	17	-13	13	307	17	-13	13	307	17	-13	13	307	17	-13	13	307	17	-13	13	307	17	-13	13	307	17	-13	13	307
18	-13	13	320	18	-13	13	320	18	-13	13	320	18	-13	13	320	18	-13	13	320	18	-13	13	320	18	-13	13	320	18	-13	13	320	18	-13	13	320	18	-13	13	320	18	-13	13	320	18	-13	13	320	18	-13	13	320	18	-13	13	320
19	-15	15	335	19	-15	15	335	19	-15	15	335	19	-15	15	335	19	-15	15	335	19	-15	15	335	19	-15	15	335	19	-15	15	335	19	-15	15	335	19	-15	15	335	19	-15	15	335	19	-15	15	335	19	-15	15	335	19	-15	15	335
20	-226	28	363	20	-226	28	363	20	-226	28	363	20	-226	28	363	20	-226	28	363	20	-226	28	363	20	-226	28	363	20	-226	28	363	20	-226	28	363	20	-226	28	363	20	-226	28	363	20	-226	28	363	20	-226	28	363	20	-226	28	363
21	-16	16	379	21	-16	16	379	21	-16	16	379	21	-16	16	379	21	-16	16	379	21	-16	16	379	21	-16	16	379	21	-16	16	379	21	-16	16	379	21	-16	16	379	21	-16	16	379	21	-16	16	379	21	-16	16	379	21	-16	16	379
22	-13	13	392	22	-13	13	392	22	-13	13	392	22	-13	13	392	22	-13	13	392	22	-13	13	392	22	-13	13	392	22	-13	13	392	22	-13	13	392	22	-13	13	392	22	-13	13	392	22	-13	13	392	22	-13	13	392	22	-13	13	392
23	-13	13	405	23	-13	13	405	23	-13	13	405	23	-13	13	405	23	-13	13	405	23	-13	13	405	23	-13	13	405	23	-13	13	405	23	-13	13	405	23	-13	13	405	23	-13	13	405	23	-13	13	405	23	-13	13	405	23	-13	13	405
24	-15	15	420	24	-15	15	420	24	-15	15	420	24	-15	15	420	24	-15	15	420	24	-15	15	420	24	-15	15	420	24	-15	15	420	24	-15	15	420	24	-15	15	420	24	-15	15	420	24	-15	15	420	24	-15	15	420	24	-15	15	420
25	-113	14	434	25	-113	14	434	25	-113	14	434	25	-113	14	434	25	-113	14	434	25	-113	14	434	25	-113	14	434	25	-113	14	434	25	-113	14	434	25	-113	14	434	25	-113	14	434	25	-113	14	434	25	-113	14	434	25	-113	14	434
26	-19	19	453	26	-19	19	453	26	-19	19	453	26	-19	19	453	26	-19	19	453	26	-19	19	453	26	-19	19	453	26	-19	19	453	26	-19	19	453	26	-19	19	453	26	-19	19	453	26	-19	19	453	26	-19	19	453	26	-19	19	453
27	-13	13	466	27	-13	13	466	27	-13	13	466	27	-13	13	466	27	-13	13	466	27	-13	13	466	27	-13	13	466	27	-13	13	466	27	-13	13	466	27	-13	13	466	27	-13	13	466	27	-13	13	466	27	-13	13	466	27	-13	13	466
28	-13	13	479	28	-13	13	479	28	-13	13	479	28	-13	13	479	28	-13	13	479	28	-13	13	479	28	-13	13	479	28	-13	13	479	28	-13	13	479	28	-13	13	479	28	-13	13	479	28	-13	13	479	28	-13	13	479	28	-13	13	479
29	-13	13	492	29	-13	13	492	29	-13	13	492	29	-13	13	492	29	-13	13	492	29	-13	13	492	29	-13	13	492	29	-13	13	492	29	-13	13	492	29	-13	13	492	29	-13	13	492	29	-13	13	492	29	-13	13	492	29	-13	13	492
30	-122	23	515	30	-122	23	515	30	-122	23	515	30	-122	23	515	30	-122	23	515	30	-122	23	515	30	-122	23	515	30	-122	23	515	30	-122	23	515	30	-122	23	515	30	-122	23	515	30	-122	23	515	30	-122	23	515	30	-122	23	515
31	-17	17	532	31	-17	17	532	31	-17	17	532	31	-17	17	532	31	-17	17	532	31	-17	17	532	31	-17	17	532	31	-17	17	532	31	-17	17	532	31	-17	17	532	31	-17	17	532	31	-17	17	532	31	-17	17	532	31	-17	17	532
32	-13	13	545	32	-13	13	545	32	-13	13	545	32	-13	13	545	32	-13	13	545	32	-13	13	545	32	-13	13	545	32	-13	13	545	32	-13	13	545	32	-13	13	545	32	-13	13	545	32	-13	13	545	32	-13	13	545	32	-13	13	545
33	-126	27	572	33	-126	27	572	33	-126	27	572	33	-126	27	572	33	-126	27	572	33	-126	27	572	33	-126	27	572	33	-126	27	572	33	-126	27	572	33	-126	27	572	33	-126	27	572	33	-126	27	572	33	-126	27	572	33	-126	27	572
34	-13	13	585	34	-13	13	585	34	-13	13	585	34	-13	13	585	34	-13	13	585	34	-13	13	585	34	-13	13	585	34	-13	13	585	34	-13	13	585	34	-13	13	585	34	-13	13	585	34	-13	13	585	34	-13	13	585	34	-13	13	585
35	-13	13	598	35	-13	13	598	35	-13	13	598	35	-13	13	598	35	-13	13	598	35	-13	13	598	35	-13	13	598	35	-13	13	598	35	-13	13	598	35	-13	13	598	35	-13	13	598	35	-13	13	598	35	-13	13	598	35	-13	13	598
36	-218	20	618	36	-218	20	618	36	-218	20	618	36	-218	20	618	36	-218	20	618	36	-218	20	618	36	-218	20	618	36	-218	20	618	36	-218	20	618	36	-218	20	618	36	-218	20	618	36	-218	20	618	36	-218	20	618	36	-218	20	618
37	-13	13	631	37	-13	13	631	37	-13	13	631	37	-13	13	631	37	-13	13	631	37	-13	13	631	37	-13	13	631	37	-13	13	631	37	-13	13	631	37	-13	13	631	37	-13	13	631	37	-13	13	631	37	-13	13	631	37	-13	13	631
38	-118	19	650	38	-118	19	650	38	-118	19	650	38	-118	19	650	38	-118	19	650	38	-118	19	650	38	-118	19	650	38	-118	19	650	38	-118	19	650	38	-118	19	650	38	-118	19	650	38	-118	19	650	38	-118	19	650	38	-118	19	650
39	-17	17	667	39	-17	17	667	39	-17	17	667	39	-17	17	667	39	-17	17	667	39	-17	17	667	39	-17	17	667	39	-17	17	667	39	-17	17	667	39	-17	17	667	39	-17	17	667	39	-17	17	667	39	-17	17	667	39	-17	17	667
40	-15	15	682	40	-15	15	682	40	-15	15	682	40	-15	15	682	40	-15	15	682	40	-15	15	682	40	-15	15	682	40	-15	15	682	40	-15	15	682	40	-15	15	682	40	-15	15	682	40	-15	15	682	40	-15	15	682	40	-15	15	682
41	-129	30	712	41	-129	30	712	41	-129	30	712	41	-129	30	712	41	-129	30	712	41	-129	30	712	41	-129	30	712	41	-129	30	712	41	-129	30	712	41	-129	30	712	41	-129	30	712	41	-129	30	712	41	-129	30	712	41	-129	30	712
42	-119	20	732	42	-119	20	732	42	-119	20	732	42	-119	20	732	42	-119	20	732	42	-119	20	732	42	-119	20	732	42	-119	20	732	42	-119	20	732	42	-119	20	732	42	-119	20	732	42	-119	20	732	42	-119	20	732	42	-119	20	732
43	-13	13	745	43	-13	13	745	43	-13	13	745	43	-13	13	745	43	-13	13	745	43	-13	13	745	43	-13	13	745	43	-13	13	745	43	-13	13	745	43	-13	13	745	43	-13	13	745	43	-13	13	745	43	-13	13	745	43	-13	13	745
44	-13	13	758	44	-13	13	758	44	-13	13	758	44	-13	13	758	44	-13	13	758	44	-13	13	758	44	-13	13	758	44	-13	13	758	44	-13	13	758	44	-13	13	758	44	-13	13	758	44	-13	13	758	44	-13	13	758	44	-13	13	758
45	-13	13	771	45	-13	13	771	45	-13	13	771	45	-13	13	771	45	-13	13	771	45	-13	13	771	45	-13	13	771	45	-13	13	771	45	-13	13	771	45	-13	13	771	45	-13	13	771	45	-13	13	771	45	-13	13	771	45	-13	13	771
46	-125	26	797	46	-125	26	797	46	-125	26	797	46	-125	26	797	46	-125	26	797	46	-125	26	797	46	-125	26	797	46	-125	26	797	46	-125	26	797	46	-125	26	797	46	-125	26	797	46	-125	26	797	46	-125	26	797	46	-125	26	797
47	-13	13	810	47	-13	13	810	47	-13	13	810	47	-13	13	810	47	-13	13	810	47	-13	13	810	47	-13	13	810	47	-13	13	810	47	-13	13	810	47	-13	13	810	47	-13	13	810	47	-13	13	810	47	-13	13	810	47	-13	13	810
48	-15	15	825	48	-15	15	825	48	-15	15	825	48	-15	15	825	48	-15	15	825	48	-15	15	825	48	-15	15	825	48	-15	15	825	48	-15	15	825	48	-15	15	825	48	-15	15	825	48	-15	15	825	48	-15	15	825	48	-15	15	825
49	-13	13	838	49	-13	13	838	49	-13	13	838	49	-13	13	838	49	-13	13	838	49	-13	13	838	49	-13	13	838	49	-13	13	838	49	-13	13	838	49	-13	13	838	49	-13	13	838	49	-13	13	838	49	-13	13	838	49	-13	13	838
50	-13	13	851	50	-13	13	851	50	-13	13	851	50	-13	13	851	50	-13	13	851	50	-13	13	851	50	-13	13	851	50	-13	13	851	50	-13	13	851	50	-13	13	851	50	-13	13	851	50	-13	13	851	50	-13	13	851	50	-13	13	851
51	-229	31	882	51	-229	31	882	51	-229	31	882	51	-229	31	882	51	-229	31	882	51	-229	31	882	51	-229	31	882	51	-229	31	882	51	-229	31	882	51	-229	31	882	51	-229	31	882	51	-229	31	882	51	-229	31	882	51	-229	31	882
52	-17	17	899	52	-17	17	899	52	-17	17	899	52	-17	17	899	52	-17	17	899	52	-17	17	899	52	-17	17	899	52	-17	17	899	52	-17	17	899	52	-17	17	899	52	-17	17	899	52	-17	17	899	52	-17	17	899	52	-17	17	899
53	-123	24	923	53	-123	24	923	53	-123	24	923	53	-123	24	923	53	-123	24	923	53	-123	24	923	53	-123	24	923	53	-123	24	923	53	-123	24	923	53	-123	24	923	53	-123	24	923	53	-123	24	923	53	-123	24	923	53	-123	24	923
54	-17	17	940	54	-17	17	940	54	-17	17	940	54	-17	17	940	54	-17	17	940	54	-17	17	940	54	-17	17	940	54	-17	17	940	54	-17	17	940	54	-17	17	940	54	-17	17	940	54	-17	17	940	54	-17	17	940	54	-17	17	940
55	-122	23	963	55	-122	23	963	55	-122	23	963	55	-122	23	963	55	-122	23	963	55	-122	23	963	55	-122	23	963	55	-122	23	963	55	-122	23	963	55	-122	23	963	55	-122	23	963	55	-122	23	963	55	-122	23	963	55	-122	23	963
56	-117	18	981	56	-117	18	981	56	-117	18	981	56	-117	18	981	56	-117	18	981	56	-117	18	981	56	-117	18	981	56	-117	18	981	56	-117	18	981	56	-117	18	981	56	-117	18	981	56	-117	18	981	56	-117	18	981	56	-117	18	981
57	-116	17	998	57	-116	17	998	57	-116	17	998	57	-116	17	998	57	-116	17	998	57	-116	17	998	57	-116	17	998	57	-116	17	998	57	-116	17	998	57	-116	17	998	57	-116	17	998	57	-116	17	998	57	-116	17	998	57	-116	17	998
58	-15	15	1013	58	-15	15	1013	58	-15	15	1013	58	-15	15	1013	58	-15	15	1013	58	-15	15	1013	58	-15	15	1013	58	-15	15	1013	58	-15	15	1013	58	-15	15	1013	58	-15	15	1013	58	-15	15	1013	58	-15	15	1013	58	-15	15	1013
59	-129	30	1043	59	-129	30	1043	59	-129	30	1043	59	-129	30	1043	59	-129	30	1043	59	-129	30	1043	59	-129	30	1043	59	-129	30	1043	59	-129	30	1043	59	-129	30	1043	59	-129	30	1043	59	-129	30	1043	59	-129	30	1043	59	-129	30	1043
60	-228	30	1073	60	-228	30	1073	60	-228	30	1073	60	-228	30	1073	60	-228	30	1073	60	-228	30	1073	60	-228	30	1073	60	-228	30	1073	60	-228	30	1073	60	-228	30	1073	60	-228	30	1073	60	-228	30	1073	60	-228	30	1073	60	-228	30	1073
61	-19	19	1092	61	-19	19	1092	61	-19	19	1092	61	-19	19	1092	61	-19	19	1092	61	-19	19	1092	61	-19	19	1092	61	-19	19	1092	61	-19	19	1092	61	-19	19	1092	61	-19	19	1092	61	-19	19	1092	61	-19	19	1092	61	-19	19	1092
62	-13	13	1105	62	-13	13	1105	62	-13	13	1105	62	-13	13	1105	62	-13	13	1105	62	-13	13	1105	62	-13	13	1105	62	-13	13	1105	62	-13	13	1105	62	-13	13	1105	62	-13	13	1105	62	-13	13	1105	62	-13	13	1105	62	-13	13	1105
63	-19	19	1124	63	-19	19	1124	63	-19	19	1124	63	-19	19	1124	63	-19	19	1124	63	-19	19	1124	63	-19	19	1124	63	-19	19	1124	63	-19	19	1124	63	-19	19	1124	63	-19	19	1124	63	-19	19	1124	63	-19	19	1124	63	-19	19	1124
64	-17	17	1141	64	-17	17	1141	64	-17	17	1141	64	-17	17	1141	64	-17	17	1141	64	-17	17	1141	64	-17	17	1141	64	-17	17	1141	64	-17	17	1141	64	-17	17	1141	64	-17	17	1141	64	-17	17	1141	64	-17	17	1141	64	-17	17	1141
65	-19	19	1160	65	-19	19	1160	65	-19	19	1160	65	-19	19	1160	65	-19	19	1160	65	-19	19	1160	65	-19	19	1160	65	-19	19	1160	65	-19	19	1160	65	-19	19	1160	65	-19	19	1160	65	-19	19	1160	65	-19	19	1160	65	-19	19	1160
66	-23	23	1183	66	-23	23	1183	66	-23	23	1183	66	-23	23	1183	66	-23	23	1183	66	-23	23	1183	66	-23	23	1183	66	-23	23	1183	66	-23	23	1183	66	-23	23	1183	66	-23	23	1183	66	-23	23	1183	66	-23	23	1183	66	-23	23	1183
67	-122	23	1206	67	-122	23	1206	67	-122	23	1206	67	-122	23	1206	67	-122	23	1206	67	-122	23	1206	67	-122	23	1206	67	-122	23	1206	67	-122	23	1206	67	-122	23	1206	67	-122	23	1206	67	-122	23	1206	67	-122	23	1206	67	-122	23	1206
68	-13	13	1219	68	-13	13	1219	68	-13	13	1219	68	-13	13	1219	68	-13	13	1219	68	-13	13	1219	68	-13	13	1219	68	-13	13	1219	68	-13	13	1219	68	-13	13	1219	68	-13	13	1219	68	-13	13	1219	68	-13	13	1219	68	-13	13	1219
69	-123	24	1243	69	-123	24	1243	69	-123	24	1243	69	-123	24	1243	69	-123	24	1243	69	-123	24	1243	69	-123	24	1243	69	-123	24	1243	69	-123	24	1243	69	-123	24	1243	69	-123	24	1243	69	-123	24	1243	69	-123	24	1243	69	-123	24	1243
70	-222	24	1267	70	-222	24	1267	70	-222	24	1267	70	-222	24	1267	70	-222	24	1267	70	-222	24	1267	70	-222	24	1267	70	-222	24	1267	70	-222	24	1267	70	-222	24	1267	70	-222	24	1267	70	-222	24	1267	70	-222	24	1267	70	-222	24	1267
71	-20	20	1287	71	-20	20	1287	71	-20	20	1287	71	-20	20	1287	71	-20	20	1287	71	-20	20	1287	71	-20	20	1287	71	-20	20	1287	71	-20	20	1287	71	-20	20	1287	71	-20	20	1287	71	-20	20	1287	71	-20	20	1287	71	-20	20	1287
72	-13	13	1300	72	-13	13	1300	72	-13	13	1300	72	-13	13	1300	72	-13	13	1300	72	-13	13	1300	72	-13	13	1300	72	-13	13	1300	72	-13	13	1300	72	-13	13	1300	72	-13	13	1300	72	-13	13	1300	72	-13	13	1300	72	-13	13	1300
73	-15	15	1315	73	-15	15	1315	73	-15	15	1315	73	-15	15	1315	73	-15	15	1315	73	-15	15	1315	73	-15	15	1315	73	-15	15	1315	73	-15	15	1315	73	-15	15	1315	73	-15	15	1315	73	-15	15	1315	73	-15	15	1315	73	-15	15	1315
74	-13	13	1328	74	-13	13	1328	74	-13	13	1328	74	-13	13	1328	74	-13	13	1328	74	-13	13	1328	74	-13	13	1328	74	-13	13	1328	74	-13	13	1328	74	-13	13	1328	74	-13	13	1328	74	-13	13	1328	74	-13	13	1328	74	-13	13	1328
75	-19	19	1347	75	-19	19	1347	75	-19	19	1347	75	-19	19	1347	75	-19	19	1347	75	-19	19	1347	75	-19	19	1347	75	-19	19	1347	75	-19	19	1347	75	-19	19	1347	75	-19	19	1347	75	-19	19	1347	75	-19	19	1347	75	-19	19	1347
76	-15	15	1362	76	-15	15	1362	76	-15	15	1362	76	-15	15	1362	76	-15	15	1362	76	-15	15	1362	76	-15	15	1362	76	-15	15	1362	76	-15	15	1362	76	-15	15	1362	76	-15	15	1362	76	-15	15	1362	76	-15	15	1362	76	-15	15	1362
77	-129	30	1392	77	-129	30	1392	77	-129	30	1392	77	-129	30	1392	77	-129	30	1392	77	-129	30	1392	77	-129	30	1392	77	-129	30	1392	77	-129	30	1392	77	-129	30	1392	77	-129	30	1392	77	-129	30	1392	77	-129	30	1392	77	-129	30	1392
78	-126	27	1419	78	-126	27	1419	78	-126	27	1419	78	-126	27	1419	78	-126	27	1419	78	-126	27	1419	78	-126	27	1419	78	-126	27	1419	78	-126	27	1419	78	-126	27	1419	78	-126	27	1419	78	-126	27	1419	78	-126	27	1419	78	-126	27	1419
79	-13	13	1432	79	-13	13	1432	79	-13	13	1432	79	-13	13	1432	79	-13	13	1432	79	-13	13	1432	79	-13	13	1432	79	-13	13	1432	79	-13	13	1432	79	-13	13	1432	79	-13	13	1432	79	-13	13	1432	79	-13	13	1432	79	-13	13	1432
80	-15	15	1447	80	-15	15	1447	80	-15	15	1447	80	-15	15	1447	80	-15	15	1447	80	-15	15	1447	80	-15	15	1447	80	-15	15	1447	80	-15	15	1447	80	-15	15	1447	80	-15	15	1447	80	-15	15	1447	80	-15	15	1447	80	-15	15	1447
81	-13	13	1460	81	-13	13	1460	81	-13	13	1460	81	-13	13	1460	81	-13	13	1460	81	-13	13	1460	81	-13	13	1460	81	-13	13	1460	81	-13	13	1460	81	-13	13	1460	81	-13	13	1460	81	-13	13	1460	81	-13	13	1460	81	-13	13	1460
82	-17	17	1477	82	-17	17	1477	82	-17	17	1477	82	-17	17	1477	82	-17	17	1477	82	-17	17	1477	82	-17	17	1477	82	-17	17	1477	82	-17	17	1477	82	-17	17	1477	82	-17	17	1477	82	-17	17	1477	82	-17	17	1477	82	-17	17	1477
83	-15	15	1492	83	-15	15	1492	83	-15	15	1492	83	-15	15	1492	83	-15	15	1492	83	-15	15	1492	83	-15	15	1492	83	-15	15	1492	83	-15	15	1492	83	-15	15	1492	83	-15	15	1492	83	-15	15	1492	83	-15	15	1492	83	-15	15	1492
84	-15	15	1507	84	-15	15	1507	84	-15	15	1507	84	-15	15	1507	84	-15	15	1507	84	-15	15	1507	84	-15	15	1507	84	-15	15	1507	84	-15	15	1507	84	-15	15	1507	84	-15	15	1507	84	-15	15	1507	84	-15	15	1507	84	-15	15	1507
85	-18	18	1525	85	-18	18	1525	85	-18	18	1525	85	-18	18	1525	85	-18	18	1525	85	-18	18	1525	85	-18	18	1525	85	-18	18	1525	85	-18	18	1525	85	-18	18	1525	85	-18	18	1525	85	-18	18	1525	85	-18	18	1525	85	-18	18	1525
86	-13	13	1538	86	-13	13	1538	86	-13	13	1538	86	-13	13	1538	86	-13	13	1538	86	-13	13	1538	86	-13	13	1538	86	-13	13	1538	86	-13	13	1538	86	-13	13	1538	86	-13	13	1538	86	-13	13	1538	86	-13	13	1538	86	-13	13	1538
87	-14	14	1552	87	-14	14	1552	87	-14	14	1552	87	-14	14	1552	87	-14	14	1552	87	-14	14	1552	87	-14	14	1552	87	-14	14	1552	87	-14	14	1552	87	-14	14	1552	87	-14	14	1552	87	-14	14	1552	87	-14	14	1552	87	-14	14	1552
88	-15	15	1567	88	-15	15	1567	88	-15	15	1567	88	-15	15	1567	88	-15	15	1567	88	-15	15	1567	88	-15	15	1567	88	-15	15	1567	88	-15	15	1567	88	-15	15	1567	88	-15	15	1567	88	-15	15	1567	88	-15	15	1567	88	-15	15	1567
89	-13	13	1580	89	-13	13	1580	89	-13	13	1580	89	-13	13	1580	89	-13	13	1580	89	-13	13	1580	89	-13	13	1580	89	-13	13	1580	89	-13	13	1580	89	-13	13	1580	89	-13	13	1580	89	-13	13	1580	89	-13	13	1580	89	-13	13	1580
90	-15	15	1595	90	-15	15	1595	90	-15	15	1595	90	-15	15	1595	90	-15	15	1595	90	-15	15	1595	90	-15	15	1595	90	-15	15	1595	90	-15	15	1595	90	-15	15	1595	90	-15	15	1595	90	-15	15	1595	90	-15	15	1595	90	-15	15	1595
91	-15	15	1610	91	-15	15	1610	91	-15	15	1610	91	-15	15	1610	91	-15	15	1610	91	-15	15	1610	91	-15	15	1610	91	-15	15	1610	91	-15	15	1610	91	-15	15	1610	91	-15	15	1610	91	-15	15	1610	91	-15	15	1610	91	-15	15	1610
92	-15	15	1625	92	-15	15	1625	92	-15	15	1625	92	-15	15	1625	92	-15	15	1625	92	-15	15	1625	92	-15	15	1625	92	-15	15	1625	92	-15	15	1625	92	-15	15	1625	92	-15	15	1625	92	-15	15	1625	92	-15	15	1625	92	-15	15	1625
93	-17	17	1642	93	-17	17	1642	93	-17	17	1642	93	-17	17	1642	93	-17	17	1642	93	-17	17	1642	93	-17	17	1642	93	-17	17	1642	93	-17	17	1642	93	-17	17	1642	93	-17	17	1642	93	-17	17	1642	93	-17	17	1642	93	-17	17	1642
94	-19	19	1661	94	-19	19	1661	94	-19	19	1661	94	-19	19	1661	94	-19	19	1661	94	-19	19	1661	94	-19	19	1661	94	-19	19	1661	94	-19	19	1661	94	-19	19	1661	94	-19	19	1661	94	-19	19	1661	94	-19	19	1661	94	-19	19	1661
95	-13	13	1674	95	-13	13	1674	95	-13	13	1674	95	-13	13	1674	95	-13	13	1674	95	-13	13	1674	95	-13	13	1674	95	-13	13	1674	95	-13	13	1674	95	-13	13	1674	95	-13	13	1674	95	-13	13	1674	95	-13	13	1674	95	-13	13	1674
96	-17	17	1691	96	-17	17	1691	96	-17	17	1691	96	-17	17	1691	96	-17	17	1691	96	-17	17	1691	96	-17	17	1691	96	-17	17	1691	96	-17	17	1691	96	-17	17	1691	96	-17	17	1691	96	-17	17	1691	96	-17	17	1691	96	-17	17	1691
97	-13	13	1704	97	-13	13	1704	97	-13	13	1704	97	-13	13	1704	97	-13	13	1704	97	-13	13	1704	97	-13	13	1704	97	-13	13	1704	97	-13	13	1704	97	-13	13	1704	97	-13	13	1704	97	-13	13	1704	97	-13	13	1704	97	-13	13	1704
98	-17	17	1721	98	-17	17	1721	98	-17	17	1721	98	-17	17	1721	98	-17	17	1721	98	-17	17	1721	98	-17	17	1721	98	-17	17	1721	98	-17	17	1721	98	-17	17	1721	98	-17	17	1721	98	-17	17	1721	98	-17	17	1721	98	-17	17	1721
99	-128	29	1750	99	-128	29	1750	99	-128	29	1750	99	-128	29	1750	99	-128	29	1750	99	-128	29	1750	99	-128	29	1750	99	-128	29	1750	99	-128	29	1750	99	-128	29	1750	99	-128	29	1750	99	-128	29	1750	99	-128	29	1750	99	-128	29	1750
100	-13	13	1763	100	-13	13	1763	100	-13	13	1763	100	-13	13	1763	100	-13	13	1763	100	-13	13	1763	100	-13	13	1763	100	-13	13	1763	100	-13	13	1763	100	-13	13	1763	100	-13	13	1763	100	-13	13	1763	100	-13	13	1763	100	-13	13	1763
101	-13	13	1776	101	-13	13	1776	101	-13	13	1776	101	-13	13	1776	101	-13	13	1776	101	-13	13	1776	101	-13	13	1776	101	-13	13	1776	101	-13	13	1776	101	-13	13	1776	101	-13	13	1776	101	-13	13	1776	101	-13	13	1776	101	-13	13	1776
102	-13	13	1789	102	-13	13	1789	102	-13	13	1789	102	-13	13	1789	102	-13	13	1789	102	-13	13	1789	102	-13	13	1789	102	-13	13	1789	102	-13	13	1789	102	-13	13	1789	102	-13	13	1789	102	-13	13	1789	102	-13	13	1789	102	-13	13	1789
103	-13	13	1802	103	-13	13	1802	103	-13	13	1802	103	-13	13	1802	103	-13	13	1802	103	-13	13	1802	103	-13	13	1802	103	-13	13	1802	103	-13	13	1802	103	-13	13	1802	103	-13	13	1802	103	-13	13	1802	103	-13	13	1802	103	-13	13	1802
104	-13	13	1815	104	-13	13	1815	104	-13	13	1815	104	-13	13	1815	104	-13	13	1815	104	-13	13	1815	104	-13	13	1815	104	-13	13	1815	104	-13	13	1815	104	-13	13	1815	104	-13	13	1815	104	-13	13	1815	104	-13	13	1815	104	-13	13	1815
105	-13	13	1828	105	-13	13	1828	105	-13	13	1828	105	-13	13	1828	105	-13	13	1828	105	-13	13	1828	105	-13	13	1828	105	-13	13	1828	105	-13	13	1828	105	-13	13	1828	105	-13	13	1828	105	-13	13	1828	105	-13	13	1828	105	-13	13	1828
106	-118	19	1847	106	-118	19	1847	106	-118	19	1847	106	-118	19	1847	106	-118	19	1847	106	-118	19	1847	106	-118	19	1847	106	-118	19	1847	106	-118	19	1847	106	-118	19	1847	106	-118	19	1847	106	-118	19	1847	106	-118	19	1847	106	-118	19	1847
107	-14	14	1861	107	-14	14	1861	107	-14	14	1861	107	-14	14	1861	107	-14	14	1861	107	-14	14	1861	107	-14	14	1861	107	-14	14	1861	107	-14	14	1861	107	-14	14	1861	107	-14	14	1861	107	-14	14	1861	107	-14	14	1861	107	-14	14	1861
108	-13	13	1874	108	-13	13	1874	108	-13	13	1874	108	-13	13	1874	108	-13	13	1874	108	-13	13	1874	108	-13	13	1874	108	-13	13	1874	108	-13	13	1874	108	-13	13	1874	108	-13	13	1874	108	-13	13	1874	108	-13	13	1874	108	-13	13	1874
109	-117	18	1892	109	-117	18	1892	109	-117	18	1892	109	-117	18	1892	109	-117	18	1892	109	-117	18	1892	109	-117	18	1892	109	-117	18	1892	109	-117	18	1892	109	-117	18	1892	109	-117	18	1892	109	-117	18	1892	109	-117	18	1892	109	-117	18	1892
110	-15	15	1907	110	-15	15	1907	110	-15	15	1907	110	-15	15	1907	110	-15	15	1907	110	-15	15	1907	110	-15	15	1907	110	-15	15	1907	110	-15	15	1907	110	-15	15	1907	110	-15	15	1907	110	-15	15	1907	110	-15	15	1907	110	-15	15	1907
111	-15	15	1922	111	-15	15	1922	111	-15	15	1922	111	-15	15	1922	111	-15	15	1922	111	-15	15	1922	111	-15	15	1922	111	-15	15	1922	111	-15	15	1922	111	-15	15	1922	111	-15	15	1922	111	-15	15	1922	111	-15	15	1922	111	-15	15	1922
112	-17	17	1939	112	-17	17	1939	112	-17	17	1939	112	-17	17	1939	112	-17	17	1939	112	-17	17	1939	112	-17	17	1939	112	-17	17	1939	112	-17	17	1939	112	-17	17	1939	112	-17	17	1939	112	-17	17	1939	112	-17	17	1939	112	-17	17	1939
113	-13	13	1952	113	-13	13	1952	113	-13	13	1952	113	-13	13	1952	113	-13	13	1952	113	-13	13	1952	113	-13	13	1952	113	-13	13	1952	113	-13	13	1952	113	-13	13	1952	113	-13	13	1952	113	-13	13	1952	113	-13	13	1952	113	-13	13	1952
114	-116	17	1969	114	-116	17	1969	114	-116	17	1969	114	-116	17	1969	114	-116	17	1969	114	-116	17	1969	114	-116	17	1969	114	-116	17	1969	114	-116	17	1969	114	-116	17	1969	114	-116	17	1969	114	-116	17	1969	114	-116	17	1969	114	-116	17	1969
115	-221	23	1992	115	-221	23	1992	115	-221	23	1992	115	-221	23	1992	115	-221	23	1992	115	-221	23	1992	115	-221	23	1992	115	-221	23	1992	115	-221	23	1992	115	-221	23	1992	115	-221	23	1992	115	-221	23	1992	115	-221	23	1992	115	-221	23	1992
116	-15	15	2007	116	-15	15	2007	116	-15	15	2007	116	-15	15	2007	116	-15	15	2007	116	-15	15	2007	116	-15	15	2007	116	-15	15	2007	116	-15	15	2007	116	-15	15	2007	116	-15	15	2007	116	-15	15	2007	116	-15	15	2007	116	-15	15	2007
117	-118	19	2026	117	-118	19	2026	117	-118	19	2026	117	-118	19	2026	117	-118	19	2026	117	-118	19	2026	117	-118	19	2026	117	-118	19	2026	117	-118	19	2026	117	-118	19	2026	117	-118	19	2026	117	-118	19	2026	117	-118	19	2026	117	-118	19	2026
118	-14	14	2040	118	-14	14	2040	118	-14	14	2040	118	-14	14	2040	118	-14	14	2040	118	-14	14	2040	118	-14	14	2040	118	-14	14	2040	118	-14	14	2040	118	-14	14	2040	118	-14	14	2040	118	-14	14	2040	118	-14	14	2040	118	-14	14	2040
119	-13	13	2053	119	-13	13	2053	119	-13	13	2053	119	-13	13	2053	119	-13	13	2053	119	-13	13	2053	119	-13	13	2053	119	-13	13	2053	119	-13	13	2053	119	-13	13	2053	119	-13	13	2053	119	-13	13	2053	119	-13	13	2053	119	-13	13	2053
120	-129	30	2083	120	-129	30	2083	120	-129	30	2083	120	-129	30	2083	120	-129	30	2083	120	-129	30	2083	120	-129	30	2083	120	-129	30	2083	120	-129	30	2083	120	-129	30	2083	120	-129	30	2083	120	-129	30	2083	120	-129	30	2083	120	-129	30	2083
121	-13	13	2096	121	-13	13	2096	121	-13	13	2096	121	-13	13	2096	121	-13	13	2096	121	-13	13	2096	121	-13	13	2096	121	-13	13	2096	121	-13	13	2096	121	-13	13	2096	121	-13	13	2096	121	-13	13	2096	121	-13	13	2096	121	-13	13	2096
122	-13	13	2109	122	-13	13	2109	122	-13	13	2109	122	-13	13	2109	122	-13	13	2109	122	-13	13	2109	122	-13	13	2109	122	-13	13	2109	122	-13	13	2109	122	-13	13	2109	122	-13	13	2109	122	-13	13	2109	122	-13	13	2109	122	-13	13	2109
123	-120	21	2130	123	-120	21	2130	123	-120	21	2130	123	-120	21	2130	123	-120	21	2130	123	-120	21	2130	123	-120	21	2130	123	-120	21	2130	123	-120	21	2130	123	-120	21	2130	123	-120	21	2130	123	-120	21	2130	123	-120	21	2130	123	-120	21	2130
124	-15	15	2145	124	-15	15	2145	124	-15	15	2145	124	-15	15	2145	124	-15	15	2145	124	-15	15	2145	124	-15	15	2145	124	-15	15	2145	124	-15	15	2145	124	-15	15	2145	124	-15	15	2145	124	-15	15	2145	124	-15	15	2145	124	-15	15	2145
125	-235	37	2182	125	-235	37	2182	125	-235	37	2182	125	-235	37	2182	125	-235	37	2182	125	-235	37	2182	125	-235	37	2182	125	-235	37	2182	125	-235	37	2182	125	-235	37	2182	125	-235	37	2182	125	-235	37	2182	125	-235	37	2182	125	-235	37	2182
126	-13	13	2195	126	-13	13	2195	126	-13	13	2195	126	-13	13	2195	126	-13	13	2195	126	-13	13	2195	126	-13	13	2195	126	-13	13	2195	126	-13	13	2195	126	-13	13	2195	126	-13	13	2195	126	-13	13	2195	126	-13	13	2195	126	-13	13	2195
127	-17	17	2212	127	-17	17	2212	127	-17	17	2212	127	-17	17	2212	127	-17	17	2212	127	-17	17	2212	127	-17	17	2212	127	-17	17	2212	127	-17	17	2212	127	-17	17	2212	127	-17	17	2212	127	-17	17	2212	127	-17	17	2212	127	-17	17	2212
128	-20	20	2232	128	-20	20	2232	128	-20	20	2232	128	-20	20	2232	128	-20	20	2232	128	-20	20	2232	128	-20	20	2232	128	-20	20	2232	128	-20	20	2232	128	-20	20	2232	128	-20	20	2232	128	-20	20	2232	128	-20	20	2232	128	-20	20	2232
129	-13	13	2245	129	-13	13	2245	129	-13	13	2245	129	-13	13	2245	129	-13	13	2245	129	-13	13	2245	129	-13	13	2245	129	-13	13	2245	129	-13	13	2245	129	-13	13	2245	129	-13	13	2245	129	-13	13	2245	129	-13	13	2245	129	-13	13	2245
130	-15	15	2260	130	-15	15	2260	130	-15	15	2260	130	-15	15	2260	130	-15	15	2260	130	-15	15	2260	130	-15	15	2260	130	-15	15	2260	130	-15	15	2260	130	-15	15	2260	130	-15	15	2260	130	-15	15	2260	130	-15	15	2260	130	-15	15	2260
131	-13	13	2273	131	-13	13	2273	131	-13	13	2273	131	-13	13	2273	131	-13	13	2273	131	-13	13	2273	131	-13	13	2273	131	-13	13	2273	131	-13	13	2273	131	-13	13	2273	131	-13	13	2273	131	-13	13	2273	131	-13	13	2273	131	-13	13	2273
132	-13	13	2286	132	-13	13	2286	132	-13	13	2286	132	-13	13	2286	132	-13	13	2286	132	-13	13	2286	132	-13	13	2286	132	-13	13	2286	132	-13	13	2286	132	-13	13	2286	132	-13	13	2286	132	-13	13	2286	132	-13	13	2286	132	-13	13	2286
133	-15	15	2301	133	-15	15	2301	133	-15	15	2301	133	-15	15	2301	133	-15	15	2301	133	-15	15	2301	133	-15	15	2301	133	-15	15	2301	133	-15	15	2301	133	-15	15	2301	133	-15	15	2301	133	-15	15	2301	133	-15	15	2301	133	-15	15	2301
134	-120	21	2322	134	-120	21	2322	134	-120	21	2322	134	-120	21	2322	134	-120	21	2322	134	-120	21	2322	134	-120	21	2322	134	-120	21	2322	134	-120	21	2322	134	-120	21	2322	134	-120	21	2322	134	-120	21	2322	134	-120	21	2322	134	-120	21	2322
135	-13	13	2335	135	-13	13	2335	135	-13	13	2335	135	-13	13	2335	135	-13	13	2335	135	-13	13	2335	135	-13	13	2335	135	-13	13	2335	135	-13	13	2335	135	-13	13	2335	135	-13	13	2335	135	-13	13	2335	135	-13	13	2335	135	-13	13	2335
136	-19	19	2354	136	-19	19	2354	136	-19	19	2354	136	-19	19	2354	136	-19	19	2354	136	-19	19	2354	136	-19	19	2354	136	-19	19	2354	136	-19	19	2354	136	-19	19	2354	136	-19	19	2354	136	-19	19	2354	136	-19	19	2354	136	-19	19	2354
137	-19	19	2373	137	-19	19	2373	137	-19	19	2373	137	-19	19	2373	137	-19	19	2373	137	-19	19	2373	137	-19	19	2373	137	-19	19	2373	137	-19	19	2373	137	-19	19	2373	137	-19	19	2373	137	-19	19	2373	137	-19	19	2373	137	-19	19	2373
138	-15	15	2388	138	-15	15	2388	138	-15	15	2388	138	-15	15	2388	138	-15	15	2388	138	-15	15	2388	138	-15	15	2388	138	-15	15	2388	138	-15	15	2388	138	-15	15	2388	138	-15	15	2388	138	-15	15	2388	138	-15	15	2388	138	-15	15	2388
139	-15	15	2403	139	-15	15	2403	139	-15	15	2403	139	-15	15	2403	139	-15	15	2403	139	-15	15	2403	139	-15	15	2403	139	-15	15	2403	139	-15	15	2403	139	-15	15	2403	139	-15	15	2403	139	-15	15	2403	139	-15	15	2403	139	-15	15	2403
140	-14	14	2417	140	-14	14	2417	140	-14	14	2417	140	-14	14	2417	140	-14	14	2417	140	-14	14	2417	140	-14	14	2417	140	-14	14	2417	140	-14	14	2417	140	-14	14	2417	140	-14	14	2417	140	-14	14	2417	140	-14	14	2417	140	-14	14	2417
141	-13	13	2430	141	-13	13	2430	141	-13	13	2430	141	-13	13	2430	141	-13	13	2430	141	-13	13	2430	141	-13	13	2430	141	-13	13	2430	141	-13	13	2430	141	-13	13	2430	141	-13	13	2430	141	-13	13	2430	141	-13	13	2430	141	-13	13	2430
142	-13	13	2443	142	-13	13	2443	142	-13	13	2443	142	-13	13	2443	142	-13	13	2443	142	-13	13	2443	142	-13	13	2443	142	-13	13	2443	142	-13	13	2443	142	-13	13	2443	142	-13	13	2443	142	-13	13	2443	142	-13	13	2443	142	-13	13	2443
143	-13	13	2456	143	-13	13	2456	143	-13	13	2456	143	-13	13	2456	143	-13	13	2456	143	-13	13	2456	143	-13	13	2456	143	-13	13	2456	143	-13	13	2456	143	-13	13	2456	143	-13	13	2456	143	-13	13	2456	143	-13	13	2456	143	-13	13	2456
144	-17	17	2473	144	-17	17	2473	144	-17	17	2473	144	-17	17	2473	144	-17	17	2473	144	-17	17	2473	144	-17	17	2473	144	-17	17	2473	144	-17	17	2473	144	-17	17	2473	144	-17	17	2473	144	-17	17	2473	144	-17	17	2473	144	-17	17	2473
145	-19	19	2492	145	-19	19	2492	145	-19	19	2492	145	-19	19	2492	145	-19	19	2492	145	-19	19	2492	145	-19	19	2492	145	-19	19	2492	145	-19	19	2492	145	-19	19	2492	145	-19	19	2492	145	-19	19	2492	145	-19	19	2492	145	-19	19	2492
146	-13	13	2505	146	-13	13	2505	146	-13	13	2505	146	-13	13	2505	146	-13	13	2505	146	-13	13	2505	146	-13	13	2505	146	-13	13	2505	146	-13	13	2505	146	-13	13	2505	146	-13	13	2505	146	-13	13	2505	146	-13	13	2505	146	-13	13	2505
147	-19	19	2524	147	-19	19	2524	147	-19	19	2524	147	-19	19	2524	147	-19	19	2524	147	-19	19	2524	147	-19	19	2524	147	-19	19	2524	147	-19	19	2524	147	-19	19	2524	147	-19	19	2524	147	-19	19	2524	147	-19	19	2524	147	-19	19	2524
148	-15	15	2539	148	-15	15	2539	148	-15	15	2539	148	-15	15	2539	148	-15	15	2539	148	-15	15	2539	148	-15	15	2539	148	-15	15	2539	148	-15	15	2539	148	-15	15	2539	148	-15	15	2539	148	-15	15	2539	148	-15	15	2539	148	-15	15	2539
149	-224	26	2565	149	-224	26	2565	149	-224	26	2565	149	-224	26	2565	149	-224	26	2565	149	-224	26	2565	149	-224	26	2565	149	-224	26	2565	149	-224	26	2565	149	-224	26	2565	149	-224	26	2565	149	-224	26	2565	149	-224	26	2565	149	-224	26	2565
150	-115	16	2581	150	-115	16	2581	150	-115	16	2581	150	-115	16	2581	150	-115	16	2581	150	-115	16	2581	150	-115	16	2581	150	-115	16	2581	150	-115	16	2581	150	-115	16	2581	150	-115	16	2581	150	-115	16	2581	150	-115	16	2581	150	-115	16	2581
151	-19	19	2600	151	-19	19	2600	151	-19	19	2600	151	-19	19	2600	151	-19	19	2600	151	-19	19	2600	151	-19	19	2600	151	-19	19	2600	151	-19	19	2600	151	-19	19	2600	151	-19	19	2600	151	-19	19	2600	151	-19	19	2600	151	-19	19	2600
152	-13	13	2613	152	-13	13	2613	152	-13	13	2613	152	-13	13	2613	152	-13	13	2613	152	-13	13	2613	152	-13	13	2613	152	-13	13	2613	152	-13	13	2613	152	-13	13	2613	152	-13	13	2613	152	-13	13	2613	152	-13	13	2613	152	-13	13	2613
153	-113	14	2627	153	-113	14	2627	153	-113	14	2627	153	-113	14	2627	153	-113	14	2627	153	-113	14	2627	153	-113	14	2627	153	-113	14	2627	153	-113	14	2627	153	-113	14	2627	153	-113	14	2627	153	-113	14	2627	153	-113	14	2627	153	-113	14	2627
154	-328	31	2658	154	-328	31	2658	154	-328	31	2658	154	-328	31	2658	154	-328	31	2658	154	-328	31	2658	154	-328	31	2658	154	-328	31	2658	154	-328	31	2658	154	-328	31	2658	154	-328	31	2658	154	-328	31	2658	154	-328	31	2658	154	-328	31	2658
155	-16	16	2674	155	-16	16	2674	155	-16	16	2674	155	-16	16	2674	155	-16	16	2674	155	-16	16	2674	155	-16	16	2674	155	-16	16	2674	155	-16	16	2674	155	-16	16	2674	155	-16	16	2674	155	-16	16	2674	155	-16	16	2674	155	-16	16	2674
156	-14	14	2688	156	-14	14	2688	156	-14	14	2688	156	-14	14	2688	156	-14	14	2688	156	-14	14	2688	156	-14	14	2688	156	-14	14	2688	156	-14	14	2688	156	-14	14	2688	156	-14	14	2688	156	-14	14	2688	156	-14	14	2688	156	-14	14	2688
157	-117	18	2706	157	-117	18	2706	157	-117	18	2706	157	-117	18	2706	157	-117	18	2706	157	-117	18	2706	157	-117	18	2706	157	-117	18	2706	157	-117	18	2706	157	-117	18	2706	157	-117	18	2706	157	-117	18	2706	157	-117	18	2706	157	-117	18	2706
158	-17	17	2723	158	-17	17	2723	158	-17	17	2723	158	-17	17	2723	158	-17	17	2723	158	-17	17	2723	158	-17	17	2723	158	-17	17	2723	158	-17	17	2723	158	-17	17	2723	158	-17	17	2723	158	-17	17	2723	158	-17	17	2723	158	-17	17	2723
159	-15	15	2738	159	-15	15	2738	159	-15	15	2738	159	-15	15	2738	159	-15	15	2738	159	-15	15	2738	159	-15	15	2738	159	-15	15	2738	159	-15	15	2738	159	-15	15	2738	159	-15	15	2738	159	-15	15	2738	159	-15	15	2738	159	-15	15	2738
160	-15	15	2753	160	-15	15	2753	160	-15	15	2753	160	-15	15	2753	160	-15	15	2753	160	-15	15	2753	160	-15	15	2753	160	-15	15	2753	160	-15	15	2753	160	-15	15	2753	160	-15	15	2753	160	-15	15	2753	160	-15	15	2753	160	-15	15	2753
161	-13	13	2766	161	-13	13	2766	161	-13	13	2766	161	-13	13	2766	161	-13	13	2766	161	-13	13	2766	161	-13	13	2766	161	-13	13	2766	161	-13	13	2766	161	-13	13	2766	161	-13	13	2766	161	-13	13	2766	161	-13	13	2766	161	-13	13	2766
162	-231	33	2799	162	-231	33	2799	162	-231	33	2799	162	-231	33	2799	162	-231	33	2799	162	-231	33	2799	162	-231	33	2799	162	-231	33	2799	162	-231	33	2799	162	-231	33	2799	162	-231	33	2799	162	-231	33	2799	162	-231	33	2799	162	-231	33	2799
163	-13	13	2812	163	-13	13	2812	163	-13	13	2812	163	-13	13	2812	163	-13	13	2812	163	-13	13	2812	163	-13	13	2812	163	-13	13	2812	163	-13	13	2812	163	-13	13	2812	163	-13	13	2812	163	-13	13	2812	163	-13	13	2812	163	-13	13	2812
164	-13	13	2825	164	-13	13	2825	164	-13	13	2825	164	-13	13	2825	164	-13	13	2825	164	-13	13	2825	164	-13	13	2825	164	-13	13	2825	164	-13	13	2825	164	-13	13	2825	164	-13	13	2825	164	-13	13	2825	164	-13	13	2825	164	-13	13	2825
165	-13	13	2838	165	-13	13	2838	165	-13	13	2838	165	-13	13	2838	165	-13	13	2838	165	-13	13	2838	165	-13	13	2838	165	-13	13	2838	165	-13	13	2838	165	-13	13	2838	165	-13	13	2838	165	-13	13	2838	165	-13	13	2838	165	-13	13	2838
166	-226	28	2866	166	-226	28	2866	166	-226	28	2866	166	-226	28	2866	166	-226	28	2866	166	-226	28	2866	166	-226	28	2866	166	-226	28	2866	166	-226	28	2866	166	-226	28	2866	166	-226	28	2866	166	-226	28	2866	166	-226	28	2866	166	-226	28	2866
167	-15	15	2881	167	-15	15	2881	167	-15	15	2881	167	-15	15	2881	167	-15	15	2881	167	-15	15	2881	167	-15	15	2881	167	-15	15	2881	167	-15	15	2881	167	-15	15	2881	167	-15	15	2881	167	-15	15	2881	167	-15	15	2881	167	-15	15	2881
168	-13	13	2894	168	-13	13	2894	168	-13	13	2894	168	-13	13	2894	168	-13	13	2894	168	-13	13	2894	168	-13	13	2894	168	-13	13	2894	168	-13	13	2894	168	-13	13	2894	168	-13	13	2894	168	-13	13	2894	168	-13	13	2894	168	-13	13	2894
169	-216	18	2912	169	-216	18	2912	169	-216	18	2912	169	-216	18	2912	169	-216	18	2912	169	-216	18	2912	169	-216	18	2912	169	-216	18	2912	169	-216	18	2912	169	-216	18	2912	169	-216	18	2912	169	-216	18	2912	169	-216	18	2912	169	-216	18	2912
170	-13	13	2925	170	-13	13	2925	170	-13	13	2925	170	-13	13	2925	170	-13	13	2925	170	-13	13	2925	170	-13	13	2925	170	-13	13	2925	170	-13	13	2925	170	-13	13	2925	170	-13	13	2925	170	-13	13	2925	170	-13	13	2925	170	-13	13	2925
171	-16	16	2941	171	-16	16	2941	171	-16	16	2941	171	-16	16	2941	171	-16	16	2941	171	-16	16	2941	171	-16	16	2941	171	-16	16	2941	171	-16	16	2941	171	-16	16	2941	171	-16	16	2941	171	-16	16	2941	171	-16	16	2941	171	-16	16	2941
172	-245	47	2988	172	-245	47	2988	172	-245	47	2988	172	-245	47	2988	172	-245	47	2988	172	-245	47	2988	172	-245	47	2988	172	-245	47	2988	172	-245	47	2988	172	-245	47	2988	172	-245	47	2988	172	-245	47	2988	172	-245	47	2988	172	-245	47	2988
173	-19	19	3007	173	-19	19	3007	173	-19	19	3007	173	-19	19	3007	173	-19	19	3007	173	-19	19	3007	173	-19	19	3007	173	-19	19	3007	173	-19	19	3007	173	-19	19	3007	173	-19	19	3007	173	-19	19	3007	173	-19	19	3007	173	-19	19	3007
174	-13	13	3020	174	-13	13	3020	174	-13	13	3020	174	-13	13	3020	174	-13	13	3020	174	-13	13	3020	174	-13	13	3020	174	-13	13	3020	174	-13	13	3020	174	-13	13	3020	174	-13	13	3020	174	-13	13	3020	174	-13	13	3020	174	-13	13	3020
175	-126	27	3047	175	-126	27	3047	175	-126	27	3047	175	-126	27	3047	175	-126	27	3047	175	-126	27	3047	175	-126	27	3047	175	-126	27	3047	175	-126	27	3047	175	-126	27	3047	175	-126	27	3047	175	-126	27	3047	175	-126	27	3047	175	-126	27	3047
176	-17	17	3064	176	-17	17	3064	176	-17	17	3064	176	-17	17	3064	176	-17	17	3064	176	-17	17	3064	176	-17	17	3064	176	-17	17	3064	176	-17	17	3064	176	-17	17	3064	176	-17	17	3064	176	-17	17	3064	176	-17	17	3064	176	-17	17	3064
177	-17	17	3081	177	-17	17	3081	177	-17	17	3081	177	-17	17	3081	177	-17	17	3081	177	-17	17	3081	177	-17	17	3081	177	-17	17	3081	177	-17	17	3081	177	-17	17	3081	177	-17	17	3081	177	-17	17	3081	177	-17	17	3081	177	-17	17	3081
178	-15	15	3096	178	-15	15	3096	178	-15	15	3096	178	-15	15	3096	178	-15	15	3096	178	-15	15	3096	178	-15	15	3096	178	-15	15	3096	178	-15	15	3096	178	-15	15	3096	178	-15	15	3096	178	-15	15	3096	178	-15	15	3096	178	-15	15	3096
179	-116	17	3113	179	-116	17	3113	179	-116	17	3113	179	-116	17	3113	179	-116	17	3113	179	-116	17	3113	179	-116	17	3113	179	-116	17	3113	179	-116	17	3113	179	-116	17	3113	179	-116	17	3113	179	-116	17	3113	179	-116	17	3113	179	-116	17	3113
180	-13	13	3126	180	-13	13	3126	180	-13	13	3126	180	-13	13	3126	180	-13	13	3126	180	-13	13	3126	180	-13	13	3126	180	-13	13	3126	180	-13	13	3126	180	-13	13	3126	180	-13	13	3126	180	-13	13	3126	180	-13	13	3126	180	-13	13	3126
181	-229	31	3157	181	-229	31	3157	181	-229	31	3157	181	-229	31	3157	181	-229	31	3157	181	-229	31	3157	181	-229	31	3157	181	-229	31	3157	181	-229	31	3157	181	-229	31	3157	181	-229	31	3157	181	-229	31	3157	181	-229	31	3157	181	-229	31	3157
182	-13	13	3170	182	-13	13	3170	182	-13	13	3170	182	-13	13	3170	182	-13	13	3170	182	-13	13	3170	182	-13	13	3170	182	-13	13	3170	182	-13	13	3170	182	-13	13	3170	182	-13	13	3170	182	-13	13	3170	182	-13	13	3170	182	-13	13	3170
183	-19	19	3189	183	-19	19	3189	183	-19	19	3189	183	-19	19	3189	183	-19	19	3189	183	-19	19	3189	183	-19	19	3189	183	-19	19	3189	183	-19	19	3189	183	-19	19	3189	183	-19	19	3189	183	-19	19	3189	183	-19	19	3189	183	-19	19	3189
184	-13	13	3202	184	-13	13	3202	184	-13	13	3202	184	-13	13	3202	184	-13	13	3202	184	-13	13	3202	184	-13	13	3202	184	-13	13	3202	184	-13	13	3202	184	-13	13	3202	184	-13	13	3202	184	-13	13	3202	184	-13	13	3202	184	-13	13	3202
185	-225	27	3229	185	-225	27	3229	185	-225	27	3229	185	-225	27	3229	185	-225	27	3229	185	-225	27	3229	185	-225	27	3229	185	-225	27	3229	185	-225	27	3229	185	-225	27	3229	185	-225	27	3229	185	-225	27	3229	185	-225	27	3229	185	-225	27	3229
186	-14	14	3243	186	-14	14	3243	186	-14	14	3243	186	-14	14	3243	186	-14	14	3243	186	-14	14	3243	186	-14	14	3243	186	-14	14	3243	186	-14	14	3243	186	-14	14	3243	186	-14	14	3243	186	-14	14	3243	186	-14	14	3243	186	-14	14	3243
187	-120	21	3264	187	-120	21	3264	187	-120	21	3264	187	-120	21	3264	187	-120	21	3264	187	-120	21	3264	187	-120	21	3264	187	-120	21	3264	187	-120	21	3264	187	-120	21	3264	187	-120	21	3264	187	-120	21	3264	187	-120	21	3264	187	-120	21	3264
188	-17	17	3281	188	-17	17	3281	188	-17	17	3281	188	-17	17	3281	188	-17	17	3281	188	-17	17	3281	188	-17	17	3281	188	-17	17	3281	188	-17	17	3281	188	-17	17	3281	188	-17	17	3281	188	-17	17	3281	188	-17	17	3281	188	-17	17	3281
189	-13	13	3294	189	-13	13	3294	189	-13	13	3294	189	-13	13	3294	189	-13	13	3294	189	-13	13	3294	189	-13	13	3294	189	-13	13	3294	189	-13	13	3294	189	-13	13	3294	189	-13	13	3294	189	-13	13	3294	189	-13	13	3294	189	-13	13	3294
190	-13	13	3307	190	-13	13	3307	190	-13	13	3307	190	-13	13	3307	190	-13	13	3307	190	-13	13	3307	190	-13	13	3307	190	-13	13	3307	190	-13	13	3307	190	-13	13	3307	190	-13	13	3307	190	-13	13	3307	190	-13	13	3307	190	-13	13	3307
191	-13	13	3320	191	-13	13	3320	191	-13	13	3320	191	-13	13	3320	191	-13	13	3320	191	-13	13	3320	191	-13	13	3320	191	-13	13	3320	191	-13	13	3320	191	-13	13	3320	191	-13	13	3320	191	-13	13	3320	191	-13	13	3320	191	-13	13	3320
192	-16	16	3336	192	-16	16	3336	192	-16	16	3336	192	-16	16	3336	192	-16	16	3336	192	-16	16	3336	192	-16	16	3336	192	-16	16	3336	192	-16	16	3336	192	-16	16	3336	192	-16	16	3336	192	-16	16	3336	192	-16	16	3336	192	-16	16	3336
193	-19	19	3355	193	-19	19	3355	193	-19	19	3355	193	-19	19	3355	193	-19	19	3355	193	-19	19	3355	193	-19	19	3355	193	-19	19	3355	193	-19	19	3355	193	-19	19	3355	193	-19	19	3355	193	-19	19	3355	193	-19	19	3355	193	-19	19	3355
194	-13	13	3368	194	-13	13	3368	194	-13	13	3368	194	-13	13	3368	194	-13	13	3368	194	-13	13	3368	194	-13	13	3368	194	-13	13	3368	194	-13	13	3368	194	-13	13	3368	194	-13	13	3368	194	-13	13	3368	194	-13	13	3368	194	-13	13	3368
195	-17	17	3385	195	-17	17	3385	195	-17	17	3385	195	-17	17	3385	195	-17	17	3385	195	-17	17	3385	195	-17	17	3385	195	-17	17	3385	195	-17	17	3385	195	-17	17	3385	195	-17	17	3385	195	-17	17	3385	195	-17	17	3385	195	-17	17	3385
196	-125	26	3411	196	-125	26	3411	196	-125	26	3411	196	-125	26	3411	196	-125	26	3411	196	-125	26	3411	196	-125	26	3411	196	-125	26	3411	196	-125	26	3411	196	-125	26	3411	196	-125	26	3411	196	-125	26	3411	196	-125	26	3411	196	-125	26	3411
197	-13	13	3424	197	-13	13	3424	197	-13	13	3424	197	-13	13	3424	197	-13	13	3424	197	-13	13	3424	197	-13	13	3424	197	-13	13	3424	197	-13	13	3424	197	-13	13	3424	197	-13	13	3424	197	-13	13	3424	197	-13	13	3424	197	-13	13	3424
198	-17	17	3441	198	-17	17	3441	198	-17	17	3441	198	-17	17	3441	198	-17	17	3441	198	-17	17	3441	198	-17	17	3441	198	-17	17	3441	198	-17	17	3441	198	-17	17	3441	198	-17	17	3441	198	-17	17	3441	198	-17	17	3441	198	-17	17	3441
199	-13	13	3454	199	-13	13	3454	199	-13	13	3454	199	-13	13	3454	199	-13	13	3454	199	-13	13	3454	199	-13	13	3454	199	-13	13	3454	199	-13	13	3454	199	-13	13	3454	199	-13	13	3454	199	-13	13	3454	199	-13	13	3454	199	-13	13	3454
