Episode	Accumulated Reward	Length	Steps	Episode	Accumulated Reward	Length	Steps	Episode	Accumulated Reward	Length	Steps	Episode	Accumulated Reward	Length	Steps	Episode	Accumulated Reward	Length	Steps	Episode	Accumulated Reward	Length	Steps	Episode	Accumulated Reward	Length	Steps	Episode	Accumulated Reward	Length	Steps	Episode	Accumulated Reward	Length	Steps	Episode	Accumulated Reward	Length	Steps	Episode	Accumulated Reward	Length	Steps	Episode	Accumulated Reward	Length	Steps	Episode	Accumulated Reward	Length	Steps	Episode	Accumulated Reward	Length	Steps	Episode	Accumulated Reward	Length	Steps	Episode	Accumulated Reward	Length	Steps	Episode	Accumulated Reward	Length	Steps	Episode	Accumulated Reward	Length	Steps	Episode	Accumulated Reward	Length	Steps	Episode	Accumulated Reward	Length	Steps	Episode	Accumulated Reward	Length	Steps	Episode	Accumulated Reward	Length	Steps	Episode	Accumulated Reward	Length	Steps	Episode	Accumulated Reward	Length	Steps	Episode	Accumulated Reward	Length	Steps
0	-1959	771	771	0	-1959	771	771	0	-1959	771	771	0	-1959	771	771	0	-1959	771	771	0	-1959	771	771	0	-1959	771	771	0	-1959	771	771	0	-1959	771	771	0	-1959	771	771	0	-1959	771	771	0	-1959	771	771	0	-1959	771	771	0	-1959	771	771	0	-1959	771	771	0	-1959	771	771	0	-1959	771	771	0	-1959	771	771	0	-1959	771	771	0	-1959	771	771	0	-1959	771	771	0	-1959	771	771	0	-1959	771	771	0	-1959	771	771	0	-1959	771	771
1	-771	375	1146	1	-771	375	1146	1	-771	375	1146	1	-771	375	1146	1	-771	375	1146	1	-771	375	1146	1	-771	375	1146	1	-771	375	1146	1	-771	375	1146	1	-771	375	1146	1	-771	375	1146	1	-771	375	1146	1	-771	375	1146	1	-771	375	1146	1	-771	375	1146	1	-771	375	1146	1	-771	375	1146	1	-771	375	1146	1	-771	375	1146	1	-771	375	1146	1	-771	375	1146	1	-771	375	1146	1	-771	375	1146	1	-771	375	1146	1	-771	375	1146
2	-95	95	1241	2	-95	95	1241	2	-95	95	1241	2	-95	95	1241	2	-95	95	1241	2	-95	95	1241	2	-95	95	1241	2	-95	95	1241	2	-95	95	1241	2	-95	95	1241	2	-95	95	1241	2	-95	95	1241	2	-95	95	1241	2	-95	95	1241	2	-95	95	1241	2	-95	95	1241	2	-95	95	1241	2	-95	95	1241	2	-95	95	1241	2	-95	95	1241	2	-95	95	1241	2	-95	95	1241	2	-95	95	1241	2	-95	95	1241	2	-95	95	1241
3	-194	194	1435	3	-194	194	1435	3	-194	194	1435	3	-194	194	1435	3	-194	194	1435	3	-194	194	1435	3	-194	194	1435	3	-194	194	1435	3	-194	194	1435	3	-194	194	1435	3	-194	194	1435	3	-194	194	1435	3	-194	194	1435	3	-194	194	1435	3	-194	194	1435	3	-194	194	1435	3	-194	194	1435	3	-194	194	1435	3	-194	194	1435	3	-194	194	1435	3	-194	194	1435	3	-194	194	1435	3	-194	194	1435	3	-194	194	1435	3	-194	194	1435
4	-471	273	1708	4	-471	273	1708	4	-471	273	1708	4	-471	273	1708	4	-471	273	1708	4	-471	273	1708	4	-471	273	1708	4	-471	273	1708	4	-471	273	1708	4	-471	273	1708	4	-471	273	1708	4	-471	273	1708	4	-471	273	1708	4	-471	273	1708	4	-471	273	1708	4	-471	273	1708	4	-471	273	1708	4	-471	273	1708	4	-471	273	1708	4	-471	273	1708	4	-471	273	1708	4	-471	273	1708	4	-471	273	1708	4	-471	273	1708	4	-471	273	1708
5	-91	91	1799	5	-91	91	1799	5	-91	91	1799	5	-91	91	1799	5	-91	91	1799	5	-91	91	1799	5	-91	91	1799	5	-91	91	1799	5	-91	91	1799	5	-91	91	1799	5	-91	91	1799	5	-91	91	1799	5	-91	91	1799	5	-91	91	1799	5	-91	91	1799	5	-91	91	1799	5	-91	91	1799	5	-91	91	1799	5	-91	91	1799	5	-91	91	1799	5	-91	91	1799	5	-91	91	1799	5	-91	91	1799	5	-91	91	1799	5	-91	91	1799
6	-469	271	2070	6	-469	271	2070	6	-469	271	2070	6	-469	271	2070	6	-469	271	2070	6	-469	271	2070	6	-469	271	2070	6	-469	271	2070	6	-469	271	2070	6	-469	271	2070	6	-469	271	2070	6	-469	271	2070	6	-469	271	2070	6	-469	271	2070	6	-469	271	2070	6	-469	271	2070	6	-469	271	2070	6	-469	271	2070	6	-469	271	2070	6	-469	271	2070	6	-469	271	2070	6	-469	271	2070	6	-469	271	2070	6	-469	271	2070	6	-469	271	2070
7	-145	145	2215	7	-145	145	2215	7	-145	145	2215	7	-145	145	2215	7	-145	145	2215	7	-145	145	2215	7	-145	145	2215	7	-145	145	2215	7	-145	145	2215	7	-145	145	2215	7	-145	145	2215	7	-145	145	2215	7	-145	145	2215	7	-145	145	2215	7	-145	145	2215	7	-145	145	2215	7	-145	145	2215	7	-145	145	2215	7	-145	145	2215	7	-145	145	2215	7	-145	145	2215	7	-145	145	2215	7	-145	145	2215	7	-145	145	2215	7	-145	145	2215
8	-206	107	2322	8	-206	107	2322	8	-206	107	2322	8	-206	107	2322	8	-206	107	2322	8	-206	107	2322	8	-206	107	2322	8	-206	107	2322	8	-206	107	2322	8	-206	107	2322	8	-206	107	2322	8	-206	107	2322	8	-206	107	2322	8	-206	107	2322	8	-206	107	2322	8	-206	107	2322	8	-206	107	2322	8	-206	107	2322	8	-206	107	2322	8	-206	107	2322	8	-206	107	2322	8	-206	107	2322	8	-206	107	2322	8	-206	107	2322	8	-206	107	2322
9	-159	159	2481	9	-159	159	2481	9	-159	159	2481	9	-159	159	2481	9	-159	159	2481	9	-159	159	2481	9	-159	159	2481	9	-159	159	2481	9	-159	159	2481	9	-159	159	2481	9	-159	159	2481	9	-159	159	2481	9	-159	159	2481	9	-159	159	2481	9	-159	159	2481	9	-159	159	2481	9	-159	159	2481	9	-159	159	2481	9	-159	159	2481	9	-159	159	2481	9	-159	159	2481	9	-159	159	2481	9	-159	159	2481	9	-159	159	2481	9	-159	159	2481
10	-316	118	2599	10	-316	118	2599	10	-316	118	2599	10	-316	118	2599	10	-316	118	2599	10	-316	118	2599	10	-316	118	2599	10	-316	118	2599	10	-316	118	2599	10	-316	118	2599	10	-316	118	2599	10	-316	118	2599	10	-316	118	2599	10	-316	118	2599	10	-316	118	2599	10	-316	118	2599	10	-316	118	2599	10	-316	118	2599	10	-316	118	2599	10	-316	118	2599	10	-316	118	2599	10	-316	118	2599	10	-316	118	2599	10	-316	118	2599	10	-316	118	2599
11	-153	153	2752	11	-153	153	2752	11	-153	153	2752	11	-153	153	2752	11	-153	153	2752	11	-153	153	2752	11	-153	153	2752	11	-153	153	2752	11	-153	153	2752	11	-153	153	2752	11	-153	153	2752	11	-153	153	2752	11	-153	153	2752	11	-153	153	2752	11	-153	153	2752	11	-153	153	2752	11	-153	153	2752	11	-153	153	2752	11	-153	153	2752	11	-153	153	2752	11	-153	153	2752	11	-153	153	2752	11	-153	153	2752	11	-153	153	2752	11	-153	153	2752
12	-51	51	2803	12	-51	51	2803	12	-51	51	2803	12	-51	51	2803	12	-51	51	2803	12	-51	51	2803	12	-51	51	2803	12	-51	51	2803	12	-51	51	2803	12	-51	51	2803	12	-51	51	2803	12	-51	51	2803	12	-51	51	2803	12	-51	51	2803	12	-51	51	2803	12	-51	51	2803	12	-51	51	2803	12	-51	51	2803	12	-51	51	2803	12	-51	51	2803	12	-51	51	2803	12	-51	51	2803	12	-51	51	2803	12	-51	51	2803	12	-51	51	2803
13	-259	160	2963	13	-259	160	2963	13	-259	160	2963	13	-259	160	2963	13	-259	160	2963	13	-259	160	2963	13	-259	160	2963	13	-259	160	2963	13	-259	160	2963	13	-259	160	2963	13	-259	160	2963	13	-259	160	2963	13	-259	160	2963	13	-259	160	2963	13	-259	160	2963	13	-259	160	2963	13	-259	160	2963	13	-259	160	2963	13	-259	160	2963	13	-259	160	2963	13	-259	160	2963	13	-259	160	2963	13	-259	160	2963	13	-259	160	2963	13	-259	160	2963
14	-86	86	3049	14	-86	86	3049	14	-86	86	3049	14	-86	86	3049	14	-86	86	3049	14	-86	86	3049	14	-86	86	3049	14	-86	86	3049	14	-86	86	3049	14	-86	86	3049	14	-86	86	3049	14	-86	86	3049	14	-86	86	3049	14	-86	86	3049	14	-86	86	3049	14	-86	86	3049	14	-86	86	3049	14	-86	86	3049	14	-86	86	3049	14	-86	86	3049	14	-86	86	3049	14	-86	86	3049	14	-86	86	3049	14	-86	86	3049	14	-86	86	3049
15	-415	217	3266	15	-415	217	3266	15	-415	217	3266	15	-415	217	3266	15	-415	217	3266	15	-415	217	3266	15	-415	217	3266	15	-415	217	3266	15	-415	217	3266	15	-415	217	3266	15	-415	217	3266	15	-415	217	3266	15	-415	217	3266	15	-415	217	3266	15	-415	217	3266	15	-415	217	3266	15	-415	217	3266	15	-415	217	3266	15	-415	217	3266	15	-415	217	3266	15	-415	217	3266	15	-415	217	3266	15	-415	217	3266	15	-415	217	3266	15	-415	217	3266
16	-89	89	3355	16	-89	89	3355	16	-89	89	3355	16	-89	89	3355	16	-89	89	3355	16	-89	89	3355	16	-89	89	3355	16	-89	89	3355	16	-89	89	3355	16	-89	89	3355	16	-89	89	3355	16	-89	89	3355	16	-89	89	3355	16	-89	89	3355	16	-89	89	3355	16	-89	89	3355	16	-89	89	3355	16	-89	89	3355	16	-89	89	3355	16	-89	89	3355	16	-89	89	3355	16	-89	89	3355	16	-89	89	3355	16	-89	89	3355	16	-89	89	3355
17	-352	154	3509	17	-352	154	3509	17	-352	154	3509	17	-352	154	3509	17	-352	154	3509	17	-352	154	3509	17	-352	154	3509	17	-352	154	3509	17	-352	154	3509	17	-352	154	3509	17	-352	154	3509	17	-352	154	3509	17	-352	154	3509	17	-352	154	3509	17	-352	154	3509	17	-352	154	3509	17	-352	154	3509	17	-352	154	3509	17	-352	154	3509	17	-352	154	3509	17	-352	154	3509	17	-352	154	3509	17	-352	154	3509	17	-352	154	3509	17	-352	154	3509
18	-59	59	3568	18	-59	59	3568	18	-59	59	3568	18	-59	59	3568	18	-59	59	3568	18	-59	59	3568	18	-59	59	3568	18	-59	59	3568	18	-59	59	3568	18	-59	59	3568	18	-59	59	3568	18	-59	59	3568	18	-59	59	3568	18	-59	59	3568	18	-59	59	3568	18	-59	59	3568	18	-59	59	3568	18	-59	59	3568	18	-59	59	3568	18	-59	59	3568	18	-59	59	3568	18	-59	59	3568	18	-59	59	3568	18	-59	59	3568	18	-59	59	3568
19	-211	112	3680	19	-211	112	3680	19	-211	112	3680	19	-211	112	3680	19	-211	112	3680	19	-211	112	3680	19	-211	112	3680	19	-211	112	3680	19	-211	112	3680	19	-211	112	3680	19	-211	112	3680	19	-211	112	3680	19	-211	112	3680	19	-211	112	3680	19	-211	112	3680	19	-211	112	3680	19	-211	112	3680	19	-211	112	3680	19	-211	112	3680	19	-211	112	3680	19	-211	112	3680	19	-211	112	3680	19	-211	112	3680	19	-211	112	3680	19	-211	112	3680
20	-238	139	3819	20	-238	139	3819	20	-238	139	3819	20	-238	139	3819	20	-238	139	3819	20	-238	139	3819	20	-238	139	3819	20	-238	139	3819	20	-238	139	3819	20	-238	139	3819	20	-238	139	3819	20	-238	139	3819	20	-238	139	3819	20	-238	139	3819	20	-238	139	3819	20	-238	139	3819	20	-238	139	3819	20	-238	139	3819	20	-238	139	3819	20	-238	139	3819	20	-238	139	3819	20	-238	139	3819	20	-238	139	3819	20	-238	139	3819	20	-238	139	3819
21	-312	114	3933	21	-312	114	3933	21	-312	114	3933	21	-312	114	3933	21	-312	114	3933	21	-312	114	3933	21	-312	114	3933	21	-312	114	3933	21	-312	114	3933	21	-312	114	3933	21	-312	114	3933	21	-312	114	3933	21	-312	114	3933	21	-312	114	3933	21	-312	114	3933	21	-312	114	3933	21	-312	114	3933	21	-312	114	3933	21	-312	114	3933	21	-312	114	3933	21	-312	114	3933	21	-312	114	3933	21	-312	114	3933	21	-312	114	3933	21	-312	114	3933
22	-92	92	4025	22	-92	92	4025	22	-92	92	4025	22	-92	92	4025	22	-92	92	4025	22	-92	92	4025	22	-92	92	4025	22	-92	92	4025	22	-92	92	4025	22	-92	92	4025	22	-92	92	4025	22	-92	92	4025	22	-92	92	4025	22	-92	92	4025	22	-92	92	4025	22	-92	92	4025	22	-92	92	4025	22	-92	92	4025	22	-92	92	4025	22	-92	92	4025	22	-92	92	4025	22	-92	92	4025	22	-92	92	4025	22	-92	92	4025	22	-92	92	4025
23	-485	188	4213	23	-485	188	4213	23	-485	188	4213	23	-485	188	4213	23	-485	188	4213	23	-485	188	4213	23	-485	188	4213	23	-485	188	4213	23	-485	188	4213	23	-485	188	4213	23	-485	188	4213	23	-485	188	4213	23	-485	188	4213	23	-485	188	4213	23	-485	188	4213	23	-485	188	4213	23	-485	188	4213	23	-485	188	4213	23	-485	188	4213	23	-485	188	4213	23	-485	188	4213	23	-485	188	4213	23	-485	188	4213	23	-485	188	4213	23	-485	188	4213
24	-60	60	4273	24	-60	60	4273	24	-60	60	4273	24	-60	60	4273	24	-60	60	4273	24	-60	60	4273	24	-60	60	4273	24	-60	60	4273	24	-60	60	4273	24	-60	60	4273	24	-60	60	4273	24	-60	60	4273	24	-60	60	4273	24	-60	60	4273	24	-60	60	4273	24	-60	60	4273	24	-60	60	4273	24	-60	60	4273	24	-60	60	4273	24	-60	60	4273	24	-60	60	4273	24	-60	60	4273	24	-60	60	4273	24	-60	60	4273	24	-60	60	4273
25	-96	96	4369	25	-96	96	4369	25	-96	96	4369	25	-96	96	4369	25	-96	96	4369	25	-96	96	4369	25	-96	96	4369	25	-96	96	4369	25	-96	96	4369	25	-96	96	4369	25	-96	96	4369	25	-96	96	4369	25	-96	96	4369	25	-96	96	4369	25	-96	96	4369	25	-96	96	4369	25	-96	96	4369	25	-96	96	4369	25	-96	96	4369	25	-96	96	4369	25	-96	96	4369	25	-96	96	4369	25	-96	96	4369	25	-96	96	4369	25	-96	96	4369
26	-274	76	4445	26	-274	76	4445	26	-274	76	4445	26	-274	76	4445	26	-274	76	4445	26	-274	76	4445	26	-274	76	4445	26	-274	76	4445	26	-274	76	4445	26	-274	76	4445	26	-274	76	4445	26	-274	76	4445	26	-274	76	4445	26	-274	76	4445	26	-274	76	4445	26	-274	76	4445	26	-274	76	4445	26	-274	76	4445	26	-274	76	4445	26	-274	76	4445	26	-274	76	4445	26	-274	76	4445	26	-274	76	4445	26	-274	76	4445	26	-274	76	4445
27	-25	25	4470	27	-25	25	4470	27	-25	25	4470	27	-25	25	4470	27	-25	25	4470	27	-25	25	4470	27	-25	25	4470	27	-25	25	4470	27	-25	25	4470	27	-25	25	4470	27	-25	25	4470	27	-25	25	4470	27	-25	25	4470	27	-25	25	4470	27	-25	25	4470	27	-25	25	4470	27	-25	25	4470	27	-25	25	4470	27	-25	25	4470	27	-25	25	4470	27	-25	25	4470	27	-25	25	4470	27	-25	25	4470	27	-25	25	4470	27	-25	25	4470
28	-114	114	4584	28	-114	114	4584	28	-114	114	4584	28	-114	114	4584	28	-114	114	4584	28	-114	114	4584	28	-114	114	4584	28	-114	114	4584	28	-114	114	4584	28	-114	114	4584	28	-114	114	4584	28	-114	114	4584	28	-114	114	4584	28	-114	114	4584	28	-114	114	4584	28	-114	114	4584	28	-114	114	4584	28	-114	114	4584	28	-114	114	4584	28	-114	114	4584	28	-114	114	4584	28	-114	114	4584	28	-114	114	4584	28	-114	114	4584	28	-114	114	4584
29	-156	57	4641	29	-156	57	4641	29	-156	57	4641	29	-156	57	4641	29	-156	57	4641	29	-156	57	4641	29	-156	57	4641	29	-156	57	4641	29	-156	57	4641	29	-156	57	4641	29	-156	57	4641	29	-156	57	4641	29	-156	57	4641	29	-156	57	4641	29	-156	57	4641	29	-156	57	4641	29	-156	57	4641	29	-156	57	4641	29	-156	57	4641	29	-156	57	4641	29	-156	57	4641	29	-156	57	4641	29	-156	57	4641	29	-156	57	4641	29	-156	57	4641
30	-444	147	4788	30	-444	147	4788	30	-444	147	4788	30	-444	147	4788	30	-444	147	4788	30	-444	147	4788	30	-444	147	4788	30	-444	147	4788	30	-444	147	4788	30	-444	147	4788	30	-444	147	4788	30	-444	147	4788	30	-444	147	4788	30	-444	147	4788	30	-444	147	4788	30	-444	147	4788	30	-444	147	4788	30	-444	147	4788	30	-444	147	4788	30	-444	147	4788	30	-444	147	4788	30	-444	147	4788	30	-444	147	4788	30	-444	147	4788	30	-444	147	4788
31	-56	56	4844	31	-56	56	4844	31	-56	56	4844	31	-56	56	4844	31	-56	56	4844	31	-56	56	4844	31	-56	56	4844	31	-56	56	4844	31	-56	56	4844	31	-56	56	4844	31	-56	56	4844	31	-56	56	4844	31	-56	56	4844	31	-56	56	4844	31	-56	56	4844	31	-56	56	4844	31	-56	56	4844	31	-56	56	4844	31	-56	56	4844	31	-56	56	4844	31	-56	56	4844	31	-56	56	4844	31	-56	56	4844	31	-56	56	4844	31	-56	56	4844
32	-48	48	4892	32	-48	48	4892	32	-48	48	4892	32	-48	48	4892	32	-48	48	4892	32	-48	48	4892	32	-48	48	4892	32	-48	48	4892	32	-48	48	4892	32	-48	48	4892	32	-48	48	4892	32	-48	48	4892	32	-48	48	4892	32	-48	48	4892	32	-48	48	4892	32	-48	48	4892	32	-48	48	4892	32	-48	48	4892	32	-48	48	4892	32	-48	48	4892	32	-48	48	4892	32	-48	48	4892	32	-48	48	4892	32	-48	48	4892	32	-48	48	4892
33	-186	87	4979	33	-186	87	4979	33	-186	87	4979	33	-186	87	4979	33	-186	87	4979	33	-186	87	4979	33	-186	87	4979	33	-186	87	4979	33	-186	87	4979	33	-186	87	4979	33	-186	87	4979	33	-186	87	4979	33	-186	87	4979	33	-186	87	4979	33	-186	87	4979	33	-186	87	4979	33	-186	87	4979	33	-186	87	4979	33	-186	87	4979	33	-186	87	4979	33	-186	87	4979	33	-186	87	4979	33	-186	87	4979	33	-186	87	4979	33	-186	87	4979
34	-59	59	5038	34	-59	59	5038	34	-59	59	5038	34	-59	59	5038	34	-59	59	5038	34	-59	59	5038	34	-59	59	5038	34	-59	59	5038	34	-59	59	5038	34	-59	59	5038	34	-59	59	5038	34	-59	59	5038	34	-59	59	5038	34	-59	59	5038	34	-59	59	5038	34	-59	59	5038	34	-59	59	5038	34	-59	59	5038	34	-59	59	5038	34	-59	59	5038	34	-59	59	5038	34	-59	59	5038	34	-59	59	5038	34	-59	59	5038	34	-59	59	5038
35	-55	55	5093	35	-55	55	5093	35	-55	55	5093	35	-55	55	5093	35	-55	55	5093	35	-55	55	5093	35	-55	55	5093	35	-55	55	5093	35	-55	55	5093	35	-55	55	5093	35	-55	55	5093	35	-55	55	5093	35	-55	55	5093	35	-55	55	5093	35	-55	55	5093	35	-55	55	5093	35	-55	55	5093	35	-55	55	5093	35	-55	55	5093	35	-55	55	5093	35	-55	55	5093	35	-55	55	5093	35	-55	55	5093	35	-55	55	5093	35	-55	55	5093
36	-65	65	5158	36	-65	65	5158	36	-65	65	5158	36	-65	65	5158	36	-65	65	5158	36	-65	65	5158	36	-65	65	5158	36	-65	65	5158	36	-65	65	5158	36	-65	65	5158	36	-65	65	5158	36	-65	65	5158	36	-65	65	5158	36	-65	65	5158	36	-65	65	5158	36	-65	65	5158	36	-65	65	5158	36	-65	65	5158	36	-65	65	5158	36	-65	65	5158	36	-65	65	5158	36	-65	65	5158	36	-65	65	5158	36	-65	65	5158	36	-65	65	5158
37	-30	30	5188	37	-30	30	5188	37	-30	30	5188	37	-30	30	5188	37	-30	30	5188	37	-30	30	5188	37	-30	30	5188	37	-30	30	5188	37	-30	30	5188	37	-30	30	5188	37	-30	30	5188	37	-30	30	5188	37	-30	30	5188	37	-30	30	5188	37	-30	30	5188	37	-30	30	5188	37	-30	30	5188	37	-30	30	5188	37	-30	30	5188	37	-30	30	5188	37	-30	30	5188	37	-30	30	5188	37	-30	30	5188	37	-30	30	5188	37	-30	30	5188
38	-235	136	5324	38	-235	136	5324	38	-235	136	5324	38	-235	136	5324	38	-235	136	5324	38	-235	136	5324	38	-235	136	5324	38	-235	136	5324	38	-235	136	5324	38	-235	136	5324	38	-235	136	5324	38	-235	136	5324	38	-235	136	5324	38	-235	136	5324	38	-235	136	5324	38	-235	136	5324	38	-235	136	5324	38	-235	136	5324	38	-235	136	5324	38	-235	136	5324	38	-235	136	5324	38	-235	136	5324	38	-235	136	5324	38	-235	136	5324	38	-235	136	5324
39	-27	27	5351	39	-27	27	5351	39	-27	27	5351	39	-27	27	5351	39	-27	27	5351	39	-27	27	5351	39	-27	27	5351	39	-27	27	5351	39	-27	27	5351	39	-27	27	5351	39	-27	27	5351	39	-27	27	5351	39	-27	27	5351	39	-27	27	5351	39	-27	27	5351	39	-27	27	5351	39	-27	27	5351	39	-27	27	5351	39	-27	27	5351	39	-27	27	5351	39	-27	27	5351	39	-27	27	5351	39	-27	27	5351	39	-27	27	5351	39	-27	27	5351
40	-75	75	5426	40	-75	75	5426	40	-75	75	5426	40	-75	75	5426	40	-75	75	5426	40	-75	75	5426	40	-75	75	5426	40	-75	75	5426	40	-75	75	5426	40	-75	75	5426	40	-75	75	5426	40	-75	75	5426	40	-75	75	5426	40	-75	75	5426	40	-75	75	5426	40	-75	75	5426	40	-75	75	5426	40	-75	75	5426	40	-75	75	5426	40	-75	75	5426	40	-75	75	5426	40	-75	75	5426	40	-75	75	5426	40	-75	75	5426	40	-75	75	5426
41	-58	58	5484	41	-58	58	5484	41	-58	58	5484	41	-58	58	5484	41	-58	58	5484	41	-58	58	5484	41	-58	58	5484	41	-58	58	5484	41	-58	58	5484	41	-58	58	5484	41	-58	58	5484	41	-58	58	5484	41	-58	58	5484	41	-58	58	5484	41	-58	58	5484	41	-58	58	5484	41	-58	58	5484	41	-58	58	5484	41	-58	58	5484	41	-58	58	5484	41	-58	58	5484	41	-58	58	5484	41	-58	58	5484	41	-58	58	5484	41	-58	58	5484
42	-53	53	5537	42	-53	53	5537	42	-53	53	5537	42	-53	53	5537	42	-53	53	5537	42	-53	53	5537	42	-53	53	5537	42	-53	53	5537	42	-53	53	5537	42	-53	53	5537	42	-53	53	5537	42	-53	53	5537	42	-53	53	5537	42	-53	53	5537	42	-53	53	5537	42	-53	53	5537	42	-53	53	5537	42	-53	53	5537	42	-53	53	5537	42	-53	53	5537	42	-53	53	5537	42	-53	53	5537	42	-53	53	5537	42	-53	53	5537	42	-53	53	5537
43	-173	74	5611	43	-173	74	5611	43	-173	74	5611	43	-173	74	5611	43	-173	74	5611	43	-173	74	5611	43	-173	74	5611	43	-173	74	5611	43	-173	74	5611	43	-173	74	5611	43	-173	74	5611	43	-173	74	5611	43	-173	74	5611	43	-173	74	5611	43	-173	74	5611	43	-173	74	5611	43	-173	74	5611	43	-173	74	5611	43	-173	74	5611	43	-173	74	5611	43	-173	74	5611	43	-173	74	5611	43	-173	74	5611	43	-173	74	5611	43	-173	74	5611
44	-204	105	5716	44	-204	105	5716	44	-204	105	5716	44	-204	105	5716	44	-204	105	5716	44	-204	105	5716	44	-204	105	5716	44	-204	105	5716	44	-204	105	5716	44	-204	105	5716	44	-204	105	5716	44	-204	105	5716	44	-204	105	5716	44	-204	105	5716	44	-204	105	5716	44	-204	105	5716	44	-204	105	5716	44	-204	105	5716	44	-204	105	5716	44	-204	105	5716	44	-204	105	5716	44	-204	105	5716	44	-204	105	5716	44	-204	105	5716	44	-204	105	5716
45	-50	50	5766	45	-50	50	5766	45	-50	50	5766	45	-50	50	5766	45	-50	50	5766	45	-50	50	5766	45	-50	50	5766	45	-50	50	5766	45	-50	50	5766	45	-50	50	5766	45	-50	50	5766	45	-50	50	5766	45	-50	50	5766	45	-50	50	5766	45	-50	50	5766	45	-50	50	5766	45	-50	50	5766	45	-50	50	5766	45	-50	50	5766	45	-50	50	5766	45	-50	50	5766	45	-50	50	5766	45	-50	50	5766	45	-50	50	5766	45	-50	50	5766
46	-58	58	5824	46	-58	58	5824	46	-58	58	5824	46	-58	58	5824	46	-58	58	5824	46	-58	58	5824	46	-58	58	5824	46	-58	58	5824	46	-58	58	5824	46	-58	58	5824	46	-58	58	5824	46	-58	58	5824	46	-58	58	5824	46	-58	58	5824	46	-58	58	5824	46	-58	58	5824	46	-58	58	5824	46	-58	58	5824	46	-58	58	5824	46	-58	58	5824	46	-58	58	5824	46	-58	58	5824	46	-58	58	5824	46	-58	58	5824	46	-58	58	5824
47	-31	31	5855	47	-31	31	5855	47	-31	31	5855	47	-31	31	5855	47	-31	31	5855	47	-31	31	5855	47	-31	31	5855	47	-31	31	5855	47	-31	31	5855	47	-31	31	5855	47	-31	31	5855	47	-31	31	5855	47	-31	31	5855	47	-31	31	5855	47	-31	31	5855	47	-31	31	5855	47	-31	31	5855	47	-31	31	5855	47	-31	31	5855	47	-31	31	5855	47	-31	31	5855	47	-31	31	5855	47	-31	31	5855	47	-31	31	5855	47	-31	31	5855
48	-148	49	5904	48	-148	49	5904	48	-148	49	5904	48	-148	49	5904	48	-148	49	5904	48	-148	49	5904	48	-148	49	5904	48	-148	49	5904	48	-148	49	5904	48	-148	49	5904	48	-148	49	5904	48	-148	49	5904	48	-148	49	5904	48	-148	49	5904	48	-148	49	5904	48	-148	49	5904	48	-148	49	5904	48	-148	49	5904	48	-148	49	5904	48	-148	49	5904	48	-148	49	5904	48	-148	49	5904	48	-148	49	5904	48	-148	49	5904	48	-148	49	5904
49	-46	46	5950	49	-46	46	5950	49	-46	46	5950	49	-46	46	5950	49	-46	46	5950	49	-46	46	5950	49	-46	46	5950	49	-46	46	5950	49	-46	46	5950	49	-46	46	5950	49	-46	46	5950	49	-46	46	5950	49	-46	46	5950	49	-46	46	5950	49	-46	46	5950	49	-46	46	5950	49	-46	46	5950	49	-46	46	5950	49	-46	46	5950	49	-46	46	5950	49	-46	46	5950	49	-46	46	5950	49	-46	46	5950	49	-46	46	5950	49	-46	46	5950
50	-91	91	6041	50	-91	91	6041	50	-91	91	6041	50	-91	91	6041	50	-91	91	6041	50	-91	91	6041	50	-91	91	6041	50	-91	91	6041	50	-91	91	6041	50	-91	91	6041	50	-91	91	6041	50	-91	91	6041	50	-91	91	6041	50	-91	91	6041	50	-91	91	6041	50	-91	91	6041	50	-91	91	6041	50	-91	91	6041	50	-91	91	6041	50	-91	91	6041	50	-91	91	6041	50	-91	91	6041	50	-91	91	6041	50	-91	91	6041	50	-91	91	6041
51	-141	42	6083	51	-141	42	6083	51	-141	42	6083	51	-141	42	6083	51	-141	42	6083	51	-141	42	6083	51	-141	42	6083	51	-141	42	6083	51	-141	42	6083	51	-141	42	6083	51	-141	42	6083	51	-141	42	6083	51	-141	42	6083	51	-141	42	6083	51	-141	42	6083	51	-141	42	6083	51	-141	42	6083	51	-141	42	6083	51	-141	42	6083	51	-141	42	6083	51	-141	42	6083	51	-141	42	6083	51	-141	42	6083	51	-141	42	6083	51	-141	42	6083
52	-426	129	6212	52	-426	129	6212	52	-426	129	6212	52	-426	129	6212	52	-426	129	6212	52	-426	129	6212	52	-426	129	6212	52	-426	129	6212	52	-426	129	6212	52	-426	129	6212	52	-426	129	6212	52	-426	129	6212	52	-426	129	6212	52	-426	129	6212	52	-426	129	6212	52	-426	129	6212	52	-426	129	6212	52	-426	129	6212	52	-426	129	6212	52	-426	129	6212	52	-426	129	6212	52	-426	129	6212	52	-426	129	6212	52	-426	129	6212	52	-426	129	6212
53	-190	91	6303	53	-190	91	6303	53	-190	91	6303	53	-190	91	6303	53	-190	91	6303	53	-190	91	6303	53	-190	91	6303	53	-190	91	6303	53	-190	91	6303	53	-190	91	6303	53	-190	91	6303	53	-190	91	6303	53	-190	91	6303	53	-190	91	6303	53	-190	91	6303	53	-190	91	6303	53	-190	91	6303	53	-190	91	6303	53	-190	91	6303	53	-190	91	6303	53	-190	91	6303	53	-190	91	6303	53	-190	91	6303	53	-190	91	6303	53	-190	91	6303
54	-57	57	6360	54	-57	57	6360	54	-57	57	6360	54	-57	57	6360	54	-57	57	6360	54	-57	57	6360	54	-57	57	6360	54	-57	57	6360	54	-57	57	6360	54	-57	57	6360	54	-57	57	6360	54	-57	57	6360	54	-57	57	6360	54	-57	57	6360	54	-57	57	6360	54	-57	57	6360	54	-57	57	6360	54	-57	57	6360	54	-57	57	6360	54	-57	57	6360	54	-57	57	6360	54	-57	57	6360	54	-57	57	6360	54	-57	57	6360	54	-57	57	6360
55	-56	56	6416	55	-56	56	6416	55	-56	56	6416	55	-56	56	6416	55	-56	56	6416	55	-56	56	6416	55	-56	56	6416	55	-56	56	6416	55	-56	56	6416	55	-56	56	6416	55	-56	56	6416	55	-56	56	6416	55	-56	56	6416	55	-56	56	6416	55	-56	56	6416	55	-56	56	6416	55	-56	56	6416	55	-56	56	6416	55	-56	56	6416	55	-56	56	6416	55	-56	56	6416	55	-56	56	6416	55	-56	56	6416	55	-56	56	6416	55	-56	56	6416
56	-34	34	6450	56	-34	34	6450	56	-34	34	6450	56	-34	34	6450	56	-34	34	6450	56	-34	34	6450	56	-34	34	6450	56	-34	34	6450	56	-34	34	6450	56	-34	34	6450	56	-34	34	6450	56	-34	34	6450	56	-34	34	6450	56	-34	34	6450	56	-34	34	6450	56	-34	34	6450	56	-34	34	6450	56	-34	34	6450	56	-34	34	6450	56	-34	34	6450	56	-34	34	6450	56	-34	34	6450	56	-34	34	6450	56	-34	34	6450	56	-34	34	6450
57	-61	61	6511	57	-61	61	6511	57	-61	61	6511	57	-61	61	6511	57	-61	61	6511	57	-61	61	6511	57	-61	61	6511	57	-61	61	6511	57	-61	61	6511	57	-61	61	6511	57	-61	61	6511	57	-61	61	6511	57	-61	61	6511	57	-61	61	6511	57	-61	61	6511	57	-61	61	6511	57	-61	61	6511	57	-61	61	6511	57	-61	61	6511	57	-61	61	6511	57	-61	61	6511	57	-61	61	6511	57	-61	61	6511	57	-61	61	6511	57	-61	61	6511
58	-137	38	6549	58	-137	38	6549	58	-137	38	6549	58	-137	38	6549	58	-137	38	6549	58	-137	38	6549	58	-137	38	6549	58	-137	38	6549	58	-137	38	6549	58	-137	38	6549	58	-137	38	6549	58	-137	38	6549	58	-137	38	6549	58	-137	38	6549	58	-137	38	6549	58	-137	38	6549	58	-137	38	6549	58	-137	38	6549	58	-137	38	6549	58	-137	38	6549	58	-137	38	6549	58	-137	38	6549	58	-137	38	6549	58	-137	38	6549	58	-137	38	6549
59	-43	43	6592	59	-43	43	6592	59	-43	43	6592	59	-43	43	6592	59	-43	43	6592	59	-43	43	6592	59	-43	43	6592	59	-43	43	6592	59	-43	43	6592	59	-43	43	6592	59	-43	43	6592	59	-43	43	6592	59	-43	43	6592	59	-43	43	6592	59	-43	43	6592	59	-43	43	6592	59	-43	43	6592	59	-43	43	6592	59	-43	43	6592	59	-43	43	6592	59	-43	43	6592	59	-43	43	6592	59	-43	43	6592	59	-43	43	6592	59	-43	43	6592
60	-29	29	6621	60	-29	29	6621	60	-29	29	6621	60	-29	29	6621	60	-29	29	6621	60	-29	29	6621	60	-29	29	6621	60	-29	29	6621	60	-29	29	6621	60	-29	29	6621	60	-29	29	6621	60	-29	29	6621	60	-29	29	6621	60	-29	29	6621	60	-29	29	6621	60	-29	29	6621	60	-29	29	6621	60	-29	29	6621	60	-29	29	6621	60	-29	29	6621	60	-29	29	6621	60	-29	29	6621	60	-29	29	6621	60	-29	29	6621	60	-29	29	6621
61	-51	51	6672	61	-51	51	6672	61	-51	51	6672	61	-51	51	6672	61	-51	51	6672	61	-51	51	6672	61	-51	51	6672	61	-51	51	6672	61	-51	51	6672	61	-51	51	6672	61	-51	51	6672	61	-51	51	6672	61	-51	51	6672	61	-51	51	6672	61	-51	51	6672	61	-51	51	6672	61	-51	51	6672	61	-51	51	6672	61	-51	51	6672	61	-51	51	6672	61	-51	51	6672	61	-51	51	6672	61	-51	51	6672	61	-51	51	6672	61	-51	51	6672
62	-139	40	6712	62	-139	40	6712	62	-139	40	6712	62	-139	40	6712	62	-139	40	6712	62	-139	40	6712	62	-139	40	6712	62	-139	40	6712	62	-139	40	6712	62	-139	40	6712	62	-139	40	6712	62	-139	40	6712	62	-139	40	6712	62	-139	40	6712	62	-139	40	6712	62	-139	40	6712	62	-139	40	6712	62	-139	40	6712	62	-139	40	6712	62	-139	40	6712	62	-139	40	6712	62	-139	40	6712	62	-139	40	6712	62	-139	40	6712	62	-139	40	6712
63	-53	53	6765	63	-53	53	6765	63	-53	53	6765	63	-53	53	6765	63	-53	53	6765	63	-53	53	6765	63	-53	53	6765	63	-53	53	6765	63	-53	53	6765	63	-53	53	6765	63	-53	53	6765	63	-53	53	6765	63	-53	53	6765	63	-53	53	6765	63	-53	53	6765	63	-53	53	6765	63	-53	53	6765	63	-53	53	6765	63	-53	53	6765	63	-53	53	6765	63	-53	53	6765	63	-53	53	6765	63	-53	53	6765	63	-53	53	6765	63	-53	53	6765
64	-56	56	6821	64	-56	56	6821	64	-56	56	6821	64	-56	56	6821	64	-56	56	6821	64	-56	56	6821	64	-56	56	6821	64	-56	56	6821	64	-56	56	6821	64	-56	56	6821	64	-56	56	6821	64	-56	56	6821	64	-56	56	6821	64	-56	56	6821	64	-56	56	6821	64	-56	56	6821	64	-56	56	6821	64	-56	56	6821	64	-56	56	6821	64	-56	56	6821	64	-56	56	6821	64	-56	56	6821	64	-56	56	6821	64	-56	56	6821	64	-56	56	6821
65	-30	30	6851	65	-30	30	6851	65	-30	30	6851	65	-30	30	6851	65	-30	30	6851	65	-30	30	6851	65	-30	30	6851	65	-30	30	6851	65	-30	30	6851	65	-30	30	6851	65	-30	30	6851	65	-30	30	6851	65	-30	30	6851	65	-30	30	6851	65	-30	30	6851	65	-30	30	6851	65	-30	30	6851	65	-30	30	6851	65	-30	30	6851	65	-30	30	6851	65	-30	30	6851	65	-30	30	6851	65	-30	30	6851	65	-30	30	6851	65	-30	30	6851
66	-162	63	6914	66	-162	63	6914	66	-162	63	6914	66	-162	63	6914	66	-162	63	6914	66	-162	63	6914	66	-162	63	6914	66	-162	63	6914	66	-162	63	6914	66	-162	63	6914	66	-162	63	6914	66	-162	63	6914	66	-162	63	6914	66	-162	63	6914	66	-162	63	6914	66	-162	63	6914	66	-162	63	6914	66	-162	63	6914	66	-162	63	6914	66	-162	63	6914	66	-162	63	6914	66	-162	63	6914	66	-162	63	6914	66	-162	63	6914	66	-162	63	6914
67	-26	26	6940	67	-26	26	6940	67	-26	26	6940	67	-26	26	6940	67	-26	26	6940	67	-26	26	6940	67	-26	26	6940	67	-26	26	6940	67	-26	26	6940	67	-26	26	6940	67	-26	26	6940	67	-26	26	6940	67	-26	26	6940	67	-26	26	6940	67	-26	26	6940	67	-26	26	6940	67	-26	26	6940	67	-26	26	6940	67	-26	26	6940	67	-26	26	6940	67	-26	26	6940	67	-26	26	6940	67	-26	26	6940	67	-26	26	6940	67	-26	26	6940
68	-23	23	6963	68	-23	23	6963	68	-23	23	6963	68	-23	23	6963	68	-23	23	6963	68	-23	23	6963	68	-23	23	6963	68	-23	23	6963	68	-23	23	6963	68	-23	23	6963	68	-23	23	6963	68	-23	23	6963	68	-23	23	6963	68	-23	23	6963	68	-23	23	6963	68	-23	23	6963	68	-23	23	6963	68	-23	23	6963	68	-23	23	6963	68	-23	23	6963	68	-23	23	6963	68	-23	23	6963	68	-23	23	6963	68	-23	23	6963	68	-23	23	6963
69	-47	47	7010	69	-47	47	7010	69	-47	47	7010	69	-47	47	7010	69	-47	47	7010	69	-47	47	7010	69	-47	47	7010	69	-47	47	7010	69	-47	47	7010	69	-47	47	7010	69	-47	47	7010	69	-47	47	7010	69	-47	47	7010	69	-47	47	7010	69	-47	47	7010	69	-47	47	7010	69	-47	47	7010	69	-47	47	7010	69	-47	47	7010	69	-47	47	7010	69	-47	47	7010	69	-47	47	7010	69	-47	47	7010	69	-47	47	7010	69	-47	47	7010
70	-277	79	7089	70	-277	79	7089	70	-277	79	7089	70	-277	79	7089	70	-277	79	7089	70	-277	79	7089	70	-277	79	7089	70	-277	79	7089	70	-277	79	7089	70	-277	79	7089	70	-277	79	7089	70	-277	79	7089	70	-277	79	7089	70	-277	79	7089	70	-277	79	7089	70	-277	79	7089	70	-277	79	7089	70	-277	79	7089	70	-277	79	7089	70	-277	79	7089	70	-277	79	7089	70	-277	79	7089	70	-277	79	7089	70	-277	79	7089	70	-277	79	7089
71	-27	27	7116	71	-27	27	7116	71	-27	27	7116	71	-27	27	7116	71	-27	27	7116	71	-27	27	7116	71	-27	27	7116	71	-27	27	7116	71	-27	27	7116	71	-27	27	7116	71	-27	27	7116	71	-27	27	7116	71	-27	27	7116	71	-27	27	7116	71	-27	27	7116	71	-27	27	7116	71	-27	27	7116	71	-27	27	7116	71	-27	27	7116	71	-27	27	7116	71	-27	27	7116	71	-27	27	7116	71	-27	27	7116	71	-27	27	7116	71	-27	27	7116
72	-139	40	7156	72	-139	40	7156	72	-139	40	7156	72	-139	40	7156	72	-139	40	7156	72	-139	40	7156	72	-139	40	7156	72	-139	40	7156	72	-139	40	7156	72	-139	40	7156	72	-139	40	7156	72	-139	40	7156	72	-139	40	7156	72	-139	40	7156	72	-139	40	7156	72	-139	40	7156	72	-139	40	7156	72	-139	40	7156	72	-139	40	7156	72	-139	40	7156	72	-139	40	7156	72	-139	40	7156	72	-139	40	7156	72	-139	40	7156	72	-139	40	7156
73	-53	53	7209	73	-53	53	7209	73	-53	53	7209	73	-53	53	7209	73	-53	53	7209	73	-53	53	7209	73	-53	53	7209	73	-53	53	7209	73	-53	53	7209	73	-53	53	7209	73	-53	53	7209	73	-53	53	7209	73	-53	53	7209	73	-53	53	7209	73	-53	53	7209	73	-53	53	7209	73	-53	53	7209	73	-53	53	7209	73	-53	53	7209	73	-53	53	7209	73	-53	53	7209	73	-53	53	7209	73	-53	53	7209	73	-53	53	7209	73	-53	53	7209
74	-48	48	7257	74	-48	48	7257	74	-48	48	7257	74	-48	48	7257	74	-48	48	7257	74	-48	48	7257	74	-48	48	7257	74	-48	48	7257	74	-48	48	7257	74	-48	48	7257	74	-48	48	7257	74	-48	48	7257	74	-48	48	7257	74	-48	48	7257	74	-48	48	7257	74	-48	48	7257	74	-48	48	7257	74	-48	48	7257	74	-48	48	7257	74	-48	48	7257	74	-48	48	7257	74	-48	48	7257	74	-48	48	7257	74	-48	48	7257	74	-48	48	7257
75	-47	47	7304	75	-47	47	7304	75	-47	47	7304	75	-47	47	7304	75	-47	47	7304	75	-47	47	7304	75	-47	47	7304	75	-47	47	7304	75	-47	47	7304	75	-47	47	7304	75	-47	47	7304	75	-47	47	7304	75	-47	47	7304	75	-47	47	7304	75	-47	47	7304	75	-47	47	7304	75	-47	47	7304	75	-47	47	7304	75	-47	47	7304	75	-47	47	7304	75	-47	47	7304	75	-47	47	7304	75	-47	47	7304	75	-47	47	7304	75	-47	47	7304
76	-276	78	7382	76	-276	78	7382	76	-276	78	7382	76	-276	78	7382	76	-276	78	7382	76	-276	78	7382	76	-276	78	7382	76	-276	78	7382	76	-276	78	7382	76	-276	78	7382	76	-276	78	7382	76	-276	78	7382	76	-276	78	7382	76	-276	78	7382	76	-276	78	7382	76	-276	78	7382	76	-276	78	7382	76	-276	78	7382	76	-276	78	7382	76	-276	78	7382	76	-276	78	7382	76	-276	78	7382	76	-276	78	7382	76	-276	78	7382	76	-276	78	7382
77	-18	18	7400	77	-18	18	7400	77	-18	18	7400	77	-18	18	7400	77	-18	18	7400	77	-18	18	7400	77	-18	18	7400	77	-18	18	7400	77	-18	18	7400	77	-18	18	7400	77	-18	18	7400	77	-18	18	7400	77	-18	18	7400	77	-18	18	7400	77	-18	18	7400	77	-18	18	7400	77	-18	18	7400	77	-18	18	7400	77	-18	18	7400	77	-18	18	7400	77	-18	18	7400	77	-18	18	7400	77	-18	18	7400	77	-18	18	7400	77	-18	18	7400
78	-65	65	7465	78	-65	65	7465	78	-65	65	7465	78	-65	65	7465	78	-65	65	7465	78	-65	65	7465	78	-65	65	7465	78	-65	65	7465	78	-65	65	7465	78	-65	65	7465	78	-65	65	7465	78	-65	65	7465	78	-65	65	7465	78	-65	65	7465	78	-65	65	7465	78	-65	65	7465	78	-65	65	7465	78	-65	65	7465	78	-65	65	7465	78	-65	65	7465	78	-65	65	7465	78	-65	65	7465	78	-65	65	7465	78	-65	65	7465	78	-65	65	7465
79	-25	25	7490	79	-25	25	7490	79	-25	25	7490	79	-25	25	7490	79	-25	25	7490	79	-25	25	7490	79	-25	25	7490	79	-25	25	7490	79	-25	25	7490	79	-25	25	7490	79	-25	25	7490	79	-25	25	7490	79	-25	25	7490	79	-25	25	7490	79	-25	25	7490	79	-25	25	7490	79	-25	25	7490	79	-25	25	7490	79	-25	25	7490	79	-25	25	7490	79	-25	25	7490	79	-25	25	7490	79	-25	25	7490	79	-25	25	7490	79	-25	25	7490
80	-29	29	7519	80	-29	29	7519	80	-29	29	7519	80	-29	29	7519	80	-29	29	7519	80	-29	29	7519	80	-29	29	7519	80	-29	29	7519	80	-29	29	7519	80	-29	29	7519	80	-29	29	7519	80	-29	29	7519	80	-29	29	7519	80	-29	29	7519	80	-29	29	7519	80	-29	29	7519	80	-29	29	7519	80	-29	29	7519	80	-29	29	7519	80	-29	29	7519	80	-29	29	7519	80	-29	29	7519	80	-29	29	7519	80	-29	29	7519	80	-29	29	7519
81	-53	53	7572	81	-53	53	7572	81	-53	53	7572	81	-53	53	7572	81	-53	53	7572	81	-53	53	7572	81	-53	53	7572	81	-53	53	7572	81	-53	53	7572	81	-53	53	7572	81	-53	53	7572	81	-53	53	7572	81	-53	53	7572	81	-53	53	7572	81	-53	53	7572	81	-53	53	7572	81	-53	53	7572	81	-53	53	7572	81	-53	53	7572	81	-53	53	7572	81	-53	53	7572	81	-53	53	7572	81	-53	53	7572	81	-53	53	7572	81	-53	53	7572
82	-30	30	7602	82	-30	30	7602	82	-30	30	7602	82	-30	30	7602	82	-30	30	7602	82	-30	30	7602	82	-30	30	7602	82	-30	30	7602	82	-30	30	7602	82	-30	30	7602	82	-30	30	7602	82	-30	30	7602	82	-30	30	7602	82	-30	30	7602	82	-30	30	7602	82	-30	30	7602	82	-30	30	7602	82	-30	30	7602	82	-30	30	7602	82	-30	30	7602	82	-30	30	7602	82	-30	30	7602	82	-30	30	7602	82	-30	30	7602	82	-30	30	7602
83	-47	47	7649	83	-47	47	7649	83	-47	47	7649	83	-47	47	7649	83	-47	47	7649	83	-47	47	7649	83	-47	47	7649	83	-47	47	7649	83	-47	47	7649	83	-47	47	7649	83	-47	47	7649	83	-47	47	7649	83	-47	47	7649	83	-47	47	7649	83	-47	47	7649	83	-47	47	7649	83	-47	47	7649	83	-47	47	7649	83	-47	47	7649	83	-47	47	7649	83	-47	47	7649	83	-47	47	7649	83	-47	47	7649	83	-47	47	7649	83	-47	47	7649
84	-35	35	7684	84	-35	35	7684	84	-35	35	7684	84	-35	35	7684	84	-35	35	7684	84	-35	35	7684	84	-35	35	7684	84	-35	35	7684	84	-35	35	7684	84	-35	35	7684	84	-35	35	7684	84	-35	35	7684	84	-35	35	7684	84	-35	35	7684	84	-35	35	7684	84	-35	35	7684	84	-35	35	7684	84	-35	35	7684	84	-35	35	7684	84	-35	35	7684	84	-35	35	7684	84	-35	35	7684	84	-35	35	7684	84	-35	35	7684	84	-35	35	7684
85	-42	42	7726	85	-42	42	7726	85	-42	42	7726	85	-42	42	7726	85	-42	42	7726	85	-42	42	7726	85	-42	42	7726	85	-42	42	7726	85	-42	42	7726	85	-42	42	7726	85	-42	42	7726	85	-42	42	7726	85	-42	42	7726	85	-42	42	7726	85	-42	42	7726	85	-42	42	7726	85	-42	42	7726	85	-42	42	7726	85	-42	42	7726	85	-42	42	7726	85	-42	42	7726	85	-42	42	7726	85	-42	42	7726	85	-42	42	7726	85	-42	42	7726
86	-29	29	7755	86	-29	29	7755	86	-29	29	7755	86	-29	29	7755	86	-29	29	7755	86	-29	29	7755	86	-29	29	7755	86	-29	29	7755	86	-29	29	7755	86	-29	29	7755	86	-29	29	7755	86	-29	29	7755	86	-29	29	7755	86	-29	29	7755	86	-29	29	7755	86	-29	29	7755	86	-29	29	7755	86	-29	29	7755	86	-29	29	7755	86	-29	29	7755	86	-29	29	7755	86	-29	29	7755	86	-29	29	7755	86	-29	29	7755	86	-29	29	7755
87	-135	36	7791	87	-135	36	7791	87	-135	36	7791	87	-135	36	7791	87	-135	36	7791	87	-135	36	7791	87	-135	36	7791	87	-135	36	7791	87	-135	36	7791	87	-135	36	7791	87	-135	36	7791	87	-135	36	7791	87	-135	36	7791	87	-135	36	7791	87	-135	36	7791	87	-135	36	7791	87	-135	36	7791	87	-135	36	7791	87	-135	36	7791	87	-135	36	7791	87	-135	36	7791	87	-135	36	7791	87	-135	36	7791	87	-135	36	7791	87	-135	36	7791
88	-165	66	7857	88	-165	66	7857	88	-165	66	7857	88	-165	66	7857	88	-165	66	7857	88	-165	66	7857	88	-165	66	7857	88	-165	66	7857	88	-165	66	7857	88	-165	66	7857	88	-165	66	7857	88	-165	66	7857	88	-165	66	7857	88	-165	66	7857	88	-165	66	7857	88	-165	66	7857	88	-165	66	7857	88	-165	66	7857	88	-165	66	7857	88	-165	66	7857	88	-165	66	7857	88	-165	66	7857	88	-165	66	7857	88	-165	66	7857	88	-165	66	7857
89	-26	26	7883	89	-26	26	7883	89	-26	26	7883	89	-26	26	7883	89	-26	26	7883	89	-26	26	7883	89	-26	26	7883	89	-26	26	7883	89	-26	26	7883	89	-26	26	7883	89	-26	26	7883	89	-26	26	7883	89	-26	26	7883	89	-26	26	7883	89	-26	26	7883	89	-26	26	7883	89	-26	26	7883	89	-26	26	7883	89	-26	26	7883	89	-26	26	7883	89	-26	26	7883	89	-26	26	7883	89	-26	26	7883	89	-26	26	7883	89	-26	26	7883
90	-53	53	7936	90	-53	53	7936	90	-53	53	7936	90	-53	53	7936	90	-53	53	7936	90	-53	53	7936	90	-53	53	7936	90	-53	53	7936	90	-53	53	7936	90	-53	53	7936	90	-53	53	7936	90	-53	53	7936	90	-53	53	7936	90	-53	53	7936	90	-53	53	7936	90	-53	53	7936	90	-53	53	7936	90	-53	53	7936	90	-53	53	7936	90	-53	53	7936	90	-53	53	7936	90	-53	53	7936	90	-53	53	7936	90	-53	53	7936	90	-53	53	7936
91	-37	37	7973	91	-37	37	7973	91	-37	37	7973	91	-37	37	7973	91	-37	37	7973	91	-37	37	7973	91	-37	37	7973	91	-37	37	7973	91	-37	37	7973	91	-37	37	7973	91	-37	37	7973	91	-37	37	7973	91	-37	37	7973	91	-37	37	7973	91	-37	37	7973	91	-37	37	7973	91	-37	37	7973	91	-37	37	7973	91	-37	37	7973	91	-37	37	7973	91	-37	37	7973	91	-37	37	7973	91	-37	37	7973	91	-37	37	7973	91	-37	37	7973
92	-31	31	8004	92	-31	31	8004	92	-31	31	8004	92	-31	31	8004	92	-31	31	8004	92	-31	31	8004	92	-31	31	8004	92	-31	31	8004	92	-31	31	8004	92	-31	31	8004	92	-31	31	8004	92	-31	31	8004	92	-31	31	8004	92	-31	31	8004	92	-31	31	8004	92	-31	31	8004	92	-31	31	8004	92	-31	31	8004	92	-31	31	8004	92	-31	31	8004	92	-31	31	8004	92	-31	31	8004	92	-31	31	8004	92	-31	31	8004	92	-31	31	8004
93	-36	36	8040	93	-36	36	8040	93	-36	36	8040	93	-36	36	8040	93	-36	36	8040	93	-36	36	8040	93	-36	36	8040	93	-36	36	8040	93	-36	36	8040	93	-36	36	8040	93	-36	36	8040	93	-36	36	8040	93	-36	36	8040	93	-36	36	8040	93	-36	36	8040	93	-36	36	8040	93	-36	36	8040	93	-36	36	8040	93	-36	36	8040	93	-36	36	8040	93	-36	36	8040	93	-36	36	8040	93	-36	36	8040	93	-36	36	8040	93	-36	36	8040
94	-45	45	8085	94	-45	45	8085	94	-45	45	8085	94	-45	45	8085	94	-45	45	8085	94	-45	45	8085	94	-45	45	8085	94	-45	45	8085	94	-45	45	8085	94	-45	45	8085	94	-45	45	8085	94	-45	45	8085	94	-45	45	8085	94	-45	45	8085	94	-45	45	8085	94	-45	45	8085	94	-45	45	8085	94	-45	45	8085	94	-45	45	8085	94	-45	45	8085	94	-45	45	8085	94	-45	45	8085	94	-45	45	8085	94	-45	45	8085	94	-45	45	8085
95	-132	33	8118	95	-132	33	8118	95	-132	33	8118	95	-132	33	8118	95	-132	33	8118	95	-132	33	8118	95	-132	33	8118	95	-132	33	8118	95	-132	33	8118	95	-132	33	8118	95	-132	33	8118	95	-132	33	8118	95	-132	33	8118	95	-132	33	8118	95	-132	33	8118	95	-132	33	8118	95	-132	33	8118	95	-132	33	8118	95	-132	33	8118	95	-132	33	8118	95	-132	33	8118	95	-132	33	8118	95	-132	33	8118	95	-132	33	8118	95	-132	33	8118
96	-46	46	8164	96	-46	46	8164	96	-46	46	8164	96	-46	46	8164	96	-46	46	8164	96	-46	46	8164	96	-46	46	8164	96	-46	46	8164	96	-46	46	8164	96	-46	46	8164	96	-46	46	8164	96	-46	46	8164	96	-46	46	8164	96	-46	46	8164	96	-46	46	8164	96	-46	46	8164	96	-46	46	8164	96	-46	46	8164	96	-46	46	8164	96	-46	46	8164	96	-46	46	8164	96	-46	46	8164	96	-46	46	8164	96	-46	46	8164	96	-46	46	8164
97	-21	21	8185	97	-21	21	8185	97	-21	21	8185	97	-21	21	8185	97	-21	21	8185	97	-21	21	8185	97	-21	21	8185	97	-21	21	8185	97	-21	21	8185	97	-21	21	8185	97	-21	21	8185	97	-21	21	8185	97	-21	21	8185	97	-21	21	8185	97	-21	21	8185	97	-21	21	8185	97	-21	21	8185	97	-21	21	8185	97	-21	21	8185	97	-21	21	8185	97	-21	21	8185	97	-21	21	8185	97	-21	21	8185	97	-21	21	8185	97	-21	21	8185
98	-33	33	8218	98	-33	33	8218	98	-33	33	8218	98	-33	33	8218	98	-33	33	8218	98	-33	33	8218	98	-33	33	8218	98	-33	33	8218	98	-33	33	8218	98	-33	33	8218	98	-33	33	8218	98	-33	33	8218	98	-33	33	8218	98	-33	33	8218	98	-33	33	8218	98	-33	33	8218	98	-33	33	8218	98	-33	33	8218	98	-33	33	8218	98	-33	33	8218	98	-33	33	8218	98	-33	33	8218	98	-33	33	8218	98	-33	33	8218	98	-33	33	8218
99	-41	41	8259	99	-41	41	8259	99	-41	41	8259	99	-41	41	8259	99	-41	41	8259	99	-41	41	8259	99	-41	41	8259	99	-41	41	8259	99	-41	41	8259	99	-41	41	8259	99	-41	41	8259	99	-41	41	8259	99	-41	41	8259	99	-41	41	8259	99	-41	41	8259	99	-41	41	8259	99	-41	41	8259	99	-41	41	8259	99	-41	41	8259	99	-41	41	8259	99	-41	41	8259	99	-41	41	8259	99	-41	41	8259	99	-41	41	8259	99	-41	41	8259
100	-35	35	8294	100	-35	35	8294	100	-35	35	8294	100	-35	35	8294	100	-35	35	8294	100	-35	35	8294	100	-35	35	8294	100	-35	35	8294	100	-35	35	8294	100	-35	35	8294	100	-35	35	8294	100	-35	35	8294	100	-35	35	8294	100	-35	35	8294	100	-35	35	8294	100	-35	35	8294	100	-35	35	8294	100	-35	35	8294	100	-35	35	8294	100	-35	35	8294	100	-35	35	8294	100	-35	35	8294	100	-35	35	8294	100	-35	35	8294	100	-35	35	8294
101	-39	39	8333	101	-39	39	8333	101	-39	39	8333	101	-39	39	8333	101	-39	39	8333	101	-39	39	8333	101	-39	39	8333	101	-39	39	8333	101	-39	39	8333	101	-39	39	8333	101	-39	39	8333	101	-39	39	8333	101	-39	39	8333	101	-39	39	8333	101	-39	39	8333	101	-39	39	8333	101	-39	39	8333	101	-39	39	8333	101	-39	39	8333	101	-39	39	8333	101	-39	39	8333	101	-39	39	8333	101	-39	39	8333	101	-39	39	8333	101	-39	39	8333
102	-32	32	8365	102	-32	32	8365	102	-32	32	8365	102	-32	32	8365	102	-32	32	8365	102	-32	32	8365	102	-32	32	8365	102	-32	32	8365	102	-32	32	8365	102	-32	32	8365	102	-32	32	8365	102	-32	32	8365	102	-32	32	8365	102	-32	32	8365	102	-32	32	8365	102	-32	32	8365	102	-32	32	8365	102	-32	32	8365	102	-32	32	8365	102	-32	32	8365	102	-32	32	8365	102	-32	32	8365	102	-32	32	8365	102	-32	32	8365	102	-32	32	8365
103	-43	43	8408	103	-43	43	8408	103	-43	43	8408	103	-43	43	8408	103	-43	43	8408	103	-43	43	8408	103	-43	43	8408	103	-43	43	8408	103	-43	43	8408	103	-43	43	8408	103	-43	43	8408	103	-43	43	8408	103	-43	43	8408	103	-43	43	8408	103	-43	43	8408	103	-43	43	8408	103	-43	43	8408	103	-43	43	8408	103	-43	43	8408	103	-43	43	8408	103	-43	43	8408	103	-43	43	8408	103	-43	43	8408	103	-43	43	8408	103	-43	43	8408
104	-267	69	8477	104	-267	69	8477	104	-267	69	8477	104	-267	69	8477	104	-267	69	8477	104	-267	69	8477	104	-267	69	8477	104	-267	69	8477	104	-267	69	8477	104	-267	69	8477	104	-267	69	8477	104	-267	69	8477	104	-267	69	8477	104	-267	69	8477	104	-267	69	8477	104	-267	69	8477	104	-267	69	8477	104	-267	69	8477	104	-267	69	8477	104	-267	69	8477	104	-267	69	8477	104	-267	69	8477	104	-267	69	8477	104	-267	69	8477	104	-267	69	8477
105	-41	41	8518	105	-41	41	8518	105	-41	41	8518	105	-41	41	8518	105	-41	41	8518	105	-41	41	8518	105	-41	41	8518	105	-41	41	8518	105	-41	41	8518	105	-41	41	8518	105	-41	41	8518	105	-41	41	8518	105	-41	41	8518	105	-41	41	8518	105	-41	41	8518	105	-41	41	8518	105	-41	41	8518	105	-41	41	8518	105	-41	41	8518	105	-41	41	8518	105	-41	41	8518	105	-41	41	8518	105	-41	41	8518	105	-41	41	8518	105	-41	41	8518
106	-37	37	8555	106	-37	37	8555	106	-37	37	8555	106	-37	37	8555	106	-37	37	8555	106	-37	37	8555	106	-37	37	8555	106	-37	37	8555	106	-37	37	8555	106	-37	37	8555	106	-37	37	8555	106	-37	37	8555	106	-37	37	8555	106	-37	37	8555	106	-37	37	8555	106	-37	37	8555	106	-37	37	8555	106	-37	37	8555	106	-37	37	8555	106	-37	37	8555	106	-37	37	8555	106	-37	37	8555	106	-37	37	8555	106	-37	37	8555	106	-37	37	8555
107	-25	25	8580	107	-25	25	8580	107	-25	25	8580	107	-25	25	8580	107	-25	25	8580	107	-25	25	8580	107	-25	25	8580	107	-25	25	8580	107	-25	25	8580	107	-25	25	8580	107	-25	25	8580	107	-25	25	8580	107	-25	25	8580	107	-25	25	8580	107	-25	25	8580	107	-25	25	8580	107	-25	25	8580	107	-25	25	8580	107	-25	25	8580	107	-25	25	8580	107	-25	25	8580	107	-25	25	8580	107	-25	25	8580	107	-25	25	8580	107	-25	25	8580
108	-26	26	8606	108	-26	26	8606	108	-26	26	8606	108	-26	26	8606	108	-26	26	8606	108	-26	26	8606	108	-26	26	8606	108	-26	26	8606	108	-26	26	8606	108	-26	26	8606	108	-26	26	8606	108	-26	26	8606	108	-26	26	8606	108	-26	26	8606	108	-26	26	8606	108	-26	26	8606	108	-26	26	8606	108	-26	26	8606	108	-26	26	8606	108	-26	26	8606	108	-26	26	8606	108	-26	26	8606	108	-26	26	8606	108	-26	26	8606	108	-26	26	8606
109	-41	41	8647	109	-41	41	8647	109	-41	41	8647	109	-41	41	8647	109	-41	41	8647	109	-41	41	8647	109	-41	41	8647	109	-41	41	8647	109	-41	41	8647	109	-41	41	8647	109	-41	41	8647	109	-41	41	8647	109	-41	41	8647	109	-41	41	8647	109	-41	41	8647	109	-41	41	8647	109	-41	41	8647	109	-41	41	8647	109	-41	41	8647	109	-41	41	8647	109	-41	41	8647	109	-41	41	8647	109	-41	41	8647	109	-41	41	8647	109	-41	41	8647
110	-140	41	8688	110	-140	41	8688	110	-140	41	8688	110	-140	41	8688	110	-140	41	8688	110	-140	41	8688	110	-140	41	8688	110	-140	41	8688	110	-140	41	8688	110	-140	41	8688	110	-140	41	8688	110	-140	41	8688	110	-140	41	8688	110	-140	41	8688	110	-140	41	8688	110	-140	41	8688	110	-140	41	8688	110	-140	41	8688	110	-140	41	8688	110	-140	41	8688	110	-140	41	8688	110	-140	41	8688	110	-140	41	8688	110	-140	41	8688	110	-140	41	8688
111	-20	20	8708	111	-20	20	8708	111	-20	20	8708	111	-20	20	8708	111	-20	20	8708	111	-20	20	8708	111	-20	20	8708	111	-20	20	8708	111	-20	20	8708	111	-20	20	8708	111	-20	20	8708	111	-20	20	8708	111	-20	20	8708	111	-20	20	8708	111	-20	20	8708	111	-20	20	8708	111	-20	20	8708	111	-20	20	8708	111	-20	20	8708	111	-20	20	8708	111	-20	20	8708	111	-20	20	8708	111	-20	20	8708	111	-20	20	8708	111	-20	20	8708
112	-36	36	8744	112	-36	36	8744	112	-36	36	8744	112	-36	36	8744	112	-36	36	8744	112	-36	36	8744	112	-36	36	8744	112	-36	36	8744	112	-36	36	8744	112	-36	36	8744	112	-36	36	8744	112	-36	36	8744	112	-36	36	8744	112	-36	36	8744	112	-36	36	8744	112	-36	36	8744	112	-36	36	8744	112	-36	36	8744	112	-36	36	8744	112	-36	36	8744	112	-36	36	8744	112	-36	36	8744	112	-36	36	8744	112	-36	36	8744	112	-36	36	8744
113	-37	37	8781	113	-37	37	8781	113	-37	37	8781	113	-37	37	8781	113	-37	37	8781	113	-37	37	8781	113	-37	37	8781	113	-37	37	8781	113	-37	37	8781	113	-37	37	8781	113	-37	37	8781	113	-37	37	8781	113	-37	37	8781	113	-37	37	8781	113	-37	37	8781	113	-37	37	8781	113	-37	37	8781	113	-37	37	8781	113	-37	37	8781	113	-37	37	8781	113	-37	37	8781	113	-37	37	8781	113	-37	37	8781	113	-37	37	8781	113	-37	37	8781
114	-32	32	8813	114	-32	32	8813	114	-32	32	8813	114	-32	32	8813	114	-32	32	8813	114	-32	32	8813	114	-32	32	8813	114	-32	32	8813	114	-32	32	8813	114	-32	32	8813	114	-32	32	8813	114	-32	32	8813	114	-32	32	8813	114	-32	32	8813	114	-32	32	8813	114	-32	32	8813	114	-32	32	8813	114	-32	32	8813	114	-32	32	8813	114	-32	32	8813	114	-32	32	8813	114	-32	32	8813	114	-32	32	8813	114	-32	32	8813	114	-32	32	8813
115	-29	29	8842	115	-29	29	8842	115	-29	29	8842	115	-29	29	8842	115	-29	29	8842	115	-29	29	8842	115	-29	29	8842	115	-29	29	8842	115	-29	29	8842	115	-29	29	8842	115	-29	29	8842	115	-29	29	8842	115	-29	29	8842	115	-29	29	8842	115	-29	29	8842	115	-29	29	8842	115	-29	29	8842	115	-29	29	8842	115	-29	29	8842	115	-29	29	8842	115	-29	29	8842	115	-29	29	8842	115	-29	29	8842	115	-29	29	8842	115	-29	29	8842
116	-25	25	8867	116	-25	25	8867	116	-25	25	8867	116	-25	25	8867	116	-25	25	8867	116	-25	25	8867	116	-25	25	8867	116	-25	25	8867	116	-25	25	8867	116	-25	25	8867	116	-25	25	8867	116	-25	25	8867	116	-25	25	8867	116	-25	25	8867	116	-25	25	8867	116	-25	25	8867	116	-25	25	8867	116	-25	25	8867	116	-25	25	8867	116	-25	25	8867	116	-25	25	8867	116	-25	25	8867	116	-25	25	8867	116	-25	25	8867	116	-25	25	8867
117	-26	26	8893	117	-26	26	8893	117	-26	26	8893	117	-26	26	8893	117	-26	26	8893	117	-26	26	8893	117	-26	26	8893	117	-26	26	8893	117	-26	26	8893	117	-26	26	8893	117	-26	26	8893	117	-26	26	8893	117	-26	26	8893	117	-26	26	8893	117	-26	26	8893	117	-26	26	8893	117	-26	26	8893	117	-26	26	8893	117	-26	26	8893	117	-26	26	8893	117	-26	26	8893	117	-26	26	8893	117	-26	26	8893	117	-26	26	8893	117	-26	26	8893
118	-35	35	8928	118	-35	35	8928	118	-35	35	8928	118	-35	35	8928	118	-35	35	8928	118	-35	35	8928	118	-35	35	8928	118	-35	35	8928	118	-35	35	8928	118	-35	35	8928	118	-35	35	8928	118	-35	35	8928	118	-35	35	8928	118	-35	35	8928	118	-35	35	8928	118	-35	35	8928	118	-35	35	8928	118	-35	35	8928	118	-35	35	8928	118	-35	35	8928	118	-35	35	8928	118	-35	35	8928	118	-35	35	8928	118	-35	35	8928	118	-35	35	8928
119	-36	36	8964	119	-36	36	8964	119	-36	36	8964	119	-36	36	8964	119	-36	36	8964	119	-36	36	8964	119	-36	36	8964	119	-36	36	8964	119	-36	36	8964	119	-36	36	8964	119	-36	36	8964	119	-36	36	8964	119	-36	36	8964	119	-36	36	8964	119	-36	36	8964	119	-36	36	8964	119	-36	36	8964	119	-36	36	8964	119	-36	36	8964	119	-36	36	8964	119	-36	36	8964	119	-36	36	8964	119	-36	36	8964	119	-36	36	8964	119	-36	36	8964
120	-21	21	8985	120	-21	21	8985	120	-21	21	8985	120	-21	21	8985	120	-21	21	8985	120	-21	21	8985	120	-21	21	8985	120	-21	21	8985	120	-21	21	8985	120	-21	21	8985	120	-21	21	8985	120	-21	21	8985	120	-21	21	8985	120	-21	21	8985	120	-21	21	8985	120	-21	21	8985	120	-21	21	8985	120	-21	21	8985	120	-21	21	8985	120	-21	21	8985	120	-21	21	8985	120	-21	21	8985	120	-21	21	8985	120	-21	21	8985	120	-21	21	8985
121	-36	36	9021	121	-36	36	9021	121	-36	36	9021	121	-36	36	9021	121	-36	36	9021	121	-36	36	9021	121	-36	36	9021	121	-36	36	9021	121	-36	36	9021	121	-36	36	9021	121	-36	36	9021	121	-36	36	9021	121	-36	36	9021	121	-36	36	9021	121	-36	36	9021	121	-36	36	9021	121	-36	36	9021	121	-36	36	9021	121	-36	36	9021	121	-36	36	9021	121	-36	36	9021	121	-36	36	9021	121	-36	36	9021	121	-36	36	9021	121	-36	36	9021
122	-20	20	9041	122	-20	20	9041	122	-20	20	9041	122	-20	20	9041	122	-20	20	9041	122	-20	20	9041	122	-20	20	9041	122	-20	20	9041	122	-20	20	9041	122	-20	20	9041	122	-20	20	9041	122	-20	20	9041	122	-20	20	9041	122	-20	20	9041	122	-20	20	9041	122	-20	20	9041	122	-20	20	9041	122	-20	20	9041	122	-20	20	9041	122	-20	20	9041	122	-20	20	9041	122	-20	20	9041	122	-20	20	9041	122	-20	20	9041	122	-20	20	9041
123	-262	64	9105	123	-262	64	9105	123	-262	64	9105	123	-262	64	9105	123	-262	64	9105	123	-262	64	9105	123	-262	64	9105	123	-262	64	9105	123	-262	64	9105	123	-262	64	9105	123	-262	64	9105	123	-262	64	9105	123	-262	64	9105	123	-262	64	9105	123	-262	64	9105	123	-262	64	9105	123	-262	64	9105	123	-262	64	9105	123	-262	64	9105	123	-262	64	9105	123	-262	64	9105	123	-262	64	9105	123	-262	64	9105	123	-262	64	9105	123	-262	64	9105
124	-138	39	9144	124	-138	39	9144	124	-138	39	9144	124	-138	39	9144	124	-138	39	9144	124	-138	39	9144	124	-138	39	9144	124	-138	39	9144	124	-138	39	9144	124	-138	39	9144	124	-138	39	9144	124	-138	39	9144	124	-138	39	9144	124	-138	39	9144	124	-138	39	9144	124	-138	39	9144	124	-138	39	9144	124	-138	39	9144	124	-138	39	9144	124	-138	39	9144	124	-138	39	9144	124	-138	39	9144	124	-138	39	9144	124	-138	39	9144	124	-138	39	9144
125	-28	28	9172	125	-28	28	9172	125	-28	28	9172	125	-28	28	9172	125	-28	28	9172	125	-28	28	9172	125	-28	28	9172	125	-28	28	9172	125	-28	28	9172	125	-28	28	9172	125	-28	28	9172	125	-28	28	9172	125	-28	28	9172	125	-28	28	9172	125	-28	28	9172	125	-28	28	9172	125	-28	28	9172	125	-28	28	9172	125	-28	28	9172	125	-28	28	9172	125	-28	28	9172	125	-28	28	9172	125	-28	28	9172	125	-28	28	9172	125	-28	28	9172
126	-137	38	9210	126	-137	38	9210	126	-137	38	9210	126	-137	38	9210	126	-137	38	9210	126	-137	38	9210	126	-137	38	9210	126	-137	38	9210	126	-137	38	9210	126	-137	38	9210	126	-137	38	9210	126	-137	38	9210	126	-137	38	9210	126	-137	38	9210	126	-137	38	9210	126	-137	38	9210	126	-137	38	9210	126	-137	38	9210	126	-137	38	9210	126	-137	38	9210	126	-137	38	9210	126	-137	38	9210	126	-137	38	9210	126	-137	38	9210	126	-137	38	9210
127	-141	42	9252	127	-141	42	9252	127	-141	42	9252	127	-141	42	9252	127	-141	42	9252	127	-141	42	9252	127	-141	42	9252	127	-141	42	9252	127	-141	42	9252	127	-141	42	9252	127	-141	42	9252	127	-141	42	9252	127	-141	42	9252	127	-141	42	9252	127	-141	42	9252	127	-141	42	9252	127	-141	42	9252	127	-141	42	9252	127	-141	42	9252	127	-141	42	9252	127	-141	42	9252	127	-141	42	9252	127	-141	42	9252	127	-141	42	9252	127	-141	42	9252
128	-21	21	9273	128	-21	21	9273	128	-21	21	9273	128	-21	21	9273	128	-21	21	9273	128	-21	21	9273	128	-21	21	9273	128	-21	21	9273	128	-21	21	9273	128	-21	21	9273	128	-21	21	9273	128	-21	21	9273	128	-21	21	9273	128	-21	21	9273	128	-21	21	9273	128	-21	21	9273	128	-21	21	9273	128	-21	21	9273	128	-21	21	9273	128	-21	21	9273	128	-21	21	9273	128	-21	21	9273	128	-21	21	9273	128	-21	21	9273	128	-21	21	9273
129	-42	42	9315	129	-42	42	9315	129	-42	42	9315	129	-42	42	9315	129	-42	42	9315	129	-42	42	9315	129	-42	42	9315	129	-42	42	9315	129	-42	42	9315	129	-42	42	9315	129	-42	42	9315	129	-42	42	9315	129	-42	42	9315	129	-42	42	9315	129	-42	42	9315	129	-42	42	9315	129	-42	42	9315	129	-42	42	9315	129	-42	42	9315	129	-42	42	9315	129	-42	42	9315	129	-42	42	9315	129	-42	42	9315	129	-42	42	9315	129	-42	42	9315
130	-41	41	9356	130	-41	41	9356	130	-41	41	9356	130	-41	41	9356	130	-41	41	9356	130	-41	41	9356	130	-41	41	9356	130	-41	41	9356	130	-41	41	9356	130	-41	41	9356	130	-41	41	9356	130	-41	41	9356	130	-41	41	9356	130	-41	41	9356	130	-41	41	9356	130	-41	41	9356	130	-41	41	9356	130	-41	41	9356	130	-41	41	9356	130	-41	41	9356	130	-41	41	9356	130	-41	41	9356	130	-41	41	9356	130	-41	41	9356	130	-41	41	9356
131	-124	25	9381	131	-124	25	9381	131	-124	25	9381	131	-124	25	9381	131	-124	25	9381	131	-124	25	9381	131	-124	25	9381	131	-124	25	9381	131	-124	25	9381	131	-124	25	9381	131	-124	25	9381	131	-124	25	9381	131	-124	25	9381	131	-124	25	9381	131	-124	25	9381	131	-124	25	9381	131	-124	25	9381	131	-124	25	9381	131	-124	25	9381	131	-124	25	9381	131	-124	25	9381	131	-124	25	9381	131	-124	25	9381	131	-124	25	9381	131	-124	25	9381
132	-43	43	9424	132	-43	43	9424	132	-43	43	9424	132	-43	43	9424	132	-43	43	9424	132	-43	43	9424	132	-43	43	9424	132	-43	43	9424	132	-43	43	9424	132	-43	43	9424	132	-43	43	9424	132	-43	43	9424	132	-43	43	9424	132	-43	43	9424	132	-43	43	9424	132	-43	43	9424	132	-43	43	9424	132	-43	43	9424	132	-43	43	9424	132	-43	43	9424	132	-43	43	9424	132	-43	43	9424	132	-43	43	9424	132	-43	43	9424	132	-43	43	9424
133	-29	29	9453	133	-29	29	9453	133	-29	29	9453	133	-29	29	9453	133	-29	29	9453	133	-29	29	9453	133	-29	29	9453	133	-29	29	9453	133	-29	29	9453	133	-29	29	9453	133	-29	29	9453	133	-29	29	9453	133	-29	29	9453	133	-29	29	9453	133	-29	29	9453	133	-29	29	9453	133	-29	29	9453	133	-29	29	9453	133	-29	29	9453	133	-29	29	9453	133	-29	29	9453	133	-29	29	9453	133	-29	29	9453	133	-29	29	9453	133	-29	29	9453
134	-22	22	9475	134	-22	22	9475	134	-22	22	9475	134	-22	22	9475	134	-22	22	9475	134	-22	22	9475	134	-22	22	9475	134	-22	22	9475	134	-22	22	9475	134	-22	22	9475	134	-22	22	9475	134	-22	22	9475	134	-22	22	9475	134	-22	22	9475	134	-22	22	9475	134	-22	22	9475	134	-22	22	9475	134	-22	22	9475	134	-22	22	9475	134	-22	22	9475	134	-22	22	9475	134	-22	22	9475	134	-22	22	9475	134	-22	22	9475	134	-22	22	9475
135	-34	34	9509	135	-34	34	9509	135	-34	34	9509	135	-34	34	9509	135	-34	34	9509	135	-34	34	9509	135	-34	34	9509	135	-34	34	9509	135	-34	34	9509	135	-34	34	9509	135	-34	34	9509	135	-34	34	9509	135	-34	34	9509	135	-34	34	9509	135	-34	34	9509	135	-34	34	9509	135	-34	34	9509	135	-34	34	9509	135	-34	34	9509	135	-34	34	9509	135	-34	34	9509	135	-34	34	9509	135	-34	34	9509	135	-34	34	9509	135	-34	34	9509
136	-44	44	9553	136	-44	44	9553	136	-44	44	9553	136	-44	44	9553	136	-44	44	9553	136	-44	44	9553	136	-44	44	9553	136	-44	44	9553	136	-44	44	9553	136	-44	44	9553	136	-44	44	9553	136	-44	44	9553	136	-44	44	9553	136	-44	44	9553	136	-44	44	9553	136	-44	44	9553	136	-44	44	9553	136	-44	44	9553	136	-44	44	9553	136	-44	44	9553	136	-44	44	9553	136	-44	44	9553	136	-44	44	9553	136	-44	44	9553	136	-44	44	9553
137	-14	14	9567	137	-14	14	9567	137	-14	14	9567	137	-14	14	9567	137	-14	14	9567	137	-14	14	9567	137	-14	14	9567	137	-14	14	9567	137	-14	14	9567	137	-14	14	9567	137	-14	14	9567	137	-14	14	9567	137	-14	14	9567	137	-14	14	9567	137	-14	14	9567	137	-14	14	9567	137	-14	14	9567	137	-14	14	9567	137	-14	14	9567	137	-14	14	9567	137	-14	14	9567	137	-14	14	9567	137	-14	14	9567	137	-14	14	9567	137	-14	14	9567
138	-151	52	9619	138	-151	52	9619	138	-151	52	9619	138	-151	52	9619	138	-151	52	9619	138	-151	52	9619	138	-151	52	9619	138	-151	52	9619	138	-151	52	9619	138	-151	52	9619	138	-151	52	9619	138	-151	52	9619	138	-151	52	9619	138	-151	52	9619	138	-151	52	9619	138	-151	52	9619	138	-151	52	9619	138	-151	52	9619	138	-151	52	9619	138	-151	52	9619	138	-151	52	9619	138	-151	52	9619	138	-151	52	9619	138	-151	52	9619	138	-151	52	9619
139	-18	18	9637	139	-18	18	9637	139	-18	18	9637	139	-18	18	9637	139	-18	18	9637	139	-18	18	9637	139	-18	18	9637	139	-18	18	9637	139	-18	18	9637	139	-18	18	9637	139	-18	18	9637	139	-18	18	9637	139	-18	18	9637	139	-18	18	9637	139	-18	18	9637	139	-18	18	9637	139	-18	18	9637	139	-18	18	9637	139	-18	18	9637	139	-18	18	9637	139	-18	18	9637	139	-18	18	9637	139	-18	18	9637	139	-18	18	9637	139	-18	18	9637
140	-17	17	9654	140	-17	17	9654	140	-17	17	9654	140	-17	17	9654	140	-17	17	9654	140	-17	17	9654	140	-17	17	9654	140	-17	17	9654	140	-17	17	9654	140	-17	17	9654	140	-17	17	9654	140	-17	17	9654	140	-17	17	9654	140	-17	17	9654	140	-17	17	9654	140	-17	17	9654	140	-17	17	9654	140	-17	17	9654	140	-17	17	9654	140	-17	17	9654	140	-17	17	9654	140	-17	17	9654	140	-17	17	9654	140	-17	17	9654	140	-17	17	9654
141	-145	46	9700	141	-145	46	9700	141	-145	46	9700	141	-145	46	9700	141	-145	46	9700	141	-145	46	9700	141	-145	46	9700	141	-145	46	9700	141	-145	46	9700	141	-145	46	9700	141	-145	46	9700	141	-145	46	9700	141	-145	46	9700	141	-145	46	9700	141	-145	46	9700	141	-145	46	9700	141	-145	46	9700	141	-145	46	9700	141	-145	46	9700	141	-145	46	9700	141	-145	46	9700	141	-145	46	9700	141	-145	46	9700	141	-145	46	9700	141	-145	46	9700
142	-147	48	9748	142	-147	48	9748	142	-147	48	9748	142	-147	48	9748	142	-147	48	9748	142	-147	48	9748	142	-147	48	9748	142	-147	48	9748	142	-147	48	9748	142	-147	48	9748	142	-147	48	9748	142	-147	48	9748	142	-147	48	9748	142	-147	48	9748	142	-147	48	9748	142	-147	48	9748	142	-147	48	9748	142	-147	48	9748	142	-147	48	9748	142	-147	48	9748	142	-147	48	9748	142	-147	48	9748	142	-147	48	9748	142	-147	48	9748	142	-147	48	9748
143	-24	24	9772	143	-24	24	9772	143	-24	24	9772	143	-24	24	9772	143	-24	24	9772	143	-24	24	9772	143	-24	24	9772	143	-24	24	9772	143	-24	24	9772	143	-24	24	9772	143	-24	24	9772	143	-24	24	9772	143	-24	24	9772	143	-24	24	9772	143	-24	24	9772	143	-24	24	9772	143	-24	24	9772	143	-24	24	9772	143	-24	24	9772	143	-24	24	9772	143	-24	24	9772	143	-24	24	9772	143	-24	24	9772	143	-24	24	9772	143	-24	24	9772
144	-24	24	9796	144	-24	24	9796	144	-24	24	9796	144	-24	24	9796	144	-24	24	9796	144	-24	24	9796	144	-24	24	9796	144	-24	24	9796	144	-24	24	9796	144	-24	24	9796	144	-24	24	9796	144	-24	24	9796	144	-24	24	9796	144	-24	24	9796	144	-24	24	9796	144	-24	24	9796	144	-24	24	9796	144	-24	24	9796	144	-24	24	9796	144	-24	24	9796	144	-24	24	9796	144	-24	24	9796	144	-24	24	9796	144	-24	24	9796	144	-24	24	9796
145	-126	27	9823	145	-126	27	9823	145	-126	27	9823	145	-126	27	9823	145	-126	27	9823	145	-126	27	9823	145	-126	27	9823	145	-126	27	9823	145	-126	27	9823	145	-126	27	9823	145	-126	27	9823	145	-126	27	9823	145	-126	27	9823	145	-126	27	9823	145	-126	27	9823	145	-126	27	9823	145	-126	27	9823	145	-126	27	9823	145	-126	27	9823	145	-126	27	9823	145	-126	27	9823	145	-126	27	9823	145	-126	27	9823	145	-126	27	9823	145	-126	27	9823
146	-142	43	9866	146	-142	43	9866	146	-142	43	9866	146	-142	43	9866	146	-142	43	9866	146	-142	43	9866	146	-142	43	9866	146	-142	43	9866	146	-142	43	9866	146	-142	43	9866	146	-142	43	9866	146	-142	43	9866	146	-142	43	9866	146	-142	43	9866	146	-142	43	9866	146	-142	43	9866	146	-142	43	9866	146	-142	43	9866	146	-142	43	9866	146	-142	43	9866	146	-142	43	9866	146	-142	43	9866	146	-142	43	9866	146	-142	43	9866	146	-142	43	9866
147	-126	27	9893	147	-126	27	9893	147	-126	27	9893	147	-126	27	9893	147	-126	27	9893	147	-126	27	9893	147	-126	27	9893	147	-126	27	9893	147	-126	27	9893	147	-126	27	9893	147	-126	27	9893	147	-126	27	9893	147	-126	27	9893	147	-126	27	9893	147	-126	27	9893	147	-126	27	9893	147	-126	27	9893	147	-126	27	9893	147	-126	27	9893	147	-126	27	9893	147	-126	27	9893	147	-126	27	9893	147	-126	27	9893	147	-126	27	9893	147	-126	27	9893
148	-31	31	9924	148	-31	31	9924	148	-31	31	9924	148	-31	31	9924	148	-31	31	9924	148	-31	31	9924	148	-31	31	9924	148	-31	31	9924	148	-31	31	9924	148	-31	31	9924	148	-31	31	9924	148	-31	31	9924	148	-31	31	9924	148	-31	31	9924	148	-31	31	9924	148	-31	31	9924	148	-31	31	9924	148	-31	31	9924	148	-31	31	9924	148	-31	31	9924	148	-31	31	9924	148	-31	31	9924	148	-31	31	9924	148	-31	31	9924	148	-31	31	9924
149	-28	28	9952	149	-28	28	9952	149	-28	28	9952	149	-28	28	9952	149	-28	28	9952	149	-28	28	9952	149	-28	28	9952	149	-28	28	9952	149	-28	28	9952	149	-28	28	9952	149	-28	28	9952	149	-28	28	9952	149	-28	28	9952	149	-28	28	9952	149	-28	28	9952	149	-28	28	9952	149	-28	28	9952	149	-28	28	9952	149	-28	28	9952	149	-28	28	9952	149	-28	28	9952	149	-28	28	9952	149	-28	28	9952	149	-28	28	9952	149	-28	28	9952
150	-34	34	9986	150	-34	34	9986	150	-34	34	9986	150	-34	34	9986	150	-34	34	9986	150	-34	34	9986	150	-34	34	9986	150	-34	34	9986	150	-34	34	9986	150	-34	34	9986	150	-34	34	9986	150	-34	34	9986	150	-34	34	9986	150	-34	34	9986	150	-34	34	9986	150	-34	34	9986	150	-34	34	9986	150	-34	34	9986	150	-34	34	9986	150	-34	34	9986	150	-34	34	9986	150	-34	34	9986	150	-34	34	9986	150	-34	34	9986	150	-34	34	9986
151	-16	16	10002	151	-16	16	10002	151	-16	16	10002	151	-16	16	10002	151	-16	16	10002	151	-16	16	10002	151	-16	16	10002	151	-16	16	10002	151	-16	16	10002	151	-16	16	10002	151	-16	16	10002	151	-16	16	10002	151	-16	16	10002	151	-16	16	10002	151	-16	16	10002	151	-16	16	10002	151	-16	16	10002	151	-16	16	10002	151	-16	16	10002	151	-16	16	10002	151	-16	16	10002	151	-16	16	10002	151	-16	16	10002	151	-16	16	10002	151	-16	16	10002
152	-127	28	10030	152	-127	28	10030	152	-127	28	10030	152	-127	28	10030	152	-127	28	10030	152	-127	28	10030	152	-127	28	10030	152	-127	28	10030	152	-127	28	10030	152	-127	28	10030	152	-127	28	10030	152	-127	28	10030	152	-127	28	10030	152	-127	28	10030	152	-127	28	10030	152	-127	28	10030	152	-127	28	10030	152	-127	28	10030	152	-127	28	10030	152	-127	28	10030	152	-127	28	10030	152	-127	28	10030	152	-127	28	10030	152	-127	28	10030	152	-127	28	10030
153	-34	34	10064	153	-34	34	10064	153	-34	34	10064	153	-34	34	10064	153	-34	34	10064	153	-34	34	10064	153	-34	34	10064	153	-34	34	10064	153	-34	34	10064	153	-34	34	10064	153	-34	34	10064	153	-34	34	10064	153	-34	34	10064	153	-34	34	10064	153	-34	34	10064	153	-34	34	10064	153	-34	34	10064	153	-34	34	10064	153	-34	34	10064	153	-34	34	10064	153	-34	34	10064	153	-34	34	10064	153	-34	34	10064	153	-34	34	10064	153	-34	34	10064
154	-19	19	10083	154	-19	19	10083	154	-19	19	10083	154	-19	19	10083	154	-19	19	10083	154	-19	19	10083	154	-19	19	10083	154	-19	19	10083	154	-19	19	10083	154	-19	19	10083	154	-19	19	10083	154	-19	19	10083	154	-19	19	10083	154	-19	19	10083	154	-19	19	10083	154	-19	19	10083	154	-19	19	10083	154	-19	19	10083	154	-19	19	10083	154	-19	19	10083	154	-19	19	10083	154	-19	19	10083	154	-19	19	10083	154	-19	19	10083	154	-19	19	10083
155	-20	20	10103	155	-20	20	10103	155	-20	20	10103	155	-20	20	10103	155	-20	20	10103	155	-20	20	10103	155	-20	20	10103	155	-20	20	10103	155	-20	20	10103	155	-20	20	10103	155	-20	20	10103	155	-20	20	10103	155	-20	20	10103	155	-20	20	10103	155	-20	20	10103	155	-20	20	10103	155	-20	20	10103	155	-20	20	10103	155	-20	20	10103	155	-20	20	10103	155	-20	20	10103	155	-20	20	10103	155	-20	20	10103	155	-20	20	10103	155	-20	20	10103
156	-26	26	10129	156	-26	26	10129	156	-26	26	10129	156	-26	26	10129	156	-26	26	10129	156	-26	26	10129	156	-26	26	10129	156	-26	26	10129	156	-26	26	10129	156	-26	26	10129	156	-26	26	10129	156	-26	26	10129	156	-26	26	10129	156	-26	26	10129	156	-26	26	10129	156	-26	26	10129	156	-26	26	10129	156	-26	26	10129	156	-26	26	10129	156	-26	26	10129	156	-26	26	10129	156	-26	26	10129	156	-26	26	10129	156	-26	26	10129	156	-26	26	10129
157	-32	32	10161	157	-32	32	10161	157	-32	32	10161	157	-32	32	10161	157	-32	32	10161	157	-32	32	10161	157	-32	32	10161	157	-32	32	10161	157	-32	32	10161	157	-32	32	10161	157	-32	32	10161	157	-32	32	10161	157	-32	32	10161	157	-32	32	10161	157	-32	32	10161	157	-32	32	10161	157	-32	32	10161	157	-32	32	10161	157	-32	32	10161	157	-32	32	10161	157	-32	32	10161	157	-32	32	10161	157	-32	32	10161	157	-32	32	10161	157	-32	32	10161
158	-138	39	10200	158	-138	39	10200	158	-138	39	10200	158	-138	39	10200	158	-138	39	10200	158	-138	39	10200	158	-138	39	10200	158	-138	39	10200	158	-138	39	10200	158	-138	39	10200	158	-138	39	10200	158	-138	39	10200	158	-138	39	10200	158	-138	39	10200	158	-138	39	10200	158	-138	39	10200	158	-138	39	10200	158	-138	39	10200	158	-138	39	10200	158	-138	39	10200	158	-138	39	10200	158	-138	39	10200	158	-138	39	10200	158	-138	39	10200	158	-138	39	10200
159	-19	19	10219	159	-19	19	10219	159	-19	19	10219	159	-19	19	10219	159	-19	19	10219	159	-19	19	10219	159	-19	19	10219	159	-19	19	10219	159	-19	19	10219	159	-19	19	10219	159	-19	19	10219	159	-19	19	10219	159	-19	19	10219	159	-19	19	10219	159	-19	19	10219	159	-19	19	10219	159	-19	19	10219	159	-19	19	10219	159	-19	19	10219	159	-19	19	10219	159	-19	19	10219	159	-19	19	10219	159	-19	19	10219	159	-19	19	10219	159	-19	19	10219
160	-33	33	10252	160	-33	33	10252	160	-33	33	10252	160	-33	33	10252	160	-33	33	10252	160	-33	33	10252	160	-33	33	10252	160	-33	33	10252	160	-33	33	10252	160	-33	33	10252	160	-33	33	10252	160	-33	33	10252	160	-33	33	10252	160	-33	33	10252	160	-33	33	10252	160	-33	33	10252	160	-33	33	10252	160	-33	33	10252	160	-33	33	10252	160	-33	33	10252	160	-33	33	10252	160	-33	33	10252	160	-33	33	10252	160	-33	33	10252	160	-33	33	10252
161	-26	26	10278	161	-26	26	10278	161	-26	26	10278	161	-26	26	10278	161	-26	26	10278	161	-26	26	10278	161	-26	26	10278	161	-26	26	10278	161	-26	26	10278	161	-26	26	10278	161	-26	26	10278	161	-26	26	10278	161	-26	26	10278	161	-26	26	10278	161	-26	26	10278	161	-26	26	10278	161	-26	26	10278	161	-26	26	10278	161	-26	26	10278	161	-26	26	10278	161	-26	26	10278	161	-26	26	10278	161	-26	26	10278	161	-26	26	10278	161	-26	26	10278
162	-25	25	10303	162	-25	25	10303	162	-25	25	10303	162	-25	25	10303	162	-25	25	10303	162	-25	25	10303	162	-25	25	10303	162	-25	25	10303	162	-25	25	10303	162	-25	25	10303	162	-25	25	10303	162	-25	25	10303	162	-25	25	10303	162	-25	25	10303	162	-25	25	10303	162	-25	25	10303	162	-25	25	10303	162	-25	25	10303	162	-25	25	10303	162	-25	25	10303	162	-25	25	10303	162	-25	25	10303	162	-25	25	10303	162	-25	25	10303	162	-25	25	10303
163	-371	74	10377	163	-371	74	10377	163	-371	74	10377	163	-371	74	10377	163	-371	74	10377	163	-371	74	10377	163	-371	74	10377	163	-371	74	10377	163	-371	74	10377	163	-371	74	10377	163	-371	74	10377	163	-371	74	10377	163	-371	74	10377	163	-371	74	10377	163	-371	74	10377	163	-371	74	10377	163	-371	74	10377	163	-371	74	10377	163	-371	74	10377	163	-371	74	10377	163	-371	74	10377	163	-371	74	10377	163	-371	74	10377	163	-371	74	10377	163	-371	74	10377
164	-19	19	10396	164	-19	19	10396	164	-19	19	10396	164	-19	19	10396	164	-19	19	10396	164	-19	19	10396	164	-19	19	10396	164	-19	19	10396	164	-19	19	10396	164	-19	19	10396	164	-19	19	10396	164	-19	19	10396	164	-19	19	10396	164	-19	19	10396	164	-19	19	10396	164	-19	19	10396	164	-19	19	10396	164	-19	19	10396	164	-19	19	10396	164	-19	19	10396	164	-19	19	10396	164	-19	19	10396	164	-19	19	10396	164	-19	19	10396	164	-19	19	10396
165	-31	31	10427	165	-31	31	10427	165	-31	31	10427	165	-31	31	10427	165	-31	31	10427	165	-31	31	10427	165	-31	31	10427	165	-31	31	10427	165	-31	31	10427	165	-31	31	10427	165	-31	31	10427	165	-31	31	10427	165	-31	31	10427	165	-31	31	10427	165	-31	31	10427	165	-31	31	10427	165	-31	31	10427	165	-31	31	10427	165	-31	31	10427	165	-31	31	10427	165	-31	31	10427	165	-31	31	10427	165	-31	31	10427	165	-31	31	10427	165	-31	31	10427
166	-17	17	10444	166	-17	17	10444	166	-17	17	10444	166	-17	17	10444	166	-17	17	10444	166	-17	17	10444	166	-17	17	10444	166	-17	17	10444	166	-17	17	10444	166	-17	17	10444	166	-17	17	10444	166	-17	17	10444	166	-17	17	10444	166	-17	17	10444	166	-17	17	10444	166	-17	17	10444	166	-17	17	10444	166	-17	17	10444	166	-17	17	10444	166	-17	17	10444	166	-17	17	10444	166	-17	17	10444	166	-17	17	10444	166	-17	17	10444	166	-17	17	10444
167	-17	17	10461	167	-17	17	10461	167	-17	17	10461	167	-17	17	10461	167	-17	17	10461	167	-17	17	10461	167	-17	17	10461	167	-17	17	10461	167	-17	17	10461	167	-17	17	10461	167	-17	17	10461	167	-17	17	10461	167	-17	17	10461	167	-17	17	10461	167	-17	17	10461	167	-17	17	10461	167	-17	17	10461	167	-17	17	10461	167	-17	17	10461	167	-17	17	10461	167	-17	17	10461	167	-17	17	10461	167	-17	17	10461	167	-17	17	10461	167	-17	17	10461
168	-18	18	10479	168	-18	18	10479	168	-18	18	10479	168	-18	18	10479	168	-18	18	10479	168	-18	18	10479	168	-18	18	10479	168	-18	18	10479	168	-18	18	10479	168	-18	18	10479	168	-18	18	10479	168	-18	18	10479	168	-18	18	10479	168	-18	18	10479	168	-18	18	10479	168	-18	18	10479	168	-18	18	10479	168	-18	18	10479	168	-18	18	10479	168	-18	18	10479	168	-18	18	10479	168	-18	18	10479	168	-18	18	10479	168	-18	18	10479	168	-18	18	10479
169	-28	28	10507	169	-28	28	10507	169	-28	28	10507	169	-28	28	10507	169	-28	28	10507	169	-28	28	10507	169	-28	28	10507	169	-28	28	10507	169	-28	28	10507	169	-28	28	10507	169	-28	28	10507	169	-28	28	10507	169	-28	28	10507	169	-28	28	10507	169	-28	28	10507	169	-28	28	10507	169	-28	28	10507	169	-28	28	10507	169	-28	28	10507	169	-28	28	10507	169	-28	28	10507	169	-28	28	10507	169	-28	28	10507	169	-28	28	10507	169	-28	28	10507
170	-21	21	10528	170	-21	21	10528	170	-21	21	10528	170	-21	21	10528	170	-21	21	10528	170	-21	21	10528	170	-21	21	10528	170	-21	21	10528	170	-21	21	10528	170	-21	21	10528	170	-21	21	10528	170	-21	21	10528	170	-21	21	10528	170	-21	21	10528	170	-21	21	10528	170	-21	21	10528	170	-21	21	10528	170	-21	21	10528	170	-21	21	10528	170	-21	21	10528	170	-21	21	10528	170	-21	21	10528	170	-21	21	10528	170	-21	21	10528	170	-21	21	10528
171	-42	42	10570	171	-42	42	10570	171	-42	42	10570	171	-42	42	10570	171	-42	42	10570	171	-42	42	10570	171	-42	42	10570	171	-42	42	10570	171	-42	42	10570	171	-42	42	10570	171	-42	42	10570	171	-42	42	10570	171	-42	42	10570	171	-42	42	10570	171	-42	42	10570	171	-42	42	10570	171	-42	42	10570	171	-42	42	10570	171	-42	42	10570	171	-42	42	10570	171	-42	42	10570	171	-42	42	10570	171	-42	42	10570	171	-42	42	10570	171	-42	42	10570
172	-15	15	10585	172	-15	15	10585	172	-15	15	10585	172	-15	15	10585	172	-15	15	10585	172	-15	15	10585	172	-15	15	10585	172	-15	15	10585	172	-15	15	10585	172	-15	15	10585	172	-15	15	10585	172	-15	15	10585	172	-15	15	10585	172	-15	15	10585	172	-15	15	10585	172	-15	15	10585	172	-15	15	10585	172	-15	15	10585	172	-15	15	10585	172	-15	15	10585	172	-15	15	10585	172	-15	15	10585	172	-15	15	10585	172	-15	15	10585	172	-15	15	10585
173	-16	16	10601	173	-16	16	10601	173	-16	16	10601	173	-16	16	10601	173	-16	16	10601	173	-16	16	10601	173	-16	16	10601	173	-16	16	10601	173	-16	16	10601	173	-16	16	10601	173	-16	16	10601	173	-16	16	10601	173	-16	16	10601	173	-16	16	10601	173	-16	16	10601	173	-16	16	10601	173	-16	16	10601	173	-16	16	10601	173	-16	16	10601	173	-16	16	10601	173	-16	16	10601	173	-16	16	10601	173	-16	16	10601	173	-16	16	10601	173	-16	16	10601
174	-14	14	10615	174	-14	14	10615	174	-14	14	10615	174	-14	14	10615	174	-14	14	10615	174	-14	14	10615	174	-14	14	10615	174	-14	14	10615	174	-14	14	10615	174	-14	14	10615	174	-14	14	10615	174	-14	14	10615	174	-14	14	10615	174	-14	14	10615	174	-14	14	10615	174	-14	14	10615	174	-14	14	10615	174	-14	14	10615	174	-14	14	10615	174	-14	14	10615	174	-14	14	10615	174	-14	14	10615	174	-14	14	10615	174	-14	14	10615	174	-14	14	10615
175	-144	45	10660	175	-144	45	10660	175	-144	45	10660	175	-144	45	10660	175	-144	45	10660	175	-144	45	10660	175	-144	45	10660	175	-144	45	10660	175	-144	45	10660	175	-144	45	10660	175	-144	45	10660	175	-144	45	10660	175	-144	45	10660	175	-144	45	10660	175	-144	45	10660	175	-144	45	10660	175	-144	45	10660	175	-144	45	10660	175	-144	45	10660	175	-144	45	10660	175	-144	45	10660	175	-144	45	10660	175	-144	45	10660	175	-144	45	10660	175	-144	45	10660
176	-133	34	10694	176	-133	34	10694	176	-133	34	10694	176	-133	34	10694	176	-133	34	10694	176	-133	34	10694	176	-133	34	10694	176	-133	34	10694	176	-133	34	10694	176	-133	34	10694	176	-133	34	10694	176	-133	34	10694	176	-133	34	10694	176	-133	34	10694	176	-133	34	10694	176	-133	34	10694	176	-133	34	10694	176	-133	34	10694	176	-133	34	10694	176	-133	34	10694	176	-133	34	10694	176	-133	34	10694	176	-133	34	10694	176	-133	34	10694	176	-133	34	10694
177	-22	22	10716	177	-22	22	10716	177	-22	22	10716	177	-22	22	10716	177	-22	22	10716	177	-22	22	10716	177	-22	22	10716	177	-22	22	10716	177	-22	22	10716	177	-22	22	10716	177	-22	22	10716	177	-22	22	10716	177	-22	22	10716	177	-22	22	10716	177	-22	22	10716	177	-22	22	10716	177	-22	22	10716	177	-22	22	10716	177	-22	22	10716	177	-22	22	10716	177	-22	22	10716	177	-22	22	10716	177	-22	22	10716	177	-22	22	10716	177	-22	22	10716
178	-27	27	10743	178	-27	27	10743	178	-27	27	10743	178	-27	27	10743	178	-27	27	10743	178	-27	27	10743	178	-27	27	10743	178	-27	27	10743	178	-27	27	10743	178	-27	27	10743	178	-27	27	10743	178	-27	27	10743	178	-27	27	10743	178	-27	27	10743	178	-27	27	10743	178	-27	27	10743	178	-27	27	10743	178	-27	27	10743	178	-27	27	10743	178	-27	27	10743	178	-27	27	10743	178	-27	27	10743	178	-27	27	10743	178	-27	27	10743	178	-27	27	10743
179	-26	26	10769	179	-26	26	10769	179	-26	26	10769	179	-26	26	10769	179	-26	26	10769	179	-26	26	10769	179	-26	26	10769	179	-26	26	10769	179	-26	26	10769	179	-26	26	10769	179	-26	26	10769	179	-26	26	10769	179	-26	26	10769	179	-26	26	10769	179	-26	26	10769	179	-26	26	10769	179	-26	26	10769	179	-26	26	10769	179	-26	26	10769	179	-26	26	10769	179	-26	26	10769	179	-26	26	10769	179	-26	26	10769	179	-26	26	10769	179	-26	26	10769
180	-25	25	10794	180	-25	25	10794	180	-25	25	10794	180	-25	25	10794	180	-25	25	10794	180	-25	25	10794	180	-25	25	10794	180	-25	25	10794	180	-25	25	10794	180	-25	25	10794	180	-25	25	10794	180	-25	25	10794	180	-25	25	10794	180	-25	25	10794	180	-25	25	10794	180	-25	25	10794	180	-25	25	10794	180	-25	25	10794	180	-25	25	10794	180	-25	25	10794	180	-25	25	10794	180	-25	25	10794	180	-25	25	10794	180	-25	25	10794	180	-25	25	10794
181	-29	29	10823	181	-29	29	10823	181	-29	29	10823	181	-29	29	10823	181	-29	29	10823	181	-29	29	10823	181	-29	29	10823	181	-29	29	10823	181	-29	29	10823	181	-29	29	10823	181	-29	29	10823	181	-29	29	10823	181	-29	29	10823	181	-29	29	10823	181	-29	29	10823	181	-29	29	10823	181	-29	29	10823	181	-29	29	10823	181	-29	29	10823	181	-29	29	10823	181	-29	29	10823	181	-29	29	10823	181	-29	29	10823	181	-29	29	10823	181	-29	29	10823
182	-16	16	10839	182	-16	16	10839	182	-16	16	10839	182	-16	16	10839	182	-16	16	10839	182	-16	16	10839	182	-16	16	10839	182	-16	16	10839	182	-16	16	10839	182	-16	16	10839	182	-16	16	10839	182	-16	16	10839	182	-16	16	10839	182	-16	16	10839	182	-16	16	10839	182	-16	16	10839	182	-16	16	10839	182	-16	16	10839	182	-16	16	10839	182	-16	16	10839	182	-16	16	10839	182	-16	16	10839	182	-16	16	10839	182	-16	16	10839	182	-16	16	10839
183	-16	16	10855	183	-16	16	10855	183	-16	16	10855	183	-16	16	10855	183	-16	16	10855	183	-16	16	10855	183	-16	16	10855	183	-16	16	10855	183	-16	16	10855	183	-16	16	10855	183	-16	16	10855	183	-16	16	10855	183	-16	16	10855	183	-16	16	10855	183	-16	16	10855	183	-16	16	10855	183	-16	16	10855	183	-16	16	10855	183	-16	16	10855	183	-16	16	10855	183	-16	16	10855	183	-16	16	10855	183	-16	16	10855	183	-16	16	10855	183	-16	16	10855
184	-31	31	10886	184	-31	31	10886	184	-31	31	10886	184	-31	31	10886	184	-31	31	10886	184	-31	31	10886	184	-31	31	10886	184	-31	31	10886	184	-31	31	10886	184	-31	31	10886	184	-31	31	10886	184	-31	31	10886	184	-31	31	10886	184	-31	31	10886	184	-31	31	10886	184	-31	31	10886	184	-31	31	10886	184	-31	31	10886	184	-31	31	10886	184	-31	31	10886	184	-31	31	10886	184	-31	31	10886	184	-31	31	10886	184	-31	31	10886	184	-31	31	10886
185	-147	48	10934	185	-147	48	10934	185	-147	48	10934	185	-147	48	10934	185	-147	48	10934	185	-147	48	10934	185	-147	48	10934	185	-147	48	10934	185	-147	48	10934	185	-147	48	10934	185	-147	48	10934	185	-147	48	10934	185	-147	48	10934	185	-147	48	10934	185	-147	48	10934	185	-147	48	10934	185	-147	48	10934	185	-147	48	10934	185	-147	48	10934	185	-147	48	10934	185	-147	48	10934	185	-147	48	10934	185	-147	48	10934	185	-147	48	10934	185	-147	48	10934
186	-18	18	10952	186	-18	18	10952	186	-18	18	10952	186	-18	18	10952	186	-18	18	10952	186	-18	18	10952	186	-18	18	10952	186	-18	18	10952	186	-18	18	10952	186	-18	18	10952	186	-18	18	10952	186	-18	18	10952	186	-18	18	10952	186	-18	18	10952	186	-18	18	10952	186	-18	18	10952	186	-18	18	10952	186	-18	18	10952	186	-18	18	10952	186	-18	18	10952	186	-18	18	10952	186	-18	18	10952	186	-18	18	10952	186	-18	18	10952	186	-18	18	10952
187	-21	21	10973	187	-21	21	10973	187	-21	21	10973	187	-21	21	10973	187	-21	21	10973	187	-21	21	10973	187	-21	21	10973	187	-21	21	10973	187	-21	21	10973	187	-21	21	10973	187	-21	21	10973	187	-21	21	10973	187	-21	21	10973	187	-21	21	10973	187	-21	21	10973	187	-21	21	10973	187	-21	21	10973	187	-21	21	10973	187	-21	21	10973	187	-21	21	10973	187	-21	21	10973	187	-21	21	10973	187	-21	21	10973	187	-21	21	10973	187	-21	21	10973
188	-26	26	10999	188	-26	26	10999	188	-26	26	10999	188	-26	26	10999	188	-26	26	10999	188	-26	26	10999	188	-26	26	10999	188	-26	26	10999	188	-26	26	10999	188	-26	26	10999	188	-26	26	10999	188	-26	26	10999	188	-26	26	10999	188	-26	26	10999	188	-26	26	10999	188	-26	26	10999	188	-26	26	10999	188	-26	26	10999	188	-26	26	10999	188	-26	26	10999	188	-26	26	10999	188	-26	26	10999	188	-26	26	10999	188	-26	26	10999	188	-26	26	10999
189	-15	15	11014	189	-15	15	11014	189	-15	15	11014	189	-15	15	11014	189	-15	15	11014	189	-15	15	11014	189	-15	15	11014	189	-15	15	11014	189	-15	15	11014	189	-15	15	11014	189	-15	15	11014	189	-15	15	11014	189	-15	15	11014	189	-15	15	11014	189	-15	15	11014	189	-15	15	11014	189	-15	15	11014	189	-15	15	11014	189	-15	15	11014	189	-15	15	11014	189	-15	15	11014	189	-15	15	11014	189	-15	15	11014	189	-15	15	11014	189	-15	15	11014
190	-138	39	11053	190	-138	39	11053	190	-138	39	11053	190	-138	39	11053	190	-138	39	11053	190	-138	39	11053	190	-138	39	11053	190	-138	39	11053	190	-138	39	11053	190	-138	39	11053	190	-138	39	11053	190	-138	39	11053	190	-138	39	11053	190	-138	39	11053	190	-138	39	11053	190	-138	39	11053	190	-138	39	11053	190	-138	39	11053	190	-138	39	11053	190	-138	39	11053	190	-138	39	11053	190	-138	39	11053	190	-138	39	11053	190	-138	39	11053	190	-138	39	11053
191	-24	24	11077	191	-24	24	11077	191	-24	24	11077	191	-24	24	11077	191	-24	24	11077	191	-24	24	11077	191	-24	24	11077	191	-24	24	11077	191	-24	24	11077	191	-24	24	11077	191	-24	24	11077	191	-24	24	11077	191	-24	24	11077	191	-24	24	11077	191	-24	24	11077	191	-24	24	11077	191	-24	24	11077	191	-24	24	11077	191	-24	24	11077	191	-24	24	11077	191	-24	24	11077	191	-24	24	11077	191	-24	24	11077	191	-24	24	11077	191	-24	24	11077
192	-16	16	11093	192	-16	16	11093	192	-16	16	11093	192	-16	16	11093	192	-16	16	11093	192	-16	16	11093	192	-16	16	11093	192	-16	16	11093	192	-16	16	11093	192	-16	16	11093	192	-16	16	11093	192	-16	16	11093	192	-16	16	11093	192	-16	16	11093	192	-16	16	11093	192	-16	16	11093	192	-16	16	11093	192	-16	16	11093	192	-16	16	11093	192	-16	16	11093	192	-16	16	11093	192	-16	16	11093	192	-16	16	11093	192	-16	16	11093	192	-16	16	11093
193	-19	19	11112	193	-19	19	11112	193	-19	19	11112	193	-19	19	11112	193	-19	19	11112	193	-19	19	11112	193	-19	19	11112	193	-19	19	11112	193	-19	19	11112	193	-19	19	11112	193	-19	19	11112	193	-19	19	11112	193	-19	19	11112	193	-19	19	11112	193	-19	19	11112	193	-19	19	11112	193	-19	19	11112	193	-19	19	11112	193	-19	19	11112	193	-19	19	11112	193	-19	19	11112	193	-19	19	11112	193	-19	19	11112	193	-19	19	11112	193	-19	19	11112
194	-17	17	11129	194	-17	17	11129	194	-17	17	11129	194	-17	17	11129	194	-17	17	11129	194	-17	17	11129	194	-17	17	11129	194	-17	17	11129	194	-17	17	11129	194	-17	17	11129	194	-17	17	11129	194	-17	17	11129	194	-17	17	11129	194	-17	17	11129	194	-17	17	11129	194	-17	17	11129	194	-17	17	11129	194	-17	17	11129	194	-17	17	11129	194	-17	17	11129	194	-17	17	11129	194	-17	17	11129	194	-17	17	11129	194	-17	17	11129	194	-17	17	11129
195	-125	26	11155	195	-125	26	11155	195	-125	26	11155	195	-125	26	11155	195	-125	26	11155	195	-125	26	11155	195	-125	26	11155	195	-125	26	11155	195	-125	26	11155	195	-125	26	11155	195	-125	26	11155	195	-125	26	11155	195	-125	26	11155	195	-125	26	11155	195	-125	26	11155	195	-125	26	11155	195	-125	26	11155	195	-125	26	11155	195	-125	26	11155	195	-125	26	11155	195	-125	26	11155	195	-125	26	11155	195	-125	26	11155	195	-125	26	11155	195	-125	26	11155
196	-19	19	11174	196	-19	19	11174	196	-19	19	11174	196	-19	19	11174	196	-19	19	11174	196	-19	19	11174	196	-19	19	11174	196	-19	19	11174	196	-19	19	11174	196	-19	19	11174	196	-19	19	11174	196	-19	19	11174	196	-19	19	11174	196	-19	19	11174	196	-19	19	11174	196	-19	19	11174	196	-19	19	11174	196	-19	19	11174	196	-19	19	11174	196	-19	19	11174	196	-19	19	11174	196	-19	19	11174	196	-19	19	11174	196	-19	19	11174	196	-19	19	11174
197	-27	27	11201	197	-27	27	11201	197	-27	27	11201	197	-27	27	11201	197	-27	27	11201	197	-27	27	11201	197	-27	27	11201	197	-27	27	11201	197	-27	27	11201	197	-27	27	11201	197	-27	27	11201	197	-27	27	11201	197	-27	27	11201	197	-27	27	11201	197	-27	27	11201	197	-27	27	11201	197	-27	27	11201	197	-27	27	11201	197	-27	27	11201	197	-27	27	11201	197	-27	27	11201	197	-27	27	11201	197	-27	27	11201	197	-27	27	11201	197	-27	27	11201
198	-117	18	11219	198	-117	18	11219	198	-117	18	11219	198	-117	18	11219	198	-117	18	11219	198	-117	18	11219	198	-117	18	11219	198	-117	18	11219	198	-117	18	11219	198	-117	18	11219	198	-117	18	11219	198	-117	18	11219	198	-117	18	11219	198	-117	18	11219	198	-117	18	11219	198	-117	18	11219	198	-117	18	11219	198	-117	18	11219	198	-117	18	11219	198	-117	18	11219	198	-117	18	11219	198	-117	18	11219	198	-117	18	11219	198	-117	18	11219	198	-117	18	11219
199	-136	37	11256	199	-136	37	11256	199	-136	37	11256	199	-136	37	11256	199	-136	37	11256	199	-136	37	11256	199	-136	37	11256	199	-136	37	11256	199	-136	37	11256	199	-136	37	11256	199	-136	37	11256	199	-136	37	11256	199	-136	37	11256	199	-136	37	11256	199	-136	37	11256	199	-136	37	11256	199	-136	37	11256	199	-136	37	11256	199	-136	37	11256	199	-136	37	11256	199	-136	37	11256	199	-136	37	11256	199	-136	37	11256	199	-136	37	11256	199	-136	37	11256
