Episode	Accumulated Reward	Length	Steps	Episode	Accumulated Reward	Length	Steps	Episode	Accumulated Reward	Length	Steps	Episode	Accumulated Reward	Length	Steps	Episode	Accumulated Reward	Length	Steps	Episode	Accumulated Reward	Length	Steps	Episode	Accumulated Reward	Length	Steps	Episode	Accumulated Reward	Length	Steps	Episode	Accumulated Reward	Length	Steps	Episode	Accumulated Reward	Length	Steps	Episode	Accumulated Reward	Length	Steps	Episode	Accumulated Reward	Length	Steps	Episode	Accumulated Reward	Length	Steps	Episode	Accumulated Reward	Length	Steps	Episode	Accumulated Reward	Length	Steps	Episode	Accumulated Reward	Length	Steps	Episode	Accumulated Reward	Length	Steps
0	-219	21	21	0	-219	21	21	0	-219	21	21	0	-219	21	21	0	-219	21	21	0	-219	21	21	0	-219	21	21	0	-219	21	21	0	-219	21	21	0	-219	21	21	0	-219	21	21	0	-219	21	21	0	-219	21	21	0	-219	21	21	0	-219	21	21	0	-219	21	21	0	-219	21	21
1	-220	22	43	1	-220	22	43	1	-220	22	43	1	-220	22	43	1	-220	22	43	1	-220	22	43	1	-220	22	43	1	-220	22	43	1	-220	22	43	1	-220	22	43	1	-220	22	43	1	-220	22	43	1	-220	22	43	1	-220	22	43	1	-220	22	43	1	-220	22	43	1	-220	22	43
2	-13	13	56	2	-13	13	56	2	-13	13	56	2	-13	13	56	2	-13	13	56	2	-13	13	56	2	-13	13	56	2	-13	13	56	2	-13	13	56	2	-13	13	56	2	-13	13	56	2	-13	13	56	2	-13	13	56	2	-13	13	56	2	-13	13	56	2	-13	13	56	2	-13	13	56
3	-15	15	71	3	-15	15	71	3	-15	15	71	3	-15	15	71	3	-15	15	71	3	-15	15	71	3	-15	15	71	3	-15	15	71	3	-15	15	71	3	-15	15	71	3	-15	15	71	3	-15	15	71	3	-15	15	71	3	-15	15	71	3	-15	15	71	3	-15	15	71	3	-15	15	71
4	-13	13	84	4	-13	13	84	4	-13	13	84	4	-13	13	84	4	-13	13	84	4	-13	13	84	4	-13	13	84	4	-13	13	84	4	-13	13	84	4	-13	13	84	4	-13	13	84	4	-13	13	84	4	-13	13	84	4	-13	13	84	4	-13	13	84	4	-13	13	84	4	-13	13	84
5	-13	13	97	5	-13	13	97	5	-13	13	97	5	-13	13	97	5	-13	13	97	5	-13	13	97	5	-13	13	97	5	-13	13	97	5	-13	13	97	5	-13	13	97	5	-13	13	97	5	-13	13	97	5	-13	13	97	5	-13	13	97	5	-13	13	97	5	-13	13	97	5	-13	13	97
6	-13	13	110	6	-13	13	110	6	-13	13	110	6	-13	13	110	6	-13	13	110	6	-13	13	110	6	-13	13	110	6	-13	13	110	6	-13	13	110	6	-13	13	110	6	-13	13	110	6	-13	13	110	6	-13	13	110	6	-13	13	110	6	-13	13	110	6	-13	13	110	6	-13	13	110
7	-17	17	127	7	-17	17	127	7	-17	17	127	7	-17	17	127	7	-17	17	127	7	-17	17	127	7	-17	17	127	7	-17	17	127	7	-17	17	127	7	-17	17	127	7	-17	17	127	7	-17	17	127	7	-17	17	127	7	-17	17	127	7	-17	17	127	7	-17	17	127	7	-17	17	127
8	-13	13	140	8	-13	13	140	8	-13	13	140	8	-13	13	140	8	-13	13	140	8	-13	13	140	8	-13	13	140	8	-13	13	140	8	-13	13	140	8	-13	13	140	8	-13	13	140	8	-13	13	140	8	-13	13	140	8	-13	13	140	8	-13	13	140	8	-13	13	140	8	-13	13	140
9	-117	18	158	9	-117	18	158	9	-117	18	158	9	-117	18	158	9	-117	18	158	9	-117	18	158	9	-117	18	158	9	-117	18	158	9	-117	18	158	9	-117	18	158	9	-117	18	158	9	-117	18	158	9	-117	18	158	9	-117	18	158	9	-117	18	158	9	-117	18	158	9	-117	18	158
10	-21	21	179	10	-21	21	179	10	-21	21	179	10	-21	21	179	10	-21	21	179	10	-21	21	179	10	-21	21	179	10	-21	21	179	10	-21	21	179	10	-21	21	179	10	-21	21	179	10	-21	21	179	10	-21	21	179	10	-21	21	179	10	-21	21	179	10	-21	21	179	10	-21	21	179
11	-122	23	202	11	-122	23	202	11	-122	23	202	11	-122	23	202	11	-122	23	202	11	-122	23	202	11	-122	23	202	11	-122	23	202	11	-122	23	202	11	-122	23	202	11	-122	23	202	11	-122	23	202	11	-122	23	202	11	-122	23	202	11	-122	23	202	11	-122	23	202	11	-122	23	202
12	-15	15	217	12	-15	15	217	12	-15	15	217	12	-15	15	217	12	-15	15	217	12	-15	15	217	12	-15	15	217	12	-15	15	217	12	-15	15	217	12	-15	15	217	12	-15	15	217	12	-15	15	217	12	-15	15	217	12	-15	15	217	12	-15	15	217	12	-15	15	217	12	-15	15	217
13	-14	14	231	13	-14	14	231	13	-14	14	231	13	-14	14	231	13	-14	14	231	13	-14	14	231	13	-14	14	231	13	-14	14	231	13	-14	14	231	13	-14	14	231	13	-14	14	231	13	-14	14	231	13	-14	14	231	13	-14	14	231	13	-14	14	231	13	-14	14	231	13	-14	14	231
14	-15	15	246	14	-15	15	246	14	-15	15	246	14	-15	15	246	14	-15	15	246	14	-15	15	246	14	-15	15	246	14	-15	15	246	14	-15	15	246	14	-15	15	246	14	-15	15	246	14	-15	15	246	14	-15	15	246	14	-15	15	246	14	-15	15	246	14	-15	15	246	14	-15	15	246
15	-16	16	262	15	-16	16	262	15	-16	16	262	15	-16	16	262	15	-16	16	262	15	-16	16	262	15	-16	16	262	15	-16	16	262	15	-16	16	262	15	-16	16	262	15	-16	16	262	15	-16	16	262	15	-16	16	262	15	-16	16	262	15	-16	16	262	15	-16	16	262	15	-16	16	262
16	-17	17	279	16	-17	17	279	16	-17	17	279	16	-17	17	279	16	-17	17	279	16	-17	17	279	16	-17	17	279	16	-17	17	279	16	-17	17	279	16	-17	17	279	16	-17	17	279	16	-17	17	279	16	-17	17	279	16	-17	17	279	16	-17	17	279	16	-17	17	279	16	-17	17	279
17	-15	15	294	17	-15	15	294	17	-15	15	294	17	-15	15	294	17	-15	15	294	17	-15	15	294	17	-15	15	294	17	-15	15	294	17	-15	15	294	17	-15	15	294	17	-15	15	294	17	-15	15	294	17	-15	15	294	17	-15	15	294	17	-15	15	294	17	-15	15	294	17	-15	15	294
18	-15	15	309	18	-15	15	309	18	-15	15	309	18	-15	15	309	18	-15	15	309	18	-15	15	309	18	-15	15	309	18	-15	15	309	18	-15	15	309	18	-15	15	309	18	-15	15	309	18	-15	15	309	18	-15	15	309	18	-15	15	309	18	-15	15	309	18	-15	15	309	18	-15	15	309
19	-17	17	326	19	-17	17	326	19	-17	17	326	19	-17	17	326	19	-17	17	326	19	-17	17	326	19	-17	17	326	19	-17	17	326	19	-17	17	326	19	-17	17	326	19	-17	17	326	19	-17	17	326	19	-17	17	326	19	-17	17	326	19	-17	17	326	19	-17	17	326	19	-17	17	326
20	-19	19	345	20	-19	19	345	20	-19	19	345	20	-19	19	345	20	-19	19	345	20	-19	19	345	20	-19	19	345	20	-19	19	345	20	-19	19	345	20	-19	19	345	20	-19	19	345	20	-19	19	345	20	-19	19	345	20	-19	19	345	20	-19	19	345	20	-19	19	345	20	-19	19	345
21	-17	17	362	21	-17	17	362	21	-17	17	362	21	-17	17	362	21	-17	17	362	21	-17	17	362	21	-17	17	362	21	-17	17	362	21	-17	17	362	21	-17	17	362	21	-17	17	362	21	-17	17	362	21	-17	17	362	21	-17	17	362	21	-17	17	362	21	-17	17	362	21	-17	17	362
22	-15	15	377	22	-15	15	377	22	-15	15	377	22	-15	15	377	22	-15	15	377	22	-15	15	377	22	-15	15	377	22	-15	15	377	22	-15	15	377	22	-15	15	377	22	-15	15	377	22	-15	15	377	22	-15	15	377	22	-15	15	377	22	-15	15	377	22	-15	15	377	22	-15	15	377
23	-15	15	392	23	-15	15	392	23	-15	15	392	23	-15	15	392	23	-15	15	392	23	-15	15	392	23	-15	15	392	23	-15	15	392	23	-15	15	392	23	-15	15	392	23	-15	15	392	23	-15	15	392	23	-15	15	392	23	-15	15	392	23	-15	15	392	23	-15	15	392	23	-15	15	392
24	-14	14	406	24	-14	14	406	24	-14	14	406	24	-14	14	406	24	-14	14	406	24	-14	14	406	24	-14	14	406	24	-14	14	406	24	-14	14	406	24	-14	14	406	24	-14	14	406	24	-14	14	406	24	-14	14	406	24	-14	14	406	24	-14	14	406	24	-14	14	406	24	-14	14	406
25	-15	15	421	25	-15	15	421	25	-15	15	421	25	-15	15	421	25	-15	15	421	25	-15	15	421	25	-15	15	421	25	-15	15	421	25	-15	15	421	25	-15	15	421	25	-15	15	421	25	-15	15	421	25	-15	15	421	25	-15	15	421	25	-15	15	421	25	-15	15	421	25	-15	15	421
26	-113	14	435	26	-113	14	435	26	-113	14	435	26	-113	14	435	26	-113	14	435	26	-113	14	435	26	-113	14	435	26	-113	14	435	26	-113	14	435	26	-113	14	435	26	-113	14	435	26	-113	14	435	26	-113	14	435	26	-113	14	435	26	-113	14	435	26	-113	14	435	26	-113	14	435
27	-15	15	450	27	-15	15	450	27	-15	15	450	27	-15	15	450	27	-15	15	450	27	-15	15	450	27	-15	15	450	27	-15	15	450	27	-15	15	450	27	-15	15	450	27	-15	15	450	27	-15	15	450	27	-15	15	450	27	-15	15	450	27	-15	15	450	27	-15	15	450	27	-15	15	450
28	-131	32	482	28	-131	32	482	28	-131	32	482	28	-131	32	482	28	-131	32	482	28	-131	32	482	28	-131	32	482	28	-131	32	482	28	-131	32	482	28	-131	32	482	28	-131	32	482	28	-131	32	482	28	-131	32	482	28	-131	32	482	28	-131	32	482	28	-131	32	482	28	-131	32	482
29	-15	15	497	29	-15	15	497	29	-15	15	497	29	-15	15	497	29	-15	15	497	29	-15	15	497	29	-15	15	497	29	-15	15	497	29	-15	15	497	29	-15	15	497	29	-15	15	497	29	-15	15	497	29	-15	15	497	29	-15	15	497	29	-15	15	497	29	-15	15	497	29	-15	15	497
30	-117	18	515	30	-117	18	515	30	-117	18	515	30	-117	18	515	30	-117	18	515	30	-117	18	515	30	-117	18	515	30	-117	18	515	30	-117	18	515	30	-117	18	515	30	-117	18	515	30	-117	18	515	30	-117	18	515	30	-117	18	515	30	-117	18	515	30	-117	18	515	30	-117	18	515
31	-126	27	542	31	-126	27	542	31	-126	27	542	31	-126	27	542	31	-126	27	542	31	-126	27	542	31	-126	27	542	31	-126	27	542	31	-126	27	542	31	-126	27	542	31	-126	27	542	31	-126	27	542	31	-126	27	542	31	-126	27	542	31	-126	27	542	31	-126	27	542	31	-126	27	542
32	-13	13	555	32	-13	13	555	32	-13	13	555	32	-13	13	555	32	-13	13	555	32	-13	13	555	32	-13	13	555	32	-13	13	555	32	-13	13	555	32	-13	13	555	32	-13	13	555	32	-13	13	555	32	-13	13	555	32	-13	13	555	32	-13	13	555	32	-13	13	555	32	-13	13	555
33	-13	13	568	33	-13	13	568	33	-13	13	568	33	-13	13	568	33	-13	13	568	33	-13	13	568	33	-13	13	568	33	-13	13	568	33	-13	13	568	33	-13	13	568	33	-13	13	568	33	-13	13	568	33	-13	13	568	33	-13	13	568	33	-13	13	568	33	-13	13	568	33	-13	13	568
34	-17	17	585	34	-17	17	585	34	-17	17	585	34	-17	17	585	34	-17	17	585	34	-17	17	585	34	-17	17	585	34	-17	17	585	34	-17	17	585	34	-17	17	585	34	-17	17	585	34	-17	17	585	34	-17	17	585	34	-17	17	585	34	-17	17	585	34	-17	17	585	34	-17	17	585
35	-15	15	600	35	-15	15	600	35	-15	15	600	35	-15	15	600	35	-15	15	600	35	-15	15	600	35	-15	15	600	35	-15	15	600	35	-15	15	600	35	-15	15	600	35	-15	15	600	35	-15	15	600	35	-15	15	600	35	-15	15	600	35	-15	15	600	35	-15	15	600	35	-15	15	600
36	-13	13	613	36	-13	13	613	36	-13	13	613	36	-13	13	613	36	-13	13	613	36	-13	13	613	36	-13	13	613	36	-13	13	613	36	-13	13	613	36	-13	13	613	36	-13	13	613	36	-13	13	613	36	-13	13	613	36	-13	13	613	36	-13	13	613	36	-13	13	613	36	-13	13	613
37	-17	17	630	37	-17	17	630	37	-17	17	630	37	-17	17	630	37	-17	17	630	37	-17	17	630	37	-17	17	630	37	-17	17	630	37	-17	17	630	37	-17	17	630	37	-17	17	630	37	-17	17	630	37	-17	17	630	37	-17	17	630	37	-17	17	630	37	-17	17	630	37	-17	17	630
38	-13	13	643	38	-13	13	643	38	-13	13	643	38	-13	13	643	38	-13	13	643	38	-13	13	643	38	-13	13	643	38	-13	13	643	38	-13	13	643	38	-13	13	643	38	-13	13	643	38	-13	13	643	38	-13	13	643	38	-13	13	643	38	-13	13	643	38	-13	13	643	38	-13	13	643
39	-14	14	657	39	-14	14	657	39	-14	14	657	39	-14	14	657	39	-14	14	657	39	-14	14	657	39	-14	14	657	39	-14	14	657	39	-14	14	657	39	-14	14	657	39	-14	14	657	39	-14	14	657	39	-14	14	657	39	-14	14	657	39	-14	14	657	39	-14	14	657	39	-14	14	657
40	-230	32	689	40	-230	32	689	40	-230	32	689	40	-230	32	689	40	-230	32	689	40	-230	32	689	40	-230	32	689	40	-230	32	689	40	-230	32	689	40	-230	32	689	40	-230	32	689	40	-230	32	689	40	-230	32	689	40	-230	32	689	40	-230	32	689	40	-230	32	689	40	-230	32	689
41	-13	13	702	41	-13	13	702	41	-13	13	702	41	-13	13	702	41	-13	13	702	41	-13	13	702	41	-13	13	702	41	-13	13	702	41	-13	13	702	41	-13	13	702	41	-13	13	702	41	-13	13	702	41	-13	13	702	41	-13	13	702	41	-13	13	702	41	-13	13	702	41	-13	13	702
42	-13	13	715	42	-13	13	715	42	-13	13	715	42	-13	13	715	42	-13	13	715	42	-13	13	715	42	-13	13	715	42	-13	13	715	42	-13	13	715	42	-13	13	715	42	-13	13	715	42	-13	13	715	42	-13	13	715	42	-13	13	715	42	-13	13	715	42	-13	13	715	42	-13	13	715
43	-15	15	730	43	-15	15	730	43	-15	15	730	43	-15	15	730	43	-15	15	730	43	-15	15	730	43	-15	15	730	43	-15	15	730	43	-15	15	730	43	-15	15	730	43	-15	15	730	43	-15	15	730	43	-15	15	730	43	-15	15	730	43	-15	15	730	43	-15	15	730	43	-15	15	730
44	-121	22	752	44	-121	22	752	44	-121	22	752	44	-121	22	752	44	-121	22	752	44	-121	22	752	44	-121	22	752	44	-121	22	752	44	-121	22	752	44	-121	22	752	44	-121	22	752	44	-121	22	752	44	-121	22	752	44	-121	22	752	44	-121	22	752	44	-121	22	752	44	-121	22	752
45	-13	13	765	45	-13	13	765	45	-13	13	765	45	-13	13	765	45	-13	13	765	45	-13	13	765	45	-13	13	765	45	-13	13	765	45	-13	13	765	45	-13	13	765	45	-13	13	765	45	-13	13	765	45	-13	13	765	45	-13	13	765	45	-13	13	765	45	-13	13	765	45	-13	13	765
46	-13	13	778	46	-13	13	778	46	-13	13	778	46	-13	13	778	46	-13	13	778	46	-13	13	778	46	-13	13	778	46	-13	13	778	46	-13	13	778	46	-13	13	778	46	-13	13	778	46	-13	13	778	46	-13	13	778	46	-13	13	778	46	-13	13	778	46	-13	13	778	46	-13	13	778
47	-13	13	791	47	-13	13	791	47	-13	13	791	47	-13	13	791	47	-13	13	791	47	-13	13	791	47	-13	13	791	47	-13	13	791	47	-13	13	791	47	-13	13	791	47	-13	13	791	47	-13	13	791	47	-13	13	791	47	-13	13	791	47	-13	13	791	47	-13	13	791	47	-13	13	791
48	-15	15	806	48	-15	15	806	48	-15	15	806	48	-15	15	806	48	-15	15	806	48	-15	15	806	48	-15	15	806	48	-15	15	806	48	-15	15	806	48	-15	15	806	48	-15	15	806	48	-15	15	806	48	-15	15	806	48	-15	15	806	48	-15	15	806	48	-15	15	806	48	-15	15	806
49	-13	13	819	49	-13	13	819	49	-13	13	819	49	-13	13	819	49	-13	13	819	49	-13	13	819	49	-13	13	819	49	-13	13	819	49	-13	13	819	49	-13	13	819	49	-13	13	819	49	-13	13	819	49	-13	13	819	49	-13	13	819	49	-13	13	819	49	-13	13	819	49	-13	13	819
50	-17	17	836	50	-17	17	836	50	-17	17	836	50	-17	17	836	50	-17	17	836	50	-17	17	836	50	-17	17	836	50	-17	17	836	50	-17	17	836	50	-17	17	836	50	-17	17	836	50	-17	17	836	50	-17	17	836	50	-17	17	836	50	-17	17	836	50	-17	17	836	50	-17	17	836
51	-13	13	849	51	-13	13	849	51	-13	13	849	51	-13	13	849	51	-13	13	849	51	-13	13	849	51	-13	13	849	51	-13	13	849	51	-13	13	849	51	-13	13	849	51	-13	13	849	51	-13	13	849	51	-13	13	849	51	-13	13	849	51	-13	13	849	51	-13	13	849	51	-13	13	849
52	-15	15	864	52	-15	15	864	52	-15	15	864	52	-15	15	864	52	-15	15	864	52	-15	15	864	52	-15	15	864	52	-15	15	864	52	-15	15	864	52	-15	15	864	52	-15	15	864	52	-15	15	864	52	-15	15	864	52	-15	15	864	52	-15	15	864	52	-15	15	864	52	-15	15	864
53	-13	13	877	53	-13	13	877	53	-13	13	877	53	-13	13	877	53	-13	13	877	53	-13	13	877	53	-13	13	877	53	-13	13	877	53	-13	13	877	53	-13	13	877	53	-13	13	877	53	-13	13	877	53	-13	13	877	53	-13	13	877	53	-13	13	877	53	-13	13	877	53	-13	13	877
54	-15	15	892	54	-15	15	892	54	-15	15	892	54	-15	15	892	54	-15	15	892	54	-15	15	892	54	-15	15	892	54	-15	15	892	54	-15	15	892	54	-15	15	892	54	-15	15	892	54	-15	15	892	54	-15	15	892	54	-15	15	892	54	-15	15	892	54	-15	15	892	54	-15	15	892
55	-14	14	906	55	-14	14	906	55	-14	14	906	55	-14	14	906	55	-14	14	906	55	-14	14	906	55	-14	14	906	55	-14	14	906	55	-14	14	906	55	-14	14	906	55	-14	14	906	55	-14	14	906	55	-14	14	906	55	-14	14	906	55	-14	14	906	55	-14	14	906	55	-14	14	906
56	-13	13	919	56	-13	13	919	56	-13	13	919	56	-13	13	919	56	-13	13	919	56	-13	13	919	56	-13	13	919	56	-13	13	919	56	-13	13	919	56	-13	13	919	56	-13	13	919	56	-13	13	919	56	-13	13	919	56	-13	13	919	56	-13	13	919	56	-13	13	919	56	-13	13	919
57	-128	29	948	57	-128	29	948	57	-128	29	948	57	-128	29	948	57	-128	29	948	57	-128	29	948	57	-128	29	948	57	-128	29	948	57	-128	29	948	57	-128	29	948	57	-128	29	948	57	-128	29	948	57	-128	29	948	57	-128	29	948	57	-128	29	948	57	-128	29	948	57	-128	29	948
58	-15	15	963	58	-15	15	963	58	-15	15	963	58	-15	15	963	58	-15	15	963	58	-15	15	963	58	-15	15	963	58	-15	15	963	58	-15	15	963	58	-15	15	963	58	-15	15	963	58	-15	15	963	58	-15	15	963	58	-15	15	963	58	-15	15	963	58	-15	15	963	58	-15	15	963
59	-15	15	978	59	-15	15	978	59	-15	15	978	59	-15	15	978	59	-15	15	978	59	-15	15	978	59	-15	15	978	59	-15	15	978	59	-15	15	978	59	-15	15	978	59	-15	15	978	59	-15	15	978	59	-15	15	978	59	-15	15	978	59	-15	15	978	59	-15	15	978	59	-15	15	978
60	-13	13	991	60	-13	13	991	60	-13	13	991	60	-13	13	991	60	-13	13	991	60	-13	13	991	60	-13	13	991	60	-13	13	991	60	-13	13	991	60	-13	13	991	60	-13	13	991	60	-13	13	991	60	-13	13	991	60	-13	13	991	60	-13	13	991	60	-13	13	991	60	-13	13	991
61	-13	13	1004	61	-13	13	1004	61	-13	13	1004	61	-13	13	1004	61	-13	13	1004	61	-13	13	1004	61	-13	13	1004	61	-13	13	1004	61	-13	13	1004	61	-13	13	1004	61	-13	13	1004	61	-13	13	1004	61	-13	13	1004	61	-13	13	1004	61	-13	13	1004	61	-13	13	1004	61	-13	13	1004
62	-13	13	1017	62	-13	13	1017	62	-13	13	1017	62	-13	13	1017	62	-13	13	1017	62	-13	13	1017	62	-13	13	1017	62	-13	13	1017	62	-13	13	1017	62	-13	13	1017	62	-13	13	1017	62	-13	13	1017	62	-13	13	1017	62	-13	13	1017	62	-13	13	1017	62	-13	13	1017	62	-13	13	1017
63	-17	17	1034	63	-17	17	1034	63	-17	17	1034	63	-17	17	1034	63	-17	17	1034	63	-17	17	1034	63	-17	17	1034	63	-17	17	1034	63	-17	17	1034	63	-17	17	1034	63	-17	17	1034	63	-17	17	1034	63	-17	17	1034	63	-17	17	1034	63	-17	17	1034	63	-17	17	1034	63	-17	17	1034
64	-13	13	1047	64	-13	13	1047	64	-13	13	1047	64	-13	13	1047	64	-13	13	1047	64	-13	13	1047	64	-13	13	1047	64	-13	13	1047	64	-13	13	1047	64	-13	13	1047	64	-13	13	1047	64	-13	13	1047	64	-13	13	1047	64	-13	13	1047	64	-13	13	1047	64	-13	13	1047	64	-13	13	1047
65	-19	19	1066	65	-19	19	1066	65	-19	19	1066	65	-19	19	1066	65	-19	19	1066	65	-19	19	1066	65	-19	19	1066	65	-19	19	1066	65	-19	19	1066	65	-19	19	1066	65	-19	19	1066	65	-19	19	1066	65	-19	19	1066	65	-19	19	1066	65	-19	19	1066	65	-19	19	1066	65	-19	19	1066
66	-13	13	1079	66	-13	13	1079	66	-13	13	1079	66	-13	13	1079	66	-13	13	1079	66	-13	13	1079	66	-13	13	1079	66	-13	13	1079	66	-13	13	1079	66	-13	13	1079	66	-13	13	1079	66	-13	13	1079	66	-13	13	1079	66	-13	13	1079	66	-13	13	1079	66	-13	13	1079	66	-13	13	1079
67	-13	13	1092	67	-13	13	1092	67	-13	13	1092	67	-13	13	1092	67	-13	13	1092	67	-13	13	1092	67	-13	13	1092	67	-13	13	1092	67	-13	13	1092	67	-13	13	1092	67	-13	13	1092	67	-13	13	1092	67	-13	13	1092	67	-13	13	1092	67	-13	13	1092	67	-13	13	1092	67	-13	13	1092
68	-13	13	1105	68	-13	13	1105	68	-13	13	1105	68	-13	13	1105	68	-13	13	1105	68	-13	13	1105	68	-13	13	1105	68	-13	13	1105	68	-13	13	1105	68	-13	13	1105	68	-13	13	1105	68	-13	13	1105	68	-13	13	1105	68	-13	13	1105	68	-13	13	1105	68	-13	13	1105	68	-13	13	1105
69	-17	17	1122	69	-17	17	1122	69	-17	17	1122	69	-17	17	1122	69	-17	17	1122	69	-17	17	1122	69	-17	17	1122	69	-17	17	1122	69	-17	17	1122	69	-17	17	1122	69	-17	17	1122	69	-17	17	1122	69	-17	17	1122	69	-17	17	1122	69	-17	17	1122	69	-17	17	1122	69	-17	17	1122
70	-13	13	1135	70	-13	13	1135	70	-13	13	1135	70	-13	13	1135	70	-13	13	1135	70	-13	13	1135	70	-13	13	1135	70	-13	13	1135	70	-13	13	1135	70	-13	13	1135	70	-13	13	1135	70	-13	13	1135	70	-13	13	1135	70	-13	13	1135	70	-13	13	1135	70	-13	13	1135	70	-13	13	1135
71	-232	34	1169	71	-232	34	1169	71	-232	34	1169	71	-232	34	1169	71	-232	34	1169	71	-232	34	1169	71	-232	34	1169	71	-232	34	1169	71	-232	34	1169	71	-232	34	1169	71	-232	34	1169	71	-232	34	1169	71	-232	34	1169	71	-232	34	1169	71	-232	34	1169	71	-232	34	1169	71	-232	34	1169
72	-19	19	1188	72	-19	19	1188	72	-19	19	1188	72	-19	19	1188	72	-19	19	1188	72	-19	19	1188	72	-19	19	1188	72	-19	19	1188	72	-19	19	1188	72	-19	19	1188	72	-19	19	1188	72	-19	19	1188	72	-19	19	1188	72	-19	19	1188	72	-19	19	1188	72	-19	19	1188	72	-19	19	1188
73	-124	25	1213	73	-124	25	1213	73	-124	25	1213	73	-124	25	1213	73	-124	25	1213	73	-124	25	1213	73	-124	25	1213	73	-124	25	1213	73	-124	25	1213	73	-124	25	1213	73	-124	25	1213	73	-124	25	1213	73	-124	25	1213	73	-124	25	1213	73	-124	25	1213	73	-124	25	1213	73	-124	25	1213
74	-13	13	1226	74	-13	13	1226	74	-13	13	1226	74	-13	13	1226	74	-13	13	1226	74	-13	13	1226	74	-13	13	1226	74	-13	13	1226	74	-13	13	1226	74	-13	13	1226	74	-13	13	1226	74	-13	13	1226	74	-13	13	1226	74	-13	13	1226	74	-13	13	1226	74	-13	13	1226	74	-13	13	1226
75	-15	15	1241	75	-15	15	1241	75	-15	15	1241	75	-15	15	1241	75	-15	15	1241	75	-15	15	1241	75	-15	15	1241	75	-15	15	1241	75	-15	15	1241	75	-15	15	1241	75	-15	15	1241	75	-15	15	1241	75	-15	15	1241	75	-15	15	1241	75	-15	15	1241	75	-15	15	1241	75	-15	15	1241
76	-17	17	1258	76	-17	17	1258	76	-17	17	1258	76	-17	17	1258	76	-17	17	1258	76	-17	17	1258	76	-17	17	1258	76	-17	17	1258	76	-17	17	1258	76	-17	17	1258	76	-17	17	1258	76	-17	17	1258	76	-17	17	1258	76	-17	17	1258	76	-17	17	1258	76	-17	17	1258	76	-17	17	1258
77	-17	17	1275	77	-17	17	1275	77	-17	17	1275	77	-17	17	1275	77	-17	17	1275	77	-17	17	1275	77	-17	17	1275	77	-17	17	1275	77	-17	17	1275	77	-17	17	1275	77	-17	17	1275	77	-17	17	1275	77	-17	17	1275	77	-17	17	1275	77	-17	17	1275	77	-17	17	1275	77	-17	17	1275
78	-15	15	1290	78	-15	15	1290	78	-15	15	1290	78	-15	15	1290	78	-15	15	1290	78	-15	15	1290	78	-15	15	1290	78	-15	15	1290	78	-15	15	1290	78	-15	15	1290	78	-15	15	1290	78	-15	15	1290	78	-15	15	1290	78	-15	15	1290	78	-15	15	1290	78	-15	15	1290	78	-15	15	1290
79	-15	15	1305	79	-15	15	1305	79	-15	15	1305	79	-15	15	1305	79	-15	15	1305	79	-15	15	1305	79	-15	15	1305	79	-15	15	1305	79	-15	15	1305	79	-15	15	1305	79	-15	15	1305	79	-15	15	1305	79	-15	15	1305	79	-15	15	1305	79	-15	15	1305	79	-15	15	1305	79	-15	15	1305
80	-13	13	1318	80	-13	13	1318	80	-13	13	1318	80	-13	13	1318	80	-13	13	1318	80	-13	13	1318	80	-13	13	1318	80	-13	13	1318	80	-13	13	1318	80	-13	13	1318	80	-13	13	1318	80	-13	13	1318	80	-13	13	1318	80	-13	13	1318	80	-13	13	1318	80	-13	13	1318	80	-13	13	1318
81	-13	13	1331	81	-13	13	1331	81	-13	13	1331	81	-13	13	1331	81	-13	13	1331	81	-13	13	1331	81	-13	13	1331	81	-13	13	1331	81	-13	13	1331	81	-13	13	1331	81	-13	13	1331	81	-13	13	1331	81	-13	13	1331	81	-13	13	1331	81	-13	13	1331	81	-13	13	1331	81	-13	13	1331
82	-13	13	1344	82	-13	13	1344	82	-13	13	1344	82	-13	13	1344	82	-13	13	1344	82	-13	13	1344	82	-13	13	1344	82	-13	13	1344	82	-13	13	1344	82	-13	13	1344	82	-13	13	1344	82	-13	13	1344	82	-13	13	1344	82	-13	13	1344	82	-13	13	1344	82	-13	13	1344	82	-13	13	1344
83	-13	13	1357	83	-13	13	1357	83	-13	13	1357	83	-13	13	1357	83	-13	13	1357	83	-13	13	1357	83	-13	13	1357	83	-13	13	1357	83	-13	13	1357	83	-13	13	1357	83	-13	13	1357	83	-13	13	1357	83	-13	13	1357	83	-13	13	1357	83	-13	13	1357	83	-13	13	1357	83	-13	13	1357
84	-13	13	1370	84	-13	13	1370	84	-13	13	1370	84	-13	13	1370	84	-13	13	1370	84	-13	13	1370	84	-13	13	1370	84	-13	13	1370	84	-13	13	1370	84	-13	13	1370	84	-13	13	1370	84	-13	13	1370	84	-13	13	1370	84	-13	13	1370	84	-13	13	1370	84	-13	13	1370	84	-13	13	1370
85	-14	14	1384	85	-14	14	1384	85	-14	14	1384	85	-14	14	1384	85	-14	14	1384	85	-14	14	1384	85	-14	14	1384	85	-14	14	1384	85	-14	14	1384	85	-14	14	1384	85	-14	14	1384	85	-14	14	1384	85	-14	14	1384	85	-14	14	1384	85	-14	14	1384	85	-14	14	1384	85	-14	14	1384
86	-21	21	1405	86	-21	21	1405	86	-21	21	1405	86	-21	21	1405	86	-21	21	1405	86	-21	21	1405	86	-21	21	1405	86	-21	21	1405	86	-21	21	1405	86	-21	21	1405	86	-21	21	1405	86	-21	21	1405	86	-21	21	1405	86	-21	21	1405	86	-21	21	1405	86	-21	21	1405	86	-21	21	1405
87	-13	13	1418	87	-13	13	1418	87	-13	13	1418	87	-13	13	1418	87	-13	13	1418	87	-13	13	1418	87	-13	13	1418	87	-13	13	1418	87	-13	13	1418	87	-13	13	1418	87	-13	13	1418	87	-13	13	1418	87	-13	13	1418	87	-13	13	1418	87	-13	13	1418	87	-13	13	1418	87	-13	13	1418
88	-117	18	1436	88	-117	18	1436	88	-117	18	1436	88	-117	18	1436	88	-117	18	1436	88	-117	18	1436	88	-117	18	1436	88	-117	18	1436	88	-117	18	1436	88	-117	18	1436	88	-117	18	1436	88	-117	18	1436	88	-117	18	1436	88	-117	18	1436	88	-117	18	1436	88	-117	18	1436	88	-117	18	1436
89	-118	19	1455	89	-118	19	1455	89	-118	19	1455	89	-118	19	1455	89	-118	19	1455	89	-118	19	1455	89	-118	19	1455	89	-118	19	1455	89	-118	19	1455	89	-118	19	1455	89	-118	19	1455	89	-118	19	1455	89	-118	19	1455	89	-118	19	1455	89	-118	19	1455	89	-118	19	1455	89	-118	19	1455
90	-15	15	1470	90	-15	15	1470	90	-15	15	1470	90	-15	15	1470	90	-15	15	1470	90	-15	15	1470	90	-15	15	1470	90	-15	15	1470	90	-15	15	1470	90	-15	15	1470	90	-15	15	1470	90	-15	15	1470	90	-15	15	1470	90	-15	15	1470	90	-15	15	1470	90	-15	15	1470	90	-15	15	1470
91	-13	13	1483	91	-13	13	1483	91	-13	13	1483	91	-13	13	1483	91	-13	13	1483	91	-13	13	1483	91	-13	13	1483	91	-13	13	1483	91	-13	13	1483	91	-13	13	1483	91	-13	13	1483	91	-13	13	1483	91	-13	13	1483	91	-13	13	1483	91	-13	13	1483	91	-13	13	1483	91	-13	13	1483
92	-13	13	1496	92	-13	13	1496	92	-13	13	1496	92	-13	13	1496	92	-13	13	1496	92	-13	13	1496	92	-13	13	1496	92	-13	13	1496	92	-13	13	1496	92	-13	13	1496	92	-13	13	1496	92	-13	13	1496	92	-13	13	1496	92	-13	13	1496	92	-13	13	1496	92	-13	13	1496	92	-13	13	1496
93	-126	27	1523	93	-126	27	1523	93	-126	27	1523	93	-126	27	1523	93	-126	27	1523	93	-126	27	1523	93	-126	27	1523	93	-126	27	1523	93	-126	27	1523	93	-126	27	1523	93	-126	27	1523	93	-126	27	1523	93	-126	27	1523	93	-126	27	1523	93	-126	27	1523	93	-126	27	1523	93	-126	27	1523
94	-120	21	1544	94	-120	21	1544	94	-120	21	1544	94	-120	21	1544	94	-120	21	1544	94	-120	21	1544	94	-120	21	1544	94	-120	21	1544	94	-120	21	1544	94	-120	21	1544	94	-120	21	1544	94	-120	21	1544	94	-120	21	1544	94	-120	21	1544	94	-120	21	1544	94	-120	21	1544	94	-120	21	1544
95	-15	15	1559	95	-15	15	1559	95	-15	15	1559	95	-15	15	1559	95	-15	15	1559	95	-15	15	1559	95	-15	15	1559	95	-15	15	1559	95	-15	15	1559	95	-15	15	1559	95	-15	15	1559	95	-15	15	1559	95	-15	15	1559	95	-15	15	1559	95	-15	15	1559	95	-15	15	1559	95	-15	15	1559
96	-13	13	1572	96	-13	13	1572	96	-13	13	1572	96	-13	13	1572	96	-13	13	1572	96	-13	13	1572	96	-13	13	1572	96	-13	13	1572	96	-13	13	1572	96	-13	13	1572	96	-13	13	1572	96	-13	13	1572	96	-13	13	1572	96	-13	13	1572	96	-13	13	1572	96	-13	13	1572	96	-13	13	1572
97	-13	13	1585	97	-13	13	1585	97	-13	13	1585	97	-13	13	1585	97	-13	13	1585	97	-13	13	1585	97	-13	13	1585	97	-13	13	1585	97	-13	13	1585	97	-13	13	1585	97	-13	13	1585	97	-13	13	1585	97	-13	13	1585	97	-13	13	1585	97	-13	13	1585	97	-13	13	1585	97	-13	13	1585
98	-17	17	1602	98	-17	17	1602	98	-17	17	1602	98	-17	17	1602	98	-17	17	1602	98	-17	17	1602	98	-17	17	1602	98	-17	17	1602	98	-17	17	1602	98	-17	17	1602	98	-17	17	1602	98	-17	17	1602	98	-17	17	1602	98	-17	17	1602	98	-17	17	1602	98	-17	17	1602	98	-17	17	1602
99	-17	17	1619	99	-17	17	1619	99	-17	17	1619	99	-17	17	1619	99	-17	17	1619	99	-17	17	1619	99	-17	17	1619	99	-17	17	1619	99	-17	17	1619	99	-17	17	1619	99	-17	17	1619	99	-17	17	1619	99	-17	17	1619	99	-17	17	1619	99	-17	17	1619	99	-17	17	1619	99	-17	17	1619
100	-338	41	1660	100	-338	41	1660	100	-338	41	1660	100	-338	41	1660	100	-338	41	1660	100	-338	41	1660	100	-338	41	1660	100	-338	41	1660	100	-338	41	1660	100	-338	41	1660	100	-338	41	1660	100	-338	41	1660	100	-338	41	1660	100	-338	41	1660	100	-338	41	1660	100	-338	41	1660	100	-338	41	1660
101	-13	13	1673	101	-13	13	1673	101	-13	13	1673	101	-13	13	1673	101	-13	13	1673	101	-13	13	1673	101	-13	13	1673	101	-13	13	1673	101	-13	13	1673	101	-13	13	1673	101	-13	13	1673	101	-13	13	1673	101	-13	13	1673	101	-13	13	1673	101	-13	13	1673	101	-13	13	1673	101	-13	13	1673
102	-119	20	1693	102	-119	20	1693	102	-119	20	1693	102	-119	20	1693	102	-119	20	1693	102	-119	20	1693	102	-119	20	1693	102	-119	20	1693	102	-119	20	1693	102	-119	20	1693	102	-119	20	1693	102	-119	20	1693	102	-119	20	1693	102	-119	20	1693	102	-119	20	1693	102	-119	20	1693	102	-119	20	1693
103	-13	13	1706	103	-13	13	1706	103	-13	13	1706	103	-13	13	1706	103	-13	13	1706	103	-13	13	1706	103	-13	13	1706	103	-13	13	1706	103	-13	13	1706	103	-13	13	1706	103	-13	13	1706	103	-13	13	1706	103	-13	13	1706	103	-13	13	1706	103	-13	13	1706	103	-13	13	1706	103	-13	13	1706
104	-16	16	1722	104	-16	16	1722	104	-16	16	1722	104	-16	16	1722	104	-16	16	1722	104	-16	16	1722	104	-16	16	1722	104	-16	16	1722	104	-16	16	1722	104	-16	16	1722	104	-16	16	1722	104	-16	16	1722	104	-16	16	1722	104	-16	16	1722	104	-16	16	1722	104	-16	16	1722	104	-16	16	1722
105	-229	31	1753	105	-229	31	1753	105	-229	31	1753	105	-229	31	1753	105	-229	31	1753	105	-229	31	1753	105	-229	31	1753	105	-229	31	1753	105	-229	31	1753	105	-229	31	1753	105	-229	31	1753	105	-229	31	1753	105	-229	31	1753	105	-229	31	1753	105	-229	31	1753	105	-229	31	1753	105	-229	31	1753
106	-13	13	1766	106	-13	13	1766	106	-13	13	1766	106	-13	13	1766	106	-13	13	1766	106	-13	13	1766	106	-13	13	1766	106	-13	13	1766	106	-13	13	1766	106	-13	13	1766	106	-13	13	1766	106	-13	13	1766	106	-13	13	1766	106	-13	13	1766	106	-13	13	1766	106	-13	13	1766	106	-13	13	1766
107	-13	13	1779	107	-13	13	1779	107	-13	13	1779	107	-13	13	1779	107	-13	13	1779	107	-13	13	1779	107	-13	13	1779	107	-13	13	1779	107	-13	13	1779	107	-13	13	1779	107	-13	13	1779	107	-13	13	1779	107	-13	13	1779	107	-13	13	1779	107	-13	13	1779	107	-13	13	1779	107	-13	13	1779
108	-13	13	1792	108	-13	13	1792	108	-13	13	1792	108	-13	13	1792	108	-13	13	1792	108	-13	13	1792	108	-13	13	1792	108	-13	13	1792	108	-13	13	1792	108	-13	13	1792	108	-13	13	1792	108	-13	13	1792	108	-13	13	1792	108	-13	13	1792	108	-13	13	1792	108	-13	13	1792	108	-13	13	1792
109	-13	13	1805	109	-13	13	1805	109	-13	13	1805	109	-13	13	1805	109	-13	13	1805	109	-13	13	1805	109	-13	13	1805	109	-13	13	1805	109	-13	13	1805	109	-13	13	1805	109	-13	13	1805	109	-13	13	1805	109	-13	13	1805	109	-13	13	1805	109	-13	13	1805	109	-13	13	1805	109	-13	13	1805
110	-224	26	1831	110	-224	26	1831	110	-224	26	1831	110	-224	26	1831	110	-224	26	1831	110	-224	26	1831	110	-224	26	1831	110	-224	26	1831	110	-224	26	1831	110	-224	26	1831	110	-224	26	1831	110	-224	26	1831	110	-224	26	1831	110	-224	26	1831	110	-224	26	1831	110	-224	26	1831	110	-224	26	1831
111	-13	13	1844	111	-13	13	1844	111	-13	13	1844	111	-13	13	1844	111	-13	13	1844	111	-13	13	1844	111	-13	13	1844	111	-13	13	1844	111	-13	13	1844	111	-13	13	1844	111	-13	13	1844	111	-13	13	1844	111	-13	13	1844	111	-13	13	1844	111	-13	13	1844	111	-13	13	1844	111	-13	13	1844
112	-13	13	1857	112	-13	13	1857	112	-13	13	1857	112	-13	13	1857	112	-13	13	1857	112	-13	13	1857	112	-13	13	1857	112	-13	13	1857	112	-13	13	1857	112	-13	13	1857	112	-13	13	1857	112	-13	13	1857	112	-13	13	1857	112	-13	13	1857	112	-13	13	1857	112	-13	13	1857	112	-13	13	1857
113	-222	24	1881	113	-222	24	1881	113	-222	24	1881	113	-222	24	1881	113	-222	24	1881	113	-222	24	1881	113	-222	24	1881	113	-222	24	1881	113	-222	24	1881	113	-222	24	1881	113	-222	24	1881	113	-222	24	1881	113	-222	24	1881	113	-222	24	1881	113	-222	24	1881	113	-222	24	1881	113	-222	24	1881
114	-119	20	1901	114	-119	20	1901	114	-119	20	1901	114	-119	20	1901	114	-119	20	1901	114	-119	20	1901	114	-119	20	1901	114	-119	20	1901	114	-119	20	1901	114	-119	20	1901	114	-119	20	1901	114	-119	20	1901	114	-119	20	1901	114	-119	20	1901	114	-119	20	1901	114	-119	20	1901	114	-119	20	1901
115	-13	13	1914	115	-13	13	1914	115	-13	13	1914	115	-13	13	1914	115	-13	13	1914	115	-13	13	1914	115	-13	13	1914	115	-13	13	1914	115	-13	13	1914	115	-13	13	1914	115	-13	13	1914	115	-13	13	1914	115	-13	13	1914	115	-13	13	1914	115	-13	13	1914	115	-13	13	1914	115	-13	13	1914
116	-15	15	1929	116	-15	15	1929	116	-15	15	1929	116	-15	15	1929	116	-15	15	1929	116	-15	15	1929	116	-15	15	1929	116	-15	15	1929	116	-15	15	1929	116	-15	15	1929	116	-15	15	1929	116	-15	15	1929	116	-15	15	1929	116	-15	15	1929	116	-15	15	1929	116	-15	15	1929	116	-15	15	1929
117	-13	13	1942	117	-13	13	1942	117	-13	13	1942	117	-13	13	1942	117	-13	13	1942	117	-13	13	1942	117	-13	13	1942	117	-13	13	1942	117	-13	13	1942	117	-13	13	1942	117	-13	13	1942	117	-13	13	1942	117	-13	13	1942	117	-13	13	1942	117	-13	13	1942	117	-13	13	1942	117	-13	13	1942
118	-427	31	1973	118	-427	31	1973	118	-427	31	1973	118	-427	31	1973	118	-427	31	1973	118	-427	31	1973	118	-427	31	1973	118	-427	31	1973	118	-427	31	1973	118	-427	31	1973	118	-427	31	1973	118	-427	31	1973	118	-427	31	1973	118	-427	31	1973	118	-427	31	1973	118	-427	31	1973	118	-427	31	1973
119	-13	13	1986	119	-13	13	1986	119	-13	13	1986	119	-13	13	1986	119	-13	13	1986	119	-13	13	1986	119	-13	13	1986	119	-13	13	1986	119	-13	13	1986	119	-13	13	1986	119	-13	13	1986	119	-13	13	1986	119	-13	13	1986	119	-13	13	1986	119	-13	13	1986	119	-13	13	1986	119	-13	13	1986
120	-238	40	2026	120	-238	40	2026	120	-238	40	2026	120	-238	40	2026	120	-238	40	2026	120	-238	40	2026	120	-238	40	2026	120	-238	40	2026	120	-238	40	2026	120	-238	40	2026	120	-238	40	2026	120	-238	40	2026	120	-238	40	2026	120	-238	40	2026	120	-238	40	2026	120	-238	40	2026	120	-238	40	2026
121	-17	17	2043	121	-17	17	2043	121	-17	17	2043	121	-17	17	2043	121	-17	17	2043	121	-17	17	2043	121	-17	17	2043	121	-17	17	2043	121	-17	17	2043	121	-17	17	2043	121	-17	17	2043	121	-17	17	2043	121	-17	17	2043	121	-17	17	2043	121	-17	17	2043	121	-17	17	2043	121	-17	17	2043
122	-116	17	2060	122	-116	17	2060	122	-116	17	2060	122	-116	17	2060	122	-116	17	2060	122	-116	17	2060	122	-116	17	2060	122	-116	17	2060	122	-116	17	2060	122	-116	17	2060	122	-116	17	2060	122	-116	17	2060	122	-116	17	2060	122	-116	17	2060	122	-116	17	2060	122	-116	17	2060	122	-116	17	2060
123	-13	13	2073	123	-13	13	2073	123	-13	13	2073	123	-13	13	2073	123	-13	13	2073	123	-13	13	2073	123	-13	13	2073	123	-13	13	2073	123	-13	13	2073	123	-13	13	2073	123	-13	13	2073	123	-13	13	2073	123	-13	13	2073	123	-13	13	2073	123	-13	13	2073	123	-13	13	2073	123	-13	13	2073
124	-120	21	2094	124	-120	21	2094	124	-120	21	2094	124	-120	21	2094	124	-120	21	2094	124	-120	21	2094	124	-120	21	2094	124	-120	21	2094	124	-120	21	2094	124	-120	21	2094	124	-120	21	2094	124	-120	21	2094	124	-120	21	2094	124	-120	21	2094	124	-120	21	2094	124	-120	21	2094	124	-120	21	2094
125	-13	13	2107	125	-13	13	2107	125	-13	13	2107	125	-13	13	2107	125	-13	13	2107	125	-13	13	2107	125	-13	13	2107	125	-13	13	2107	125	-13	13	2107	125	-13	13	2107	125	-13	13	2107	125	-13	13	2107	125	-13	13	2107	125	-13	13	2107	125	-13	13	2107	125	-13	13	2107	125	-13	13	2107
126	-125	26	2133	126	-125	26	2133	126	-125	26	2133	126	-125	26	2133	126	-125	26	2133	126	-125	26	2133	126	-125	26	2133	126	-125	26	2133	126	-125	26	2133	126	-125	26	2133	126	-125	26	2133	126	-125	26	2133	126	-125	26	2133	126	-125	26	2133	126	-125	26	2133	126	-125	26	2133	126	-125	26	2133
127	-13	13	2146	127	-13	13	2146	127	-13	13	2146	127	-13	13	2146	127	-13	13	2146	127	-13	13	2146	127	-13	13	2146	127	-13	13	2146	127	-13	13	2146	127	-13	13	2146	127	-13	13	2146	127	-13	13	2146	127	-13	13	2146	127	-13	13	2146	127	-13	13	2146	127	-13	13	2146	127	-13	13	2146
128	-15	15	2161	128	-15	15	2161	128	-15	15	2161	128	-15	15	2161	128	-15	15	2161	128	-15	15	2161	128	-15	15	2161	128	-15	15	2161	128	-15	15	2161	128	-15	15	2161	128	-15	15	2161	128	-15	15	2161	128	-15	15	2161	128	-15	15	2161	128	-15	15	2161	128	-15	15	2161	128	-15	15	2161
129	-13	13	2174	129	-13	13	2174	129	-13	13	2174	129	-13	13	2174	129	-13	13	2174	129	-13	13	2174	129	-13	13	2174	129	-13	13	2174	129	-13	13	2174	129	-13	13	2174	129	-13	13	2174	129	-13	13	2174	129	-13	13	2174	129	-13	13	2174	129	-13	13	2174	129	-13	13	2174	129	-13	13	2174
130	-15	15	2189	130	-15	15	2189	130	-15	15	2189	130	-15	15	2189	130	-15	15	2189	130	-15	15	2189	130	-15	15	2189	130	-15	15	2189	130	-15	15	2189	130	-15	15	2189	130	-15	15	2189	130	-15	15	2189	130	-15	15	2189	130	-15	15	2189	130	-15	15	2189	130	-15	15	2189	130	-15	15	2189
131	-13	13	2202	131	-13	13	2202	131	-13	13	2202	131	-13	13	2202	131	-13	13	2202	131	-13	13	2202	131	-13	13	2202	131	-13	13	2202	131	-13	13	2202	131	-13	13	2202	131	-13	13	2202	131	-13	13	2202	131	-13	13	2202	131	-13	13	2202	131	-13	13	2202	131	-13	13	2202	131	-13	13	2202
132	-13	13	2215	132	-13	13	2215	132	-13	13	2215	132	-13	13	2215	132	-13	13	2215	132	-13	13	2215	132	-13	13	2215	132	-13	13	2215	132	-13	13	2215	132	-13	13	2215	132	-13	13	2215	132	-13	13	2215	132	-13	13	2215	132	-13	13	2215	132	-13	13	2215	132	-13	13	2215	132	-13	13	2215
133	-235	37	2252	133	-235	37	2252	133	-235	37	2252	133	-235	37	2252	133	-235	37	2252	133	-235	37	2252	133	-235	37	2252	133	-235	37	2252	133	-235	37	2252	133	-235	37	2252	133	-235	37	2252	133	-235	37	2252	133	-235	37	2252	133	-235	37	2252	133	-235	37	2252	133	-235	37	2252	133	-235	37	2252
134	-15	15	2267	134	-15	15	2267	134	-15	15	2267	134	-15	15	2267	134	-15	15	2267	134	-15	15	2267	134	-15	15	2267	134	-15	15	2267	134	-15	15	2267	134	-15	15	2267	134	-15	15	2267	134	-15	15	2267	134	-15	15	2267	134	-15	15	2267	134	-15	15	2267	134	-15	15	2267	134	-15	15	2267
135	-15	15	2282	135	-15	15	2282	135	-15	15	2282	135	-15	15	2282	135	-15	15	2282	135	-15	15	2282	135	-15	15	2282	135	-15	15	2282	135	-15	15	2282	135	-15	15	2282	135	-15	15	2282	135	-15	15	2282	135	-15	15	2282	135	-15	15	2282	135	-15	15	2282	135	-15	15	2282	135	-15	15	2282
136	-13	13	2295	136	-13	13	2295	136	-13	13	2295	136	-13	13	2295	136	-13	13	2295	136	-13	13	2295	136	-13	13	2295	136	-13	13	2295	136	-13	13	2295	136	-13	13	2295	136	-13	13	2295	136	-13	13	2295	136	-13	13	2295	136	-13	13	2295	136	-13	13	2295	136	-13	13	2295	136	-13	13	2295
137	-17	17	2312	137	-17	17	2312	137	-17	17	2312	137	-17	17	2312	137	-17	17	2312	137	-17	17	2312	137	-17	17	2312	137	-17	17	2312	137	-17	17	2312	137	-17	17	2312	137	-17	17	2312	137	-17	17	2312	137	-17	17	2312	137	-17	17	2312	137	-17	17	2312	137	-17	17	2312	137	-17	17	2312
138	-13	13	2325	138	-13	13	2325	138	-13	13	2325	138	-13	13	2325	138	-13	13	2325	138	-13	13	2325	138	-13	13	2325	138	-13	13	2325	138	-13	13	2325	138	-13	13	2325	138	-13	13	2325	138	-13	13	2325	138	-13	13	2325	138	-13	13	2325	138	-13	13	2325	138	-13	13	2325	138	-13	13	2325
139	-15	15	2340	139	-15	15	2340	139	-15	15	2340	139	-15	15	2340	139	-15	15	2340	139	-15	15	2340	139	-15	15	2340	139	-15	15	2340	139	-15	15	2340	139	-15	15	2340	139	-15	15	2340	139	-15	15	2340	139	-15	15	2340	139	-15	15	2340	139	-15	15	2340	139	-15	15	2340	139	-15	15	2340
140	-13	13	2353	140	-13	13	2353	140	-13	13	2353	140	-13	13	2353	140	-13	13	2353	140	-13	13	2353	140	-13	13	2353	140	-13	13	2353	140	-13	13	2353	140	-13	13	2353	140	-13	13	2353	140	-13	13	2353	140	-13	13	2353	140	-13	13	2353	140	-13	13	2353	140	-13	13	2353	140	-13	13	2353
141	-13	13	2366	141	-13	13	2366	141	-13	13	2366	141	-13	13	2366	141	-13	13	2366	141	-13	13	2366	141	-13	13	2366	141	-13	13	2366	141	-13	13	2366	141	-13	13	2366	141	-13	13	2366	141	-13	13	2366	141	-13	13	2366	141	-13	13	2366	141	-13	13	2366	141	-13	13	2366	141	-13	13	2366
142	-13	13	2379	142	-13	13	2379	142	-13	13	2379	142	-13	13	2379	142	-13	13	2379	142	-13	13	2379	142	-13	13	2379	142	-13	13	2379	142	-13	13	2379	142	-13	13	2379	142	-13	13	2379	142	-13	13	2379	142	-13	13	2379	142	-13	13	2379	142	-13	13	2379	142	-13	13	2379	142	-13	13	2379
143	-15	15	2394	143	-15	15	2394	143	-15	15	2394	143	-15	15	2394	143	-15	15	2394	143	-15	15	2394	143	-15	15	2394	143	-15	15	2394	143	-15	15	2394	143	-15	15	2394	143	-15	15	2394	143	-15	15	2394	143	-15	15	2394	143	-15	15	2394	143	-15	15	2394	143	-15	15	2394	143	-15	15	2394
144	-123	24	2418	144	-123	24	2418	144	-123	24	2418	144	-123	24	2418	144	-123	24	2418	144	-123	24	2418	144	-123	24	2418	144	-123	24	2418	144	-123	24	2418	144	-123	24	2418	144	-123	24	2418	144	-123	24	2418	144	-123	24	2418	144	-123	24	2418	144	-123	24	2418	144	-123	24	2418	144	-123	24	2418
145	-13	13	2431	145	-13	13	2431	145	-13	13	2431	145	-13	13	2431	145	-13	13	2431	145	-13	13	2431	145	-13	13	2431	145	-13	13	2431	145	-13	13	2431	145	-13	13	2431	145	-13	13	2431	145	-13	13	2431	145	-13	13	2431	145	-13	13	2431	145	-13	13	2431	145	-13	13	2431	145	-13	13	2431
146	-122	23	2454	146	-122	23	2454	146	-122	23	2454	146	-122	23	2454	146	-122	23	2454	146	-122	23	2454	146	-122	23	2454	146	-122	23	2454	146	-122	23	2454	146	-122	23	2454	146	-122	23	2454	146	-122	23	2454	146	-122	23	2454	146	-122	23	2454	146	-122	23	2454	146	-122	23	2454	146	-122	23	2454
147	-16	16	2470	147	-16	16	2470	147	-16	16	2470	147	-16	16	2470	147	-16	16	2470	147	-16	16	2470	147	-16	16	2470	147	-16	16	2470	147	-16	16	2470	147	-16	16	2470	147	-16	16	2470	147	-16	16	2470	147	-16	16	2470	147	-16	16	2470	147	-16	16	2470	147	-16	16	2470	147	-16	16	2470
148	-16	16	2486	148	-16	16	2486	148	-16	16	2486	148	-16	16	2486	148	-16	16	2486	148	-16	16	2486	148	-16	16	2486	148	-16	16	2486	148	-16	16	2486	148	-16	16	2486	148	-16	16	2486	148	-16	16	2486	148	-16	16	2486	148	-16	16	2486	148	-16	16	2486	148	-16	16	2486	148	-16	16	2486
149	-15	15	2501	149	-15	15	2501	149	-15	15	2501	149	-15	15	2501	149	-15	15	2501	149	-15	15	2501	149	-15	15	2501	149	-15	15	2501	149	-15	15	2501	149	-15	15	2501	149	-15	15	2501	149	-15	15	2501	149	-15	15	2501	149	-15	15	2501	149	-15	15	2501	149	-15	15	2501	149	-15	15	2501
150	-13	13	2514	150	-13	13	2514	150	-13	13	2514	150	-13	13	2514	150	-13	13	2514	150	-13	13	2514	150	-13	13	2514	150	-13	13	2514	150	-13	13	2514	150	-13	13	2514	150	-13	13	2514	150	-13	13	2514	150	-13	13	2514	150	-13	13	2514	150	-13	13	2514	150	-13	13	2514	150	-13	13	2514
151	-215	17	2531	151	-215	17	2531	151	-215	17	2531	151	-215	17	2531	151	-215	17	2531	151	-215	17	2531	151	-215	17	2531	151	-215	17	2531	151	-215	17	2531	151	-215	17	2531	151	-215	17	2531	151	-215	17	2531	151	-215	17	2531	151	-215	17	2531	151	-215	17	2531	151	-215	17	2531	151	-215	17	2531
152	-13	13	2544	152	-13	13	2544	152	-13	13	2544	152	-13	13	2544	152	-13	13	2544	152	-13	13	2544	152	-13	13	2544	152	-13	13	2544	152	-13	13	2544	152	-13	13	2544	152	-13	13	2544	152	-13	13	2544	152	-13	13	2544	152	-13	13	2544	152	-13	13	2544	152	-13	13	2544	152	-13	13	2544
153	-14	14	2558	153	-14	14	2558	153	-14	14	2558	153	-14	14	2558	153	-14	14	2558	153	-14	14	2558	153	-14	14	2558	153	-14	14	2558	153	-14	14	2558	153	-14	14	2558	153	-14	14	2558	153	-14	14	2558	153	-14	14	2558	153	-14	14	2558	153	-14	14	2558	153	-14	14	2558	153	-14	14	2558
154	-120	21	2579	154	-120	21	2579	154	-120	21	2579	154	-120	21	2579	154	-120	21	2579	154	-120	21	2579	154	-120	21	2579	154	-120	21	2579	154	-120	21	2579	154	-120	21	2579	154	-120	21	2579	154	-120	21	2579	154	-120	21	2579	154	-120	21	2579	154	-120	21	2579	154	-120	21	2579	154	-120	21	2579
155	-15	15	2594	155	-15	15	2594	155	-15	15	2594	155	-15	15	2594	155	-15	15	2594	155	-15	15	2594	155	-15	15	2594	155	-15	15	2594	155	-15	15	2594	155	-15	15	2594	155	-15	15	2594	155	-15	15	2594	155	-15	15	2594	155	-15	15	2594	155	-15	15	2594	155	-15	15	2594	155	-15	15	2594
156	-15	15	2609	156	-15	15	2609	156	-15	15	2609	156	-15	15	2609	156	-15	15	2609	156	-15	15	2609	156	-15	15	2609	156	-15	15	2609	156	-15	15	2609	156	-15	15	2609	156	-15	15	2609	156	-15	15	2609	156	-15	15	2609	156	-15	15	2609	156	-15	15	2609	156	-15	15	2609	156	-15	15	2609
157	-19	19	2628	157	-19	19	2628	157	-19	19	2628	157	-19	19	2628	157	-19	19	2628	157	-19	19	2628	157	-19	19	2628	157	-19	19	2628	157	-19	19	2628	157	-19	19	2628	157	-19	19	2628	157	-19	19	2628	157	-19	19	2628	157	-19	19	2628	157	-19	19	2628	157	-19	19	2628	157	-19	19	2628
158	-13	13	2641	158	-13	13	2641	158	-13	13	2641	158	-13	13	2641	158	-13	13	2641	158	-13	13	2641	158	-13	13	2641	158	-13	13	2641	158	-13	13	2641	158	-13	13	2641	158	-13	13	2641	158	-13	13	2641	158	-13	13	2641	158	-13	13	2641	158	-13	13	2641	158	-13	13	2641	158	-13	13	2641
159	-13	13	2654	159	-13	13	2654	159	-13	13	2654	159	-13	13	2654	159	-13	13	2654	159	-13	13	2654	159	-13	13	2654	159	-13	13	2654	159	-13	13	2654	159	-13	13	2654	159	-13	13	2654	159	-13	13	2654	159	-13	13	2654	159	-13	13	2654	159	-13	13	2654	159	-13	13	2654	159	-13	13	2654
160	-120	21	2675	160	-120	21	2675	160	-120	21	2675	160	-120	21	2675	160	-120	21	2675	160	-120	21	2675	160	-120	21	2675	160	-120	21	2675	160	-120	21	2675	160	-120	21	2675	160	-120	21	2675	160	-120	21	2675	160	-120	21	2675	160	-120	21	2675	160	-120	21	2675	160	-120	21	2675	160	-120	21	2675
161	-13	13	2688	161	-13	13	2688	161	-13	13	2688	161	-13	13	2688	161	-13	13	2688	161	-13	13	2688	161	-13	13	2688	161	-13	13	2688	161	-13	13	2688	161	-13	13	2688	161	-13	13	2688	161	-13	13	2688	161	-13	13	2688	161	-13	13	2688	161	-13	13	2688	161	-13	13	2688	161	-13	13	2688
162	-19	19	2707	162	-19	19	2707	162	-19	19	2707	162	-19	19	2707	162	-19	19	2707	162	-19	19	2707	162	-19	19	2707	162	-19	19	2707	162	-19	19	2707	162	-19	19	2707	162	-19	19	2707	162	-19	19	2707	162	-19	19	2707	162	-19	19	2707	162	-19	19	2707	162	-19	19	2707	162	-19	19	2707
163	-13	13	2720	163	-13	13	2720	163	-13	13	2720	163	-13	13	2720	163	-13	13	2720	163	-13	13	2720	163	-13	13	2720	163	-13	13	2720	163	-13	13	2720	163	-13	13	2720	163	-13	13	2720	163	-13	13	2720	163	-13	13	2720	163	-13	13	2720	163	-13	13	2720	163	-13	13	2720	163	-13	13	2720
164	-13	13	2733	164	-13	13	2733	164	-13	13	2733	164	-13	13	2733	164	-13	13	2733	164	-13	13	2733	164	-13	13	2733	164	-13	13	2733	164	-13	13	2733	164	-13	13	2733	164	-13	13	2733	164	-13	13	2733	164	-13	13	2733	164	-13	13	2733	164	-13	13	2733	164	-13	13	2733	164	-13	13	2733
165	-15	15	2748	165	-15	15	2748	165	-15	15	2748	165	-15	15	2748	165	-15	15	2748	165	-15	15	2748	165	-15	15	2748	165	-15	15	2748	165	-15	15	2748	165	-15	15	2748	165	-15	15	2748	165	-15	15	2748	165	-15	15	2748	165	-15	15	2748	165	-15	15	2748	165	-15	15	2748	165	-15	15	2748
166	-13	13	2761	166	-13	13	2761	166	-13	13	2761	166	-13	13	2761	166	-13	13	2761	166	-13	13	2761	166	-13	13	2761	166	-13	13	2761	166	-13	13	2761	166	-13	13	2761	166	-13	13	2761	166	-13	13	2761	166	-13	13	2761	166	-13	13	2761	166	-13	13	2761	166	-13	13	2761	166	-13	13	2761
167	-13	13	2774	167	-13	13	2774	167	-13	13	2774	167	-13	13	2774	167	-13	13	2774	167	-13	13	2774	167	-13	13	2774	167	-13	13	2774	167	-13	13	2774	167	-13	13	2774	167	-13	13	2774	167	-13	13	2774	167	-13	13	2774	167	-13	13	2774	167	-13	13	2774	167	-13	13	2774	167	-13	13	2774
168	-13	13	2787	168	-13	13	2787	168	-13	13	2787	168	-13	13	2787	168	-13	13	2787	168	-13	13	2787	168	-13	13	2787	168	-13	13	2787	168	-13	13	2787	168	-13	13	2787	168	-13	13	2787	168	-13	13	2787	168	-13	13	2787	168	-13	13	2787	168	-13	13	2787	168	-13	13	2787	168	-13	13	2787
169	-123	24	2811	169	-123	24	2811	169	-123	24	2811	169	-123	24	2811	169	-123	24	2811	169	-123	24	2811	169	-123	24	2811	169	-123	24	2811	169	-123	24	2811	169	-123	24	2811	169	-123	24	2811	169	-123	24	2811	169	-123	24	2811	169	-123	24	2811	169	-123	24	2811	169	-123	24	2811	169	-123	24	2811
170	-13	13	2824	170	-13	13	2824	170	-13	13	2824	170	-13	13	2824	170	-13	13	2824	170	-13	13	2824	170	-13	13	2824	170	-13	13	2824	170	-13	13	2824	170	-13	13	2824	170	-13	13	2824	170	-13	13	2824	170	-13	13	2824	170	-13	13	2824	170	-13	13	2824	170	-13	13	2824	170	-13	13	2824
171	-15	15	2839	171	-15	15	2839	171	-15	15	2839	171	-15	15	2839	171	-15	15	2839	171	-15	15	2839	171	-15	15	2839	171	-15	15	2839	171	-15	15	2839	171	-15	15	2839	171	-15	15	2839	171	-15	15	2839	171	-15	15	2839	171	-15	15	2839	171	-15	15	2839	171	-15	15	2839	171	-15	15	2839
172	-13	13	2852	172	-13	13	2852	172	-13	13	2852	172	-13	13	2852	172	-13	13	2852	172	-13	13	2852	172	-13	13	2852	172	-13	13	2852	172	-13	13	2852	172	-13	13	2852	172	-13	13	2852	172	-13	13	2852	172	-13	13	2852	172	-13	13	2852	172	-13	13	2852	172	-13	13	2852	172	-13	13	2852
173	-21	21	2873	173	-21	21	2873	173	-21	21	2873	173	-21	21	2873	173	-21	21	2873	173	-21	21	2873	173	-21	21	2873	173	-21	21	2873	173	-21	21	2873	173	-21	21	2873	173	-21	21	2873	173	-21	21	2873	173	-21	21	2873	173	-21	21	2873	173	-21	21	2873	173	-21	21	2873	173	-21	21	2873
174	-19	19	2892	174	-19	19	2892	174	-19	19	2892	174	-19	19	2892	174	-19	19	2892	174	-19	19	2892	174	-19	19	2892	174	-19	19	2892	174	-19	19	2892	174	-19	19	2892	174	-19	19	2892	174	-19	19	2892	174	-19	19	2892	174	-19	19	2892	174	-19	19	2892	174	-19	19	2892	174	-19	19	2892
175	-13	13	2905	175	-13	13	2905	175	-13	13	2905	175	-13	13	2905	175	-13	13	2905	175	-13	13	2905	175	-13	13	2905	175	-13	13	2905	175	-13	13	2905	175	-13	13	2905	175	-13	13	2905	175	-13	13	2905	175	-13	13	2905	175	-13	13	2905	175	-13	13	2905	175	-13	13	2905	175	-13	13	2905
176	-222	24	2929	176	-222	24	2929	176	-222	24	2929	176	-222	24	2929	176	-222	24	2929	176	-222	24	2929	176	-222	24	2929	176	-222	24	2929	176	-222	24	2929	176	-222	24	2929	176	-222	24	2929	176	-222	24	2929	176	-222	24	2929	176	-222	24	2929	176	-222	24	2929	176	-222	24	2929	176	-222	24	2929
177	-123	24	2953	177	-123	24	2953	177	-123	24	2953	177	-123	24	2953	177	-123	24	2953	177	-123	24	2953	177	-123	24	2953	177	-123	24	2953	177	-123	24	2953	177	-123	24	2953	177	-123	24	2953	177	-123	24	2953	177	-123	24	2953	177	-123	24	2953	177	-123	24	2953	177	-123	24	2953	177	-123	24	2953
178	-18	18	2971	178	-18	18	2971	178	-18	18	2971	178	-18	18	2971	178	-18	18	2971	178	-18	18	2971	178	-18	18	2971	178	-18	18	2971	178	-18	18	2971	178	-18	18	2971	178	-18	18	2971	178	-18	18	2971	178	-18	18	2971	178	-18	18	2971	178	-18	18	2971	178	-18	18	2971	178	-18	18	2971
179	-13	13	2984	179	-13	13	2984	179	-13	13	2984	179	-13	13	2984	179	-13	13	2984	179	-13	13	2984	179	-13	13	2984	179	-13	13	2984	179	-13	13	2984	179	-13	13	2984	179	-13	13	2984	179	-13	13	2984	179	-13	13	2984	179	-13	13	2984	179	-13	13	2984	179	-13	13	2984	179	-13	13	2984
180	-17	17	3001	180	-17	17	3001	180	-17	17	3001	180	-17	17	3001	180	-17	17	3001	180	-17	17	3001	180	-17	17	3001	180	-17	17	3001	180	-17	17	3001	180	-17	17	3001	180	-17	17	3001	180	-17	17	3001	180	-17	17	3001	180	-17	17	3001	180	-17	17	3001	180	-17	17	3001	180	-17	17	3001
181	-15	15	3016	181	-15	15	3016	181	-15	15	3016	181	-15	15	3016	181	-15	15	3016	181	-15	15	3016	181	-15	15	3016	181	-15	15	3016	181	-15	15	3016	181	-15	15	3016	181	-15	15	3016	181	-15	15	3016	181	-15	15	3016	181	-15	15	3016	181	-15	15	3016	181	-15	15	3016	181	-15	15	3016
182	-126	27	3043	182	-126	27	3043	182	-126	27	3043	182	-126	27	3043	182	-126	27	3043	182	-126	27	3043	182	-126	27	3043	182	-126	27	3043	182	-126	27	3043	182	-126	27	3043	182	-126	27	3043	182	-126	27	3043	182	-126	27	3043	182	-126	27	3043	182	-126	27	3043	182	-126	27	3043	182	-126	27	3043
183	-13	13	3056	183	-13	13	3056	183	-13	13	3056	183	-13	13	3056	183	-13	13	3056	183	-13	13	3056	183	-13	13	3056	183	-13	13	3056	183	-13	13	3056	183	-13	13	3056	183	-13	13	3056	183	-13	13	3056	183	-13	13	3056	183	-13	13	3056	183	-13	13	3056	183	-13	13	3056	183	-13	13	3056
184	-13	13	3069	184	-13	13	3069	184	-13	13	3069	184	-13	13	3069	184	-13	13	3069	184	-13	13	3069	184	-13	13	3069	184	-13	13	3069	184	-13	13	3069	184	-13	13	3069	184	-13	13	3069	184	-13	13	3069	184	-13	13	3069	184	-13	13	3069	184	-13	13	3069	184	-13	13	3069	184	-13	13	3069
185	-429	33	3102	185	-429	33	3102	185	-429	33	3102	185	-429	33	3102	185	-429	33	3102	185	-429	33	3102	185	-429	33	3102	185	-429	33	3102	185	-429	33	3102	185	-429	33	3102	185	-429	33	3102	185	-429	33	3102	185	-429	33	3102	185	-429	33	3102	185	-429	33	3102	185	-429	33	3102	185	-429	33	3102
186	-13	13	3115	186	-13	13	3115	186	-13	13	3115	186	-13	13	3115	186	-13	13	3115	186	-13	13	3115	186	-13	13	3115	186	-13	13	3115	186	-13	13	3115	186	-13	13	3115	186	-13	13	3115	186	-13	13	3115	186	-13	13	3115	186	-13	13	3115	186	-13	13	3115	186	-13	13	3115	186	-13	13	3115
187	-13	13	3128	187	-13	13	3128	187	-13	13	3128	187	-13	13	3128	187	-13	13	3128	187	-13	13	3128	187	-13	13	3128	187	-13	13	3128	187	-13	13	3128	187	-13	13	3128	187	-13	13	3128	187	-13	13	3128	187	-13	13	3128	187	-13	13	3128	187	-13	13	3128	187	-13	13	3128	187	-13	13	3128
188	-121	22	3150	188	-121	22	3150	188	-121	22	3150	188	-121	22	3150	188	-121	22	3150	188	-121	22	3150	188	-121	22	3150	188	-121	22	3150	188	-121	22	3150	188	-121	22	3150	188	-121	22	3150	188	-121	22	3150	188	-121	22	3150	188	-121	22	3150	188	-121	22	3150	188	-121	22	3150	188	-121	22	3150
189	-13	13	3163	189	-13	13	3163	189	-13	13	3163	189	-13	13	3163	189	-13	13	3163	189	-13	13	3163	189	-13	13	3163	189	-13	13	3163	189	-13	13	3163	189	-13	13	3163	189	-13	13	3163	189	-13	13	3163	189	-13	13	3163	189	-13	13	3163	189	-13	13	3163	189	-13	13	3163	189	-13	13	3163
190	-15	15	3178	190	-15	15	3178	190	-15	15	3178	190	-15	15	3178	190	-15	15	3178	190	-15	15	3178	190	-15	15	3178	190	-15	15	3178	190	-15	15	3178	190	-15	15	3178	190	-15	15	3178	190	-15	15	3178	190	-15	15	3178	190	-15	15	3178	190	-15	15	3178	190	-15	15	3178	190	-15	15	3178
191	-15	15	3193	191	-15	15	3193	191	-15	15	3193	191	-15	15	3193	191	-15	15	3193	191	-15	15	3193	191	-15	15	3193	191	-15	15	3193	191	-15	15	3193	191	-15	15	3193	191	-15	15	3193	191	-15	15	3193	191	-15	15	3193	191	-15	15	3193	191	-15	15	3193	191	-15	15	3193	191	-15	15	3193
192	-116	17	3210	192	-116	17	3210	192	-116	17	3210	192	-116	17	3210	192	-116	17	3210	192	-116	17	3210	192	-116	17	3210	192	-116	17	3210	192	-116	17	3210	192	-116	17	3210	192	-116	17	3210	192	-116	17	3210	192	-116	17	3210	192	-116	17	3210	192	-116	17	3210	192	-116	17	3210	192	-116	17	3210
193	-20	20	3230	193	-20	20	3230	193	-20	20	3230	193	-20	20	3230	193	-20	20	3230	193	-20	20	3230	193	-20	20	3230	193	-20	20	3230	193	-20	20	3230	193	-20	20	3230	193	-20	20	3230	193	-20	20	3230	193	-20	20	3230	193	-20	20	3230	193	-20	20	3230	193	-20	20	3230	193	-20	20	3230
194	-13	13	3243	194	-13	13	3243	194	-13	13	3243	194	-13	13	3243	194	-13	13	3243	194	-13	13	3243	194	-13	13	3243	194	-13	13	3243	194	-13	13	3243	194	-13	13	3243	194	-13	13	3243	194	-13	13	3243	194	-13	13	3243	194	-13	13	3243	194	-13	13	3243	194	-13	13	3243	194	-13	13	3243
195	-224	26	3269	195	-224	26	3269	195	-224	26	3269	195	-224	26	3269	195	-224	26	3269	195	-224	26	3269	195	-224	26	3269	195	-224	26	3269	195	-224	26	3269	195	-224	26	3269	195	-224	26	3269	195	-224	26	3269	195	-224	26	3269	195	-224	26	3269	195	-224	26	3269	195	-224	26	3269	195	-224	26	3269
196	-13	13	3282	196	-13	13	3282	196	-13	13	3282	196	-13	13	3282	196	-13	13	3282	196	-13	13	3282	196	-13	13	3282	196	-13	13	3282	196	-13	13	3282	196	-13	13	3282	196	-13	13	3282	196	-13	13	3282	196	-13	13	3282	196	-13	13	3282	196	-13	13	3282	196	-13	13	3282	196	-13	13	3282
197	-15	15	3297	197	-15	15	3297	197	-15	15	3297	197	-15	15	3297	197	-15	15	3297	197	-15	15	3297	197	-15	15	3297	197	-15	15	3297	197	-15	15	3297	197	-15	15	3297	197	-15	15	3297	197	-15	15	3297	197	-15	15	3297	197	-15	15	3297	197	-15	15	3297	197	-15	15	3297	197	-15	15	3297
198	-15	15	3312	198	-15	15	3312	198	-15	15	3312	198	-15	15	3312	198	-15	15	3312	198	-15	15	3312	198	-15	15	3312	198	-15	15	3312	198	-15	15	3312	198	-15	15	3312	198	-15	15	3312	198	-15	15	3312	198	-15	15	3312	198	-15	15	3312	198	-15	15	3312	198	-15	15	3312	198	-15	15	3312
199	-13	13	3325	199	-13	13	3325	199	-13	13	3325	199	-13	13	3325	199	-13	13	3325	199	-13	13	3325	199	-13	13	3325	199	-13	13	3325	199	-13	13	3325	199	-13	13	3325	199	-13	13	3325	199	-13	13	3325	199	-13	13	3325	199	-13	13	3325	199	-13	13	3325	199	-13	13	3325	199	-13	13	3325
