Episode	Accumulated Reward	Length	Steps
0	-2700	1215	1215
1	-974	578	1793
2	-38	38	1831
3	-99	99	1930
4	-65	65	1995
5	-81	81	2076
6	-361	163	2239
7	-57	57	2296
8	-35	35	2331
9	-309	111	2442
10	-164	65	2507
11	-17	17	2524
12	-17	17	2541
13	-21	21	2562
14	-339	240	2802
15	-61	61	2863
16	-60	60	2923
17	-37	37	2960
18	-24	24	2984
19	-737	143	3127
20	-27	27	3154
21	-29	29	3183
22	-19	19	3202
23	-31	31	3233
24	-27	27	3260
25	-25	25	3285
26	-23	23	3308
27	-17	17	3325
28	-18	18	3343
29	-21	21	3364
30	-17	17	3381
31	-17	17	3398
32	-19	19	3417
33	-25	25	3442
34	-20	20	3462
35	-22	22	3484
36	-17	17	3501
37	-27	27	3528
38	-30	30	3558
39	-21	21	3579
40	-21	21	3600
41	-20	20	3620
42	-23	23	3643
43	-21	21	3664
44	-125	26	3690
45	-17	17	3707
46	-17	17	3724
47	-23	23	3747
48	-19	19	3766
49	-17	17	3783
50	-25	25	3808
51	-19	19	3827
52	-17	17	3844
53	-19	19	3863
54	-19	19	3882
55	-17	17	3899
56	-19	19	3918
57	-17	17	3935
58	-22	22	3957
59	-19	19	3976
60	-19	19	3995
61	-26	26	4021
62	-17	17	4038
63	-17	17	4055
64	-17	17	4072
65	-22	22	4094
66	-19	19	4113
67	-20	20	4133
68	-23	23	4156
69	-24	24	4180
70	-18	18	4198
71	-20	20	4218
72	-120	21	4239
73	-19	19	4258
74	-19	19	4277
75	-18	18	4295
76	-21	21	4316
77	-18	18	4334
78	-17	17	4351
79	-21	21	4372
80	-17	17	4389
81	-17	17	4406
82	-18	18	4424
83	-17	17	4441
84	-17	17	4458
85	-18	18	4476
86	-21	21	4497
87	-17	17	4514
88	-23	23	4537
89	-20	20	4557
90	-17	17	4574
91	-17	17	4591
92	-19	19	4610
93	-23	23	4633
94	-17	17	4650
95	-25	25	4675
96	-17	17	4692
97	-19	19	4711
98	-19	19	4730
99	-18	18	4748
100	-21	21	4769
101	-17	17	4786
102	-20	20	4806
103	-17	17	4823
104	-17	17	4840
105	-22	22	4862
106	-20	20	4882
107	-21	21	4903
108	-17	17	4920
109	-17	17	4937
110	-20	20	4957
111	-18	18	4975
112	-17	17	4992
113	-18	18	5010
114	-17	17	5027
115	-19	19	5046
116	-19	19	5065
117	-18	18	5083
118	-24	24	5107
119	-19	19	5126
120	-17	17	5143
121	-17	17	5160
122	-18	18	5178
123	-17	17	5195
124	-22	22	5217
125	-21	21	5238
126	-23	23	5261
127	-19	19	5280
128	-18	18	5298
129	-18	18	5316
130	-17	17	5333
131	-17	17	5350
132	-21	21	5371
133	-117	18	5389
134	-22	22	5411
135	-17	17	5428
136	-17	17	5445
137	-17	17	5462
138	-18	18	5480
139	-24	24	5504
140	-19	19	5523
141	-26	26	5549
142	-18	18	5567
143	-18	18	5585
144	-19	19	5604
145	-21	21	5625
146	-17	17	5642
147	-19	19	5661
148	-19	19	5680
149	-24	24	5704
150	-19	19	5723
151	-19	19	5742
152	-25	25	5767
153	-23	23	5790
154	-19	19	5809
155	-19	19	5828
156	-22	22	5850
157	-17	17	5867
158	-21	21	5888
159	-19	19	5907
160	-17	17	5924
161	-17	17	5941
162	-17	17	5958
163	-19	19	5977
164	-17	17	5994
165	-17	17	6011
166	-19	19	6030
167	-25	25	6055
168	-17	17	6072
169	-22	22	6094
170	-19	19	6113
171	-20	20	6133
172	-19	19	6152
173	-21	21	6173
174	-23	23	6196
175	-19	19	6215
176	-17	17	6232
177	-17	17	6249
178	-20	20	6269
179	-17	17	6286
180	-17	17	6303
181	-17	17	6320
182	-19	19	6339
183	-17	17	6356
184	-17	17	6373
185	-20	20	6393
186	-19	19	6412
187	-17	17	6429
188	-20	20	6449
189	-22	22	6471
190	-28	28	6499
191	-120	21	6520
192	-20	20	6540
193	-19	19	6559
194	-27	27	6586
195	-22	22	6608
196	-19	19	6627
197	-18	18	6645
198	-19	19	6664
199	-17	17	6681
200	-19	19	6700
201	-19	19	6719
202	-20	20	6739
203	-18	18	6757
204	-17	17	6774
205	-19	19	6793
206	-17	17	6810
207	-19	19	6829
208	-19	19	6848
209	-21	21	6869
210	-24	24	6893
211	-25	25	6918
212	-17	17	6935
213	-17	17	6952
214	-17	17	6969
215	-17	17	6986
216	-21	21	7007
217	-21	21	7028
218	-17	17	7045
219	-17	17	7062
220	-20	20	7082
221	-17	17	7099
222	-20	20	7119
223	-119	20	7139
224	-17	17	7156
225	-23	23	7179
226	-17	17	7196
227	-23	23	7219
228	-17	17	7236
229	-17	17	7253
230	-19	19	7272
231	-17	17	7289
232	-20	20	7309
233	-19	19	7328
234	-17	17	7345
235	-17	17	7362
236	-18	18	7380
237	-18	18	7398
238	-23	23	7421
239	-23	23	7444
240	-17	17	7461
241	-17	17	7478
242	-122	23	7501
243	-19	19	7520
244	-19	19	7539
245	-21	21	7560
246	-21	21	7581
247	-19	19	7600
248	-17	17	7617
249	-18	18	7635
250	-17	17	7652
251	-28	28	7680
252	-20	20	7700
253	-17	17	7717
254	-17	17	7734
255	-17	17	7751
256	-19	19	7770
257	-19	19	7789
258	-21	21	7810
259	-21	21	7831
260	-20	20	7851
261	-20	20	7871
262	-21	21	7892
263	-17	17	7909
264	-18	18	7927
265	-17	17	7944
266	-19	19	7963
267	-17	17	7980
268	-20	20	8000
269	-22	22	8022
270	-24	24	8046
271	-17	17	8063
272	-17	17	8080
273	-22	22	8102
274	-23	23	8125
275	-21	21	8146
276	-18	18	8164
277	-17	17	8181
278	-23	23	8204
279	-23	23	8227
280	-20	20	8247
281	-17	17	8264
282	-19	19	8283
283	-20	20	8303
284	-22	22	8325
285	-28	28	8353
286	-22	22	8375
287	-19	19	8394
288	-17	17	8411
289	-17	17	8428
290	-21	21	8449
291	-23	23	8472
292	-19	19	8491
293	-20	20	8511
294	-20	20	8531
295	-18	18	8549
296	-17	17	8566
297	-21	21	8587
298	-18	18	8605
299	-18	18	8623
300	-19	19	8642
301	-19	19	8661
302	-19	19	8680
303	-19	19	8699
304	-18	18	8717
305	-21	21	8738
306	-17	17	8755
307	-21	21	8776
308	-19	19	8795
309	-17	17	8812
310	-17	17	8829
311	-17	17	8846
312	-19	19	8865
313	-25	25	8890
314	-19	19	8909
315	-18	18	8927
316	-20	20	8947
317	-17	17	8964
318	-20	20	8984
319	-23	23	9007
320	-17	17	9024
321	-21	21	9045
322	-21	21	9066
323	-17	17	9083
324	-18	18	9101
325	-17	17	9118
326	-22	22	9140
327	-17	17	9157
328	-20	20	9177
329	-21	21	9198
330	-17	17	9215
331	-25	25	9240
332	-20	20	9260
333	-20	20	9280
334	-22	22	9302
335	-17	17	9319
336	-19	19	9338
337	-18	18	9356
338	-27	27	9383
339	-19	19	9402
340	-17	17	9419
341	-17	17	9436
342	-21	21	9457
343	-21	21	9478
344	-17	17	9495
345	-17	17	9512
346	-20	20	9532
347	-124	25	9557
348	-18	18	9575
349	-19	19	9594
350	-20	20	9614
351	-18	18	9632
352	-19	19	9651
353	-26	26	9677
354	-18	18	9695
355	-20	20	9715
356	-117	18	9733
357	-18	18	9751
358	-17	17	9768
359	-17	17	9785
360	-19	19	9804
361	-17	17	9821
362	-22	22	9843
363	-18	18	9861
364	-19	19	9880
365	-19	19	9899
366	-19	19	9918
367	-25	25	9943
368	-21	21	9964
369	-17	17	9981
370	-17	17	9998
371	-17	17	10015
372	-19	19	10034
373	-17	17	10051
374	-18	18	10069
375	-21	21	10090
376	-22	22	10112
377	-21	21	10133
378	-19	19	10152
379	-17	17	10169
380	-120	21	10190
381	-20	20	10210
382	-19	19	10229
383	-24	24	10253
384	-21	21	10274
385	-17	17	10291
386	-17	17	10308
387	-25	25	10333
388	-22	22	10355
389	-23	23	10378
390	-19	19	10397
391	-23	23	10420
392	-21	21	10441
393	-17	17	10458
394	-20	20	10478
395	-17	17	10495
396	-17	17	10512
397	-17	17	10529
398	-20	20	10549
399	-23	23	10572
400	-21	21	10593
401	-17	17	10610
402	-26	26	10636
403	-21	21	10657
404	-18	18	10675
405	-22	22	10697
406	-18	18	10715
407	-21	21	10736
408	-17	17	10753
409	-20	20	10773
410	-27	27	10800
411	-19	19	10819
412	-21	21	10840
413	-20	20	10860
414	-17	17	10877
415	-17	17	10894
416	-22	22	10916
417	-20	20	10936
418	-19	19	10955
419	-17	17	10972
420	-22	22	10994
421	-17	17	11011
422	-18	18	11029
423	-27	27	11056
424	-17	17	11073
425	-19	19	11092
426	-17	17	11109
427	-19	19	11128
428	-21	21	11149
429	-17	17	11166
430	-23	23	11189
431	-20	20	11209
432	-21	21	11230
433	-20	20	11250
434	-19	19	11269
435	-19	19	11288
436	-19	19	11307
437	-19	19	11326
438	-17	17	11343
439	-21	21	11364
440	-26	26	11390
441	-19	19	11409
442	-19	19	11428
443	-19	19	11447
444	-21	21	11468
445	-17	17	11485
446	-18	18	11503
447	-19	19	11522
448	-21	21	11543
449	-18	18	11561
450	-17	17	11578
451	-17	17	11595
452	-23	23	11618
453	-19	19	11637
454	-17	17	11654
455	-17	17	11671
456	-21	21	11692
457	-21	21	11713
458	-19	19	11732
459	-18	18	11750
460	-19	19	11769
461	-20	20	11789
462	-21	21	11810
463	-19	19	11829
464	-18	18	11847
465	-17	17	11864
466	-19	19	11883
467	-18	18	11901
468	-19	19	11920
469	-17	17	11937
470	-20	20	11957
471	-17	17	11974
472	-20	20	11994
473	-17	17	12011
474	-17	17	12028
475	-17	17	12045
476	-20	20	12065
477	-17	17	12082
478	-19	19	12101
479	-17	17	12118
480	-19	19	12137
481	-20	20	12157
482	-21	21	12178
483	-17	17	12195
484	-19	19	12214
485	-18	18	12232
486	-18	18	12250
487	-19	19	12269
488	-17	17	12286
489	-19	19	12305
490	-119	20	12325
491	-17	17	12342
492	-17	17	12359
493	-20	20	12379
494	-21	21	12400
495	-23	23	12423
496	-17	17	12440
497	-18	18	12458
498	-17	17	12475
499	-21	21	12496
