Episode	Accumulated Reward	Length	Steps	Episode	Accumulated Reward	Length	Steps	Episode	Accumulated Reward	Length	Steps	Episode	Accumulated Reward	Length	Steps	Episode	Accumulated Reward	Length	Steps	Episode	Accumulated Reward	Length	Steps	Episode	Accumulated Reward	Length	Steps	Episode	Accumulated Reward	Length	Steps	Episode	Accumulated Reward	Length	Steps	Episode	Accumulated Reward	Length	Steps	Episode	Accumulated Reward	Length	Steps	Episode	Accumulated Reward	Length	Steps	Episode	Accumulated Reward	Length	Steps	Episode	Accumulated Reward	Length	Steps	Episode	Accumulated Reward	Length	Steps	Episode	Accumulated Reward	Length	Steps	Episode	Accumulated Reward	Length	Steps	Episode	Accumulated Reward	Length	Steps	Episode	Accumulated Reward	Length	Steps
0	-2511	729	729	0	-2511	729	729	0	-2511	729	729	0	-2511	729	729	0	-2511	729	729	0	-2511	729	729	0	-2511	729	729	0	-2511	729	729	0	-2511	729	729	0	-2511	729	729	0	-2511	729	729	0	-2511	729	729	0	-2511	729	729	0	-2511	729	729	0	-2511	729	729	0	-2511	729	729	0	-2511	729	729	0	-2511	729	729	0	-2511	729	729
1	-1001	506	1235	1	-1001	506	1235	1	-1001	506	1235	1	-1001	506	1235	1	-1001	506	1235	1	-1001	506	1235	1	-1001	506	1235	1	-1001	506	1235	1	-1001	506	1235	1	-1001	506	1235	1	-1001	506	1235	1	-1001	506	1235	1	-1001	506	1235	1	-1001	506	1235	1	-1001	506	1235	1	-1001	506	1235	1	-1001	506	1235	1	-1001	506	1235	1	-1001	506	1235
2	-123	123	1358	2	-123	123	1358	2	-123	123	1358	2	-123	123	1358	2	-123	123	1358	2	-123	123	1358	2	-123	123	1358	2	-123	123	1358	2	-123	123	1358	2	-123	123	1358	2	-123	123	1358	2	-123	123	1358	2	-123	123	1358	2	-123	123	1358	2	-123	123	1358	2	-123	123	1358	2	-123	123	1358	2	-123	123	1358	2	-123	123	1358
3	-656	359	1717	3	-656	359	1717	3	-656	359	1717	3	-656	359	1717	3	-656	359	1717	3	-656	359	1717	3	-656	359	1717	3	-656	359	1717	3	-656	359	1717	3	-656	359	1717	3	-656	359	1717	3	-656	359	1717	3	-656	359	1717	3	-656	359	1717	3	-656	359	1717	3	-656	359	1717	3	-656	359	1717	3	-656	359	1717	3	-656	359	1717
4	-481	283	2000	4	-481	283	2000	4	-481	283	2000	4	-481	283	2000	4	-481	283	2000	4	-481	283	2000	4	-481	283	2000	4	-481	283	2000	4	-481	283	2000	4	-481	283	2000	4	-481	283	2000	4	-481	283	2000	4	-481	283	2000	4	-481	283	2000	4	-481	283	2000	4	-481	283	2000	4	-481	283	2000	4	-481	283	2000	4	-481	283	2000
5	-94	94	2094	5	-94	94	2094	5	-94	94	2094	5	-94	94	2094	5	-94	94	2094	5	-94	94	2094	5	-94	94	2094	5	-94	94	2094	5	-94	94	2094	5	-94	94	2094	5	-94	94	2094	5	-94	94	2094	5	-94	94	2094	5	-94	94	2094	5	-94	94	2094	5	-94	94	2094	5	-94	94	2094	5	-94	94	2094	5	-94	94	2094
6	-117	117	2211	6	-117	117	2211	6	-117	117	2211	6	-117	117	2211	6	-117	117	2211	6	-117	117	2211	6	-117	117	2211	6	-117	117	2211	6	-117	117	2211	6	-117	117	2211	6	-117	117	2211	6	-117	117	2211	6	-117	117	2211	6	-117	117	2211	6	-117	117	2211	6	-117	117	2211	6	-117	117	2211	6	-117	117	2211	6	-117	117	2211
7	-149	149	2360	7	-149	149	2360	7	-149	149	2360	7	-149	149	2360	7	-149	149	2360	7	-149	149	2360	7	-149	149	2360	7	-149	149	2360	7	-149	149	2360	7	-149	149	2360	7	-149	149	2360	7	-149	149	2360	7	-149	149	2360	7	-149	149	2360	7	-149	149	2360	7	-149	149	2360	7	-149	149	2360	7	-149	149	2360	7	-149	149	2360
8	-357	258	2618	8	-357	258	2618	8	-357	258	2618	8	-357	258	2618	8	-357	258	2618	8	-357	258	2618	8	-357	258	2618	8	-357	258	2618	8	-357	258	2618	8	-357	258	2618	8	-357	258	2618	8	-357	258	2618	8	-357	258	2618	8	-357	258	2618	8	-357	258	2618	8	-357	258	2618	8	-357	258	2618	8	-357	258	2618	8	-357	258	2618
9	-54	54	2672	9	-54	54	2672	9	-54	54	2672	9	-54	54	2672	9	-54	54	2672	9	-54	54	2672	9	-54	54	2672	9	-54	54	2672	9	-54	54	2672	9	-54	54	2672	9	-54	54	2672	9	-54	54	2672	9	-54	54	2672	9	-54	54	2672	9	-54	54	2672	9	-54	54	2672	9	-54	54	2672	9	-54	54	2672	9	-54	54	2672
10	-535	238	2910	10	-535	238	2910	10	-535	238	2910	10	-535	238	2910	10	-535	238	2910	10	-535	238	2910	10	-535	238	2910	10	-535	238	2910	10	-535	238	2910	10	-535	238	2910	10	-535	238	2910	10	-535	238	2910	10	-535	238	2910	10	-535	238	2910	10	-535	238	2910	10	-535	238	2910	10	-535	238	2910	10	-535	238	2910	10	-535	238	2910
11	-247	148	3058	11	-247	148	3058	11	-247	148	3058	11	-247	148	3058	11	-247	148	3058	11	-247	148	3058	11	-247	148	3058	11	-247	148	3058	11	-247	148	3058	11	-247	148	3058	11	-247	148	3058	11	-247	148	3058	11	-247	148	3058	11	-247	148	3058	11	-247	148	3058	11	-247	148	3058	11	-247	148	3058	11	-247	148	3058	11	-247	148	3058
12	-274	76	3134	12	-274	76	3134	12	-274	76	3134	12	-274	76	3134	12	-274	76	3134	12	-274	76	3134	12	-274	76	3134	12	-274	76	3134	12	-274	76	3134	12	-274	76	3134	12	-274	76	3134	12	-274	76	3134	12	-274	76	3134	12	-274	76	3134	12	-274	76	3134	12	-274	76	3134	12	-274	76	3134	12	-274	76	3134	12	-274	76	3134
13	-97	97	3231	13	-97	97	3231	13	-97	97	3231	13	-97	97	3231	13	-97	97	3231	13	-97	97	3231	13	-97	97	3231	13	-97	97	3231	13	-97	97	3231	13	-97	97	3231	13	-97	97	3231	13	-97	97	3231	13	-97	97	3231	13	-97	97	3231	13	-97	97	3231	13	-97	97	3231	13	-97	97	3231	13	-97	97	3231	13	-97	97	3231
14	-929	335	3566	14	-929	335	3566	14	-929	335	3566	14	-929	335	3566	14	-929	335	3566	14	-929	335	3566	14	-929	335	3566	14	-929	335	3566	14	-929	335	3566	14	-929	335	3566	14	-929	335	3566	14	-929	335	3566	14	-929	335	3566	14	-929	335	3566	14	-929	335	3566	14	-929	335	3566	14	-929	335	3566	14	-929	335	3566	14	-929	335	3566
15	-38	38	3604	15	-38	38	3604	15	-38	38	3604	15	-38	38	3604	15	-38	38	3604	15	-38	38	3604	15	-38	38	3604	15	-38	38	3604	15	-38	38	3604	15	-38	38	3604	15	-38	38	3604	15	-38	38	3604	15	-38	38	3604	15	-38	38	3604	15	-38	38	3604	15	-38	38	3604	15	-38	38	3604	15	-38	38	3604	15	-38	38	3604
16	-47	47	3651	16	-47	47	3651	16	-47	47	3651	16	-47	47	3651	16	-47	47	3651	16	-47	47	3651	16	-47	47	3651	16	-47	47	3651	16	-47	47	3651	16	-47	47	3651	16	-47	47	3651	16	-47	47	3651	16	-47	47	3651	16	-47	47	3651	16	-47	47	3651	16	-47	47	3651	16	-47	47	3651	16	-47	47	3651	16	-47	47	3651
17	-103	103	3754	17	-103	103	3754	17	-103	103	3754	17	-103	103	3754	17	-103	103	3754	17	-103	103	3754	17	-103	103	3754	17	-103	103	3754	17	-103	103	3754	17	-103	103	3754	17	-103	103	3754	17	-103	103	3754	17	-103	103	3754	17	-103	103	3754	17	-103	103	3754	17	-103	103	3754	17	-103	103	3754	17	-103	103	3754	17	-103	103	3754
18	-124	124	3878	18	-124	124	3878	18	-124	124	3878	18	-124	124	3878	18	-124	124	3878	18	-124	124	3878	18	-124	124	3878	18	-124	124	3878	18	-124	124	3878	18	-124	124	3878	18	-124	124	3878	18	-124	124	3878	18	-124	124	3878	18	-124	124	3878	18	-124	124	3878	18	-124	124	3878	18	-124	124	3878	18	-124	124	3878	18	-124	124	3878
19	-56	56	3934	19	-56	56	3934	19	-56	56	3934	19	-56	56	3934	19	-56	56	3934	19	-56	56	3934	19	-56	56	3934	19	-56	56	3934	19	-56	56	3934	19	-56	56	3934	19	-56	56	3934	19	-56	56	3934	19	-56	56	3934	19	-56	56	3934	19	-56	56	3934	19	-56	56	3934	19	-56	56	3934	19	-56	56	3934	19	-56	56	3934
20	-77	77	4011	20	-77	77	4011	20	-77	77	4011	20	-77	77	4011	20	-77	77	4011	20	-77	77	4011	20	-77	77	4011	20	-77	77	4011	20	-77	77	4011	20	-77	77	4011	20	-77	77	4011	20	-77	77	4011	20	-77	77	4011	20	-77	77	4011	20	-77	77	4011	20	-77	77	4011	20	-77	77	4011	20	-77	77	4011	20	-77	77	4011
21	-90	90	4101	21	-90	90	4101	21	-90	90	4101	21	-90	90	4101	21	-90	90	4101	21	-90	90	4101	21	-90	90	4101	21	-90	90	4101	21	-90	90	4101	21	-90	90	4101	21	-90	90	4101	21	-90	90	4101	21	-90	90	4101	21	-90	90	4101	21	-90	90	4101	21	-90	90	4101	21	-90	90	4101	21	-90	90	4101	21	-90	90	4101
22	-147	48	4149	22	-147	48	4149	22	-147	48	4149	22	-147	48	4149	22	-147	48	4149	22	-147	48	4149	22	-147	48	4149	22	-147	48	4149	22	-147	48	4149	22	-147	48	4149	22	-147	48	4149	22	-147	48	4149	22	-147	48	4149	22	-147	48	4149	22	-147	48	4149	22	-147	48	4149	22	-147	48	4149	22	-147	48	4149	22	-147	48	4149
23	-63	63	4212	23	-63	63	4212	23	-63	63	4212	23	-63	63	4212	23	-63	63	4212	23	-63	63	4212	23	-63	63	4212	23	-63	63	4212	23	-63	63	4212	23	-63	63	4212	23	-63	63	4212	23	-63	63	4212	23	-63	63	4212	23	-63	63	4212	23	-63	63	4212	23	-63	63	4212	23	-63	63	4212	23	-63	63	4212	23	-63	63	4212
24	-193	94	4306	24	-193	94	4306	24	-193	94	4306	24	-193	94	4306	24	-193	94	4306	24	-193	94	4306	24	-193	94	4306	24	-193	94	4306	24	-193	94	4306	24	-193	94	4306	24	-193	94	4306	24	-193	94	4306	24	-193	94	4306	24	-193	94	4306	24	-193	94	4306	24	-193	94	4306	24	-193	94	4306	24	-193	94	4306	24	-193	94	4306
25	-59	59	4365	25	-59	59	4365	25	-59	59	4365	25	-59	59	4365	25	-59	59	4365	25	-59	59	4365	25	-59	59	4365	25	-59	59	4365	25	-59	59	4365	25	-59	59	4365	25	-59	59	4365	25	-59	59	4365	25	-59	59	4365	25	-59	59	4365	25	-59	59	4365	25	-59	59	4365	25	-59	59	4365	25	-59	59	4365	25	-59	59	4365
26	-213	114	4479	26	-213	114	4479	26	-213	114	4479	26	-213	114	4479	26	-213	114	4479	26	-213	114	4479	26	-213	114	4479	26	-213	114	4479	26	-213	114	4479	26	-213	114	4479	26	-213	114	4479	26	-213	114	4479	26	-213	114	4479	26	-213	114	4479	26	-213	114	4479	26	-213	114	4479	26	-213	114	4479	26	-213	114	4479	26	-213	114	4479
27	-426	129	4608	27	-426	129	4608	27	-426	129	4608	27	-426	129	4608	27	-426	129	4608	27	-426	129	4608	27	-426	129	4608	27	-426	129	4608	27	-426	129	4608	27	-426	129	4608	27	-426	129	4608	27	-426	129	4608	27	-426	129	4608	27	-426	129	4608	27	-426	129	4608	27	-426	129	4608	27	-426	129	4608	27	-426	129	4608	27	-426	129	4608
28	-143	44	4652	28	-143	44	4652	28	-143	44	4652	28	-143	44	4652	28	-143	44	4652	28	-143	44	4652	28	-143	44	4652	28	-143	44	4652	28	-143	44	4652	28	-143	44	4652	28	-143	44	4652	28	-143	44	4652	28	-143	44	4652	28	-143	44	4652	28	-143	44	4652	28	-143	44	4652	28	-143	44	4652	28	-143	44	4652	28	-143	44	4652
29	-198	99	4751	29	-198	99	4751	29	-198	99	4751	29	-198	99	4751	29	-198	99	4751	29	-198	99	4751	29	-198	99	4751	29	-198	99	4751	29	-198	99	4751	29	-198	99	4751	29	-198	99	4751	29	-198	99	4751	29	-198	99	4751	29	-198	99	4751	29	-198	99	4751	29	-198	99	4751	29	-198	99	4751	29	-198	99	4751	29	-198	99	4751
30	-56	56	4807	30	-56	56	4807	30	-56	56	4807	30	-56	56	4807	30	-56	56	4807	30	-56	56	4807	30	-56	56	4807	30	-56	56	4807	30	-56	56	4807	30	-56	56	4807	30	-56	56	4807	30	-56	56	4807	30	-56	56	4807	30	-56	56	4807	30	-56	56	4807	30	-56	56	4807	30	-56	56	4807	30	-56	56	4807	30	-56	56	4807
31	-94	94	4901	31	-94	94	4901	31	-94	94	4901	31	-94	94	4901	31	-94	94	4901	31	-94	94	4901	31	-94	94	4901	31	-94	94	4901	31	-94	94	4901	31	-94	94	4901	31	-94	94	4901	31	-94	94	4901	31	-94	94	4901	31	-94	94	4901	31	-94	94	4901	31	-94	94	4901	31	-94	94	4901	31	-94	94	4901	31	-94	94	4901
32	-34	34	4935	32	-34	34	4935	32	-34	34	4935	32	-34	34	4935	32	-34	34	4935	32	-34	34	4935	32	-34	34	4935	32	-34	34	4935	32	-34	34	4935	32	-34	34	4935	32	-34	34	4935	32	-34	34	4935	32	-34	34	4935	32	-34	34	4935	32	-34	34	4935	32	-34	34	4935	32	-34	34	4935	32	-34	34	4935	32	-34	34	4935
33	-78	78	5013	33	-78	78	5013	33	-78	78	5013	33	-78	78	5013	33	-78	78	5013	33	-78	78	5013	33	-78	78	5013	33	-78	78	5013	33	-78	78	5013	33	-78	78	5013	33	-78	78	5013	33	-78	78	5013	33	-78	78	5013	33	-78	78	5013	33	-78	78	5013	33	-78	78	5013	33	-78	78	5013	33	-78	78	5013	33	-78	78	5013
34	-43	43	5056	34	-43	43	5056	34	-43	43	5056	34	-43	43	5056	34	-43	43	5056	34	-43	43	5056	34	-43	43	5056	34	-43	43	5056	34	-43	43	5056	34	-43	43	5056	34	-43	43	5056	34	-43	43	5056	34	-43	43	5056	34	-43	43	5056	34	-43	43	5056	34	-43	43	5056	34	-43	43	5056	34	-43	43	5056	34	-43	43	5056
35	-202	103	5159	35	-202	103	5159	35	-202	103	5159	35	-202	103	5159	35	-202	103	5159	35	-202	103	5159	35	-202	103	5159	35	-202	103	5159	35	-202	103	5159	35	-202	103	5159	35	-202	103	5159	35	-202	103	5159	35	-202	103	5159	35	-202	103	5159	35	-202	103	5159	35	-202	103	5159	35	-202	103	5159	35	-202	103	5159	35	-202	103	5159
36	-143	44	5203	36	-143	44	5203	36	-143	44	5203	36	-143	44	5203	36	-143	44	5203	36	-143	44	5203	36	-143	44	5203	36	-143	44	5203	36	-143	44	5203	36	-143	44	5203	36	-143	44	5203	36	-143	44	5203	36	-143	44	5203	36	-143	44	5203	36	-143	44	5203	36	-143	44	5203	36	-143	44	5203	36	-143	44	5203	36	-143	44	5203
37	-66	66	5269	37	-66	66	5269	37	-66	66	5269	37	-66	66	5269	37	-66	66	5269	37	-66	66	5269	37	-66	66	5269	37	-66	66	5269	37	-66	66	5269	37	-66	66	5269	37	-66	66	5269	37	-66	66	5269	37	-66	66	5269	37	-66	66	5269	37	-66	66	5269	37	-66	66	5269	37	-66	66	5269	37	-66	66	5269	37	-66	66	5269
38	-448	151	5420	38	-448	151	5420	38	-448	151	5420	38	-448	151	5420	38	-448	151	5420	38	-448	151	5420	38	-448	151	5420	38	-448	151	5420	38	-448	151	5420	38	-448	151	5420	38	-448	151	5420	38	-448	151	5420	38	-448	151	5420	38	-448	151	5420	38	-448	151	5420	38	-448	151	5420	38	-448	151	5420	38	-448	151	5420	38	-448	151	5420
39	-66	66	5486	39	-66	66	5486	39	-66	66	5486	39	-66	66	5486	39	-66	66	5486	39	-66	66	5486	39	-66	66	5486	39	-66	66	5486	39	-66	66	5486	39	-66	66	5486	39	-66	66	5486	39	-66	66	5486	39	-66	66	5486	39	-66	66	5486	39	-66	66	5486	39	-66	66	5486	39	-66	66	5486	39	-66	66	5486	39	-66	66	5486
40	-308	110	5596	40	-308	110	5596	40	-308	110	5596	40	-308	110	5596	40	-308	110	5596	40	-308	110	5596	40	-308	110	5596	40	-308	110	5596	40	-308	110	5596	40	-308	110	5596	40	-308	110	5596	40	-308	110	5596	40	-308	110	5596	40	-308	110	5596	40	-308	110	5596	40	-308	110	5596	40	-308	110	5596	40	-308	110	5596	40	-308	110	5596
41	-51	51	5647	41	-51	51	5647	41	-51	51	5647	41	-51	51	5647	41	-51	51	5647	41	-51	51	5647	41	-51	51	5647	41	-51	51	5647	41	-51	51	5647	41	-51	51	5647	41	-51	51	5647	41	-51	51	5647	41	-51	51	5647	41	-51	51	5647	41	-51	51	5647	41	-51	51	5647	41	-51	51	5647	41	-51	51	5647	41	-51	51	5647
42	-58	58	5705	42	-58	58	5705	42	-58	58	5705	42	-58	58	5705	42	-58	58	5705	42	-58	58	5705	42	-58	58	5705	42	-58	58	5705	42	-58	58	5705	42	-58	58	5705	42	-58	58	5705	42	-58	58	5705	42	-58	58	5705	42	-58	58	5705	42	-58	58	5705	42	-58	58	5705	42	-58	58	5705	42	-58	58	5705	42	-58	58	5705
43	-183	84	5789	43	-183	84	5789	43	-183	84	5789	43	-183	84	5789	43	-183	84	5789	43	-183	84	5789	43	-183	84	5789	43	-183	84	5789	43	-183	84	5789	43	-183	84	5789	43	-183	84	5789	43	-183	84	5789	43	-183	84	5789	43	-183	84	5789	43	-183	84	5789	43	-183	84	5789	43	-183	84	5789	43	-183	84	5789	43	-183	84	5789
44	-218	119	5908	44	-218	119	5908	44	-218	119	5908	44	-218	119	5908	44	-218	119	5908	44	-218	119	5908	44	-218	119	5908	44	-218	119	5908	44	-218	119	5908	44	-218	119	5908	44	-218	119	5908	44	-218	119	5908	44	-218	119	5908	44	-218	119	5908	44	-218	119	5908	44	-218	119	5908	44	-218	119	5908	44	-218	119	5908	44	-218	119	5908
45	-27	27	5935	45	-27	27	5935	45	-27	27	5935	45	-27	27	5935	45	-27	27	5935	45	-27	27	5935	45	-27	27	5935	45	-27	27	5935	45	-27	27	5935	45	-27	27	5935	45	-27	27	5935	45	-27	27	5935	45	-27	27	5935	45	-27	27	5935	45	-27	27	5935	45	-27	27	5935	45	-27	27	5935	45	-27	27	5935	45	-27	27	5935
46	-37	37	5972	46	-37	37	5972	46	-37	37	5972	46	-37	37	5972	46	-37	37	5972	46	-37	37	5972	46	-37	37	5972	46	-37	37	5972	46	-37	37	5972	46	-37	37	5972	46	-37	37	5972	46	-37	37	5972	46	-37	37	5972	46	-37	37	5972	46	-37	37	5972	46	-37	37	5972	46	-37	37	5972	46	-37	37	5972	46	-37	37	5972
47	-201	102	6074	47	-201	102	6074	47	-201	102	6074	47	-201	102	6074	47	-201	102	6074	47	-201	102	6074	47	-201	102	6074	47	-201	102	6074	47	-201	102	6074	47	-201	102	6074	47	-201	102	6074	47	-201	102	6074	47	-201	102	6074	47	-201	102	6074	47	-201	102	6074	47	-201	102	6074	47	-201	102	6074	47	-201	102	6074	47	-201	102	6074
48	-36	36	6110	48	-36	36	6110	48	-36	36	6110	48	-36	36	6110	48	-36	36	6110	48	-36	36	6110	48	-36	36	6110	48	-36	36	6110	48	-36	36	6110	48	-36	36	6110	48	-36	36	6110	48	-36	36	6110	48	-36	36	6110	48	-36	36	6110	48	-36	36	6110	48	-36	36	6110	48	-36	36	6110	48	-36	36	6110	48	-36	36	6110
49	-41	41	6151	49	-41	41	6151	49	-41	41	6151	49	-41	41	6151	49	-41	41	6151	49	-41	41	6151	49	-41	41	6151	49	-41	41	6151	49	-41	41	6151	49	-41	41	6151	49	-41	41	6151	49	-41	41	6151	49	-41	41	6151	49	-41	41	6151	49	-41	41	6151	49	-41	41	6151	49	-41	41	6151	49	-41	41	6151	49	-41	41	6151
50	-29	29	6180	50	-29	29	6180	50	-29	29	6180	50	-29	29	6180	50	-29	29	6180	50	-29	29	6180	50	-29	29	6180	50	-29	29	6180	50	-29	29	6180	50	-29	29	6180	50	-29	29	6180	50	-29	29	6180	50	-29	29	6180	50	-29	29	6180	50	-29	29	6180	50	-29	29	6180	50	-29	29	6180	50	-29	29	6180	50	-29	29	6180
51	-38	38	6218	51	-38	38	6218	51	-38	38	6218	51	-38	38	6218	51	-38	38	6218	51	-38	38	6218	51	-38	38	6218	51	-38	38	6218	51	-38	38	6218	51	-38	38	6218	51	-38	38	6218	51	-38	38	6218	51	-38	38	6218	51	-38	38	6218	51	-38	38	6218	51	-38	38	6218	51	-38	38	6218	51	-38	38	6218	51	-38	38	6218
52	-157	58	6276	52	-157	58	6276	52	-157	58	6276	52	-157	58	6276	52	-157	58	6276	52	-157	58	6276	52	-157	58	6276	52	-157	58	6276	52	-157	58	6276	52	-157	58	6276	52	-157	58	6276	52	-157	58	6276	52	-157	58	6276	52	-157	58	6276	52	-157	58	6276	52	-157	58	6276	52	-157	58	6276	52	-157	58	6276	52	-157	58	6276
53	-178	79	6355	53	-178	79	6355	53	-178	79	6355	53	-178	79	6355	53	-178	79	6355	53	-178	79	6355	53	-178	79	6355	53	-178	79	6355	53	-178	79	6355	53	-178	79	6355	53	-178	79	6355	53	-178	79	6355	53	-178	79	6355	53	-178	79	6355	53	-178	79	6355	53	-178	79	6355	53	-178	79	6355	53	-178	79	6355	53	-178	79	6355
54	-55	55	6410	54	-55	55	6410	54	-55	55	6410	54	-55	55	6410	54	-55	55	6410	54	-55	55	6410	54	-55	55	6410	54	-55	55	6410	54	-55	55	6410	54	-55	55	6410	54	-55	55	6410	54	-55	55	6410	54	-55	55	6410	54	-55	55	6410	54	-55	55	6410	54	-55	55	6410	54	-55	55	6410	54	-55	55	6410	54	-55	55	6410
55	-43	43	6453	55	-43	43	6453	55	-43	43	6453	55	-43	43	6453	55	-43	43	6453	55	-43	43	6453	55	-43	43	6453	55	-43	43	6453	55	-43	43	6453	55	-43	43	6453	55	-43	43	6453	55	-43	43	6453	55	-43	43	6453	55	-43	43	6453	55	-43	43	6453	55	-43	43	6453	55	-43	43	6453	55	-43	43	6453	55	-43	43	6453
56	-167	68	6521	56	-167	68	6521	56	-167	68	6521	56	-167	68	6521	56	-167	68	6521	56	-167	68	6521	56	-167	68	6521	56	-167	68	6521	56	-167	68	6521	56	-167	68	6521	56	-167	68	6521	56	-167	68	6521	56	-167	68	6521	56	-167	68	6521	56	-167	68	6521	56	-167	68	6521	56	-167	68	6521	56	-167	68	6521	56	-167	68	6521
57	-485	89	6610	57	-485	89	6610	57	-485	89	6610	57	-485	89	6610	57	-485	89	6610	57	-485	89	6610	57	-485	89	6610	57	-485	89	6610	57	-485	89	6610	57	-485	89	6610	57	-485	89	6610	57	-485	89	6610	57	-485	89	6610	57	-485	89	6610	57	-485	89	6610	57	-485	89	6610	57	-485	89	6610	57	-485	89	6610	57	-485	89	6610
58	-69	69	6679	58	-69	69	6679	58	-69	69	6679	58	-69	69	6679	58	-69	69	6679	58	-69	69	6679	58	-69	69	6679	58	-69	69	6679	58	-69	69	6679	58	-69	69	6679	58	-69	69	6679	58	-69	69	6679	58	-69	69	6679	58	-69	69	6679	58	-69	69	6679	58	-69	69	6679	58	-69	69	6679	58	-69	69	6679	58	-69	69	6679
59	-37	37	6716	59	-37	37	6716	59	-37	37	6716	59	-37	37	6716	59	-37	37	6716	59	-37	37	6716	59	-37	37	6716	59	-37	37	6716	59	-37	37	6716	59	-37	37	6716	59	-37	37	6716	59	-37	37	6716	59	-37	37	6716	59	-37	37	6716	59	-37	37	6716	59	-37	37	6716	59	-37	37	6716	59	-37	37	6716	59	-37	37	6716
60	-147	48	6764	60	-147	48	6764	60	-147	48	6764	60	-147	48	6764	60	-147	48	6764	60	-147	48	6764	60	-147	48	6764	60	-147	48	6764	60	-147	48	6764	60	-147	48	6764	60	-147	48	6764	60	-147	48	6764	60	-147	48	6764	60	-147	48	6764	60	-147	48	6764	60	-147	48	6764	60	-147	48	6764	60	-147	48	6764	60	-147	48	6764
61	-48	48	6812	61	-48	48	6812	61	-48	48	6812	61	-48	48	6812	61	-48	48	6812	61	-48	48	6812	61	-48	48	6812	61	-48	48	6812	61	-48	48	6812	61	-48	48	6812	61	-48	48	6812	61	-48	48	6812	61	-48	48	6812	61	-48	48	6812	61	-48	48	6812	61	-48	48	6812	61	-48	48	6812	61	-48	48	6812	61	-48	48	6812
62	-18	18	6830	62	-18	18	6830	62	-18	18	6830	62	-18	18	6830	62	-18	18	6830	62	-18	18	6830	62	-18	18	6830	62	-18	18	6830	62	-18	18	6830	62	-18	18	6830	62	-18	18	6830	62	-18	18	6830	62	-18	18	6830	62	-18	18	6830	62	-18	18	6830	62	-18	18	6830	62	-18	18	6830	62	-18	18	6830	62	-18	18	6830
63	-35	35	6865	63	-35	35	6865	63	-35	35	6865	63	-35	35	6865	63	-35	35	6865	63	-35	35	6865	63	-35	35	6865	63	-35	35	6865	63	-35	35	6865	63	-35	35	6865	63	-35	35	6865	63	-35	35	6865	63	-35	35	6865	63	-35	35	6865	63	-35	35	6865	63	-35	35	6865	63	-35	35	6865	63	-35	35	6865	63	-35	35	6865
64	-49	49	6914	64	-49	49	6914	64	-49	49	6914	64	-49	49	6914	64	-49	49	6914	64	-49	49	6914	64	-49	49	6914	64	-49	49	6914	64	-49	49	6914	64	-49	49	6914	64	-49	49	6914	64	-49	49	6914	64	-49	49	6914	64	-49	49	6914	64	-49	49	6914	64	-49	49	6914	64	-49	49	6914	64	-49	49	6914	64	-49	49	6914
65	-43	43	6957	65	-43	43	6957	65	-43	43	6957	65	-43	43	6957	65	-43	43	6957	65	-43	43	6957	65	-43	43	6957	65	-43	43	6957	65	-43	43	6957	65	-43	43	6957	65	-43	43	6957	65	-43	43	6957	65	-43	43	6957	65	-43	43	6957	65	-43	43	6957	65	-43	43	6957	65	-43	43	6957	65	-43	43	6957	65	-43	43	6957
66	-32	32	6989	66	-32	32	6989	66	-32	32	6989	66	-32	32	6989	66	-32	32	6989	66	-32	32	6989	66	-32	32	6989	66	-32	32	6989	66	-32	32	6989	66	-32	32	6989	66	-32	32	6989	66	-32	32	6989	66	-32	32	6989	66	-32	32	6989	66	-32	32	6989	66	-32	32	6989	66	-32	32	6989	66	-32	32	6989	66	-32	32	6989
67	-50	50	7039	67	-50	50	7039	67	-50	50	7039	67	-50	50	7039	67	-50	50	7039	67	-50	50	7039	67	-50	50	7039	67	-50	50	7039	67	-50	50	7039	67	-50	50	7039	67	-50	50	7039	67	-50	50	7039	67	-50	50	7039	67	-50	50	7039	67	-50	50	7039	67	-50	50	7039	67	-50	50	7039	67	-50	50	7039	67	-50	50	7039
68	-221	122	7161	68	-221	122	7161	68	-221	122	7161	68	-221	122	7161	68	-221	122	7161	68	-221	122	7161	68	-221	122	7161	68	-221	122	7161	68	-221	122	7161	68	-221	122	7161	68	-221	122	7161	68	-221	122	7161	68	-221	122	7161	68	-221	122	7161	68	-221	122	7161	68	-221	122	7161	68	-221	122	7161	68	-221	122	7161	68	-221	122	7161
69	-153	54	7215	69	-153	54	7215	69	-153	54	7215	69	-153	54	7215	69	-153	54	7215	69	-153	54	7215	69	-153	54	7215	69	-153	54	7215	69	-153	54	7215	69	-153	54	7215	69	-153	54	7215	69	-153	54	7215	69	-153	54	7215	69	-153	54	7215	69	-153	54	7215	69	-153	54	7215	69	-153	54	7215	69	-153	54	7215	69	-153	54	7215
70	-30	30	7245	70	-30	30	7245	70	-30	30	7245	70	-30	30	7245	70	-30	30	7245	70	-30	30	7245	70	-30	30	7245	70	-30	30	7245	70	-30	30	7245	70	-30	30	7245	70	-30	30	7245	70	-30	30	7245	70	-30	30	7245	70	-30	30	7245	70	-30	30	7245	70	-30	30	7245	70	-30	30	7245	70	-30	30	7245	70	-30	30	7245
71	-153	54	7299	71	-153	54	7299	71	-153	54	7299	71	-153	54	7299	71	-153	54	7299	71	-153	54	7299	71	-153	54	7299	71	-153	54	7299	71	-153	54	7299	71	-153	54	7299	71	-153	54	7299	71	-153	54	7299	71	-153	54	7299	71	-153	54	7299	71	-153	54	7299	71	-153	54	7299	71	-153	54	7299	71	-153	54	7299	71	-153	54	7299
72	-287	89	7388	72	-287	89	7388	72	-287	89	7388	72	-287	89	7388	72	-287	89	7388	72	-287	89	7388	72	-287	89	7388	72	-287	89	7388	72	-287	89	7388	72	-287	89	7388	72	-287	89	7388	72	-287	89	7388	72	-287	89	7388	72	-287	89	7388	72	-287	89	7388	72	-287	89	7388	72	-287	89	7388	72	-287	89	7388	72	-287	89	7388
73	-21	21	7409	73	-21	21	7409	73	-21	21	7409	73	-21	21	7409	73	-21	21	7409	73	-21	21	7409	73	-21	21	7409	73	-21	21	7409	73	-21	21	7409	73	-21	21	7409	73	-21	21	7409	73	-21	21	7409	73	-21	21	7409	73	-21	21	7409	73	-21	21	7409	73	-21	21	7409	73	-21	21	7409	73	-21	21	7409	73	-21	21	7409
74	-65	65	7474	74	-65	65	7474	74	-65	65	7474	74	-65	65	7474	74	-65	65	7474	74	-65	65	7474	74	-65	65	7474	74	-65	65	7474	74	-65	65	7474	74	-65	65	7474	74	-65	65	7474	74	-65	65	7474	74	-65	65	7474	74	-65	65	7474	74	-65	65	7474	74	-65	65	7474	74	-65	65	7474	74	-65	65	7474	74	-65	65	7474
75	-41	41	7515	75	-41	41	7515	75	-41	41	7515	75	-41	41	7515	75	-41	41	7515	75	-41	41	7515	75	-41	41	7515	75	-41	41	7515	75	-41	41	7515	75	-41	41	7515	75	-41	41	7515	75	-41	41	7515	75	-41	41	7515	75	-41	41	7515	75	-41	41	7515	75	-41	41	7515	75	-41	41	7515	75	-41	41	7515	75	-41	41	7515
76	-26	26	7541	76	-26	26	7541	76	-26	26	7541	76	-26	26	7541	76	-26	26	7541	76	-26	26	7541	76	-26	26	7541	76	-26	26	7541	76	-26	26	7541	76	-26	26	7541	76	-26	26	7541	76	-26	26	7541	76	-26	26	7541	76	-26	26	7541	76	-26	26	7541	76	-26	26	7541	76	-26	26	7541	76	-26	26	7541	76	-26	26	7541
77	-26	26	7567	77	-26	26	7567	77	-26	26	7567	77	-26	26	7567	77	-26	26	7567	77	-26	26	7567	77	-26	26	7567	77	-26	26	7567	77	-26	26	7567	77	-26	26	7567	77	-26	26	7567	77	-26	26	7567	77	-26	26	7567	77	-26	26	7567	77	-26	26	7567	77	-26	26	7567	77	-26	26	7567	77	-26	26	7567	77	-26	26	7567
78	-45	45	7612	78	-45	45	7612	78	-45	45	7612	78	-45	45	7612	78	-45	45	7612	78	-45	45	7612	78	-45	45	7612	78	-45	45	7612	78	-45	45	7612	78	-45	45	7612	78	-45	45	7612	78	-45	45	7612	78	-45	45	7612	78	-45	45	7612	78	-45	45	7612	78	-45	45	7612	78	-45	45	7612	78	-45	45	7612	78	-45	45	7612
79	-33	33	7645	79	-33	33	7645	79	-33	33	7645	79	-33	33	7645	79	-33	33	7645	79	-33	33	7645	79	-33	33	7645	79	-33	33	7645	79	-33	33	7645	79	-33	33	7645	79	-33	33	7645	79	-33	33	7645	79	-33	33	7645	79	-33	33	7645	79	-33	33	7645	79	-33	33	7645	79	-33	33	7645	79	-33	33	7645	79	-33	33	7645
80	-34	34	7679	80	-34	34	7679	80	-34	34	7679	80	-34	34	7679	80	-34	34	7679	80	-34	34	7679	80	-34	34	7679	80	-34	34	7679	80	-34	34	7679	80	-34	34	7679	80	-34	34	7679	80	-34	34	7679	80	-34	34	7679	80	-34	34	7679	80	-34	34	7679	80	-34	34	7679	80	-34	34	7679	80	-34	34	7679	80	-34	34	7679
81	-37	37	7716	81	-37	37	7716	81	-37	37	7716	81	-37	37	7716	81	-37	37	7716	81	-37	37	7716	81	-37	37	7716	81	-37	37	7716	81	-37	37	7716	81	-37	37	7716	81	-37	37	7716	81	-37	37	7716	81	-37	37	7716	81	-37	37	7716	81	-37	37	7716	81	-37	37	7716	81	-37	37	7716	81	-37	37	7716	81	-37	37	7716
82	-141	42	7758	82	-141	42	7758	82	-141	42	7758	82	-141	42	7758	82	-141	42	7758	82	-141	42	7758	82	-141	42	7758	82	-141	42	7758	82	-141	42	7758	82	-141	42	7758	82	-141	42	7758	82	-141	42	7758	82	-141	42	7758	82	-141	42	7758	82	-141	42	7758	82	-141	42	7758	82	-141	42	7758	82	-141	42	7758	82	-141	42	7758
83	-43	43	7801	83	-43	43	7801	83	-43	43	7801	83	-43	43	7801	83	-43	43	7801	83	-43	43	7801	83	-43	43	7801	83	-43	43	7801	83	-43	43	7801	83	-43	43	7801	83	-43	43	7801	83	-43	43	7801	83	-43	43	7801	83	-43	43	7801	83	-43	43	7801	83	-43	43	7801	83	-43	43	7801	83	-43	43	7801	83	-43	43	7801
84	-36	36	7837	84	-36	36	7837	84	-36	36	7837	84	-36	36	7837	84	-36	36	7837	84	-36	36	7837	84	-36	36	7837	84	-36	36	7837	84	-36	36	7837	84	-36	36	7837	84	-36	36	7837	84	-36	36	7837	84	-36	36	7837	84	-36	36	7837	84	-36	36	7837	84	-36	36	7837	84	-36	36	7837	84	-36	36	7837	84	-36	36	7837
85	-48	48	7885	85	-48	48	7885	85	-48	48	7885	85	-48	48	7885	85	-48	48	7885	85	-48	48	7885	85	-48	48	7885	85	-48	48	7885	85	-48	48	7885	85	-48	48	7885	85	-48	48	7885	85	-48	48	7885	85	-48	48	7885	85	-48	48	7885	85	-48	48	7885	85	-48	48	7885	85	-48	48	7885	85	-48	48	7885	85	-48	48	7885
86	-26	26	7911	86	-26	26	7911	86	-26	26	7911	86	-26	26	7911	86	-26	26	7911	86	-26	26	7911	86	-26	26	7911	86	-26	26	7911	86	-26	26	7911	86	-26	26	7911	86	-26	26	7911	86	-26	26	7911	86	-26	26	7911	86	-26	26	7911	86	-26	26	7911	86	-26	26	7911	86	-26	26	7911	86	-26	26	7911	86	-26	26	7911
87	-30	30	7941	87	-30	30	7941	87	-30	30	7941	87	-30	30	7941	87	-30	30	7941	87	-30	30	7941	87	-30	30	7941	87	-30	30	7941	87	-30	30	7941	87	-30	30	7941	87	-30	30	7941	87	-30	30	7941	87	-30	30	7941	87	-30	30	7941	87	-30	30	7941	87	-30	30	7941	87	-30	30	7941	87	-30	30	7941	87	-30	30	7941
88	-34	34	7975	88	-34	34	7975	88	-34	34	7975	88	-34	34	7975	88	-34	34	7975	88	-34	34	7975	88	-34	34	7975	88	-34	34	7975	88	-34	34	7975	88	-34	34	7975	88	-34	34	7975	88	-34	34	7975	88	-34	34	7975	88	-34	34	7975	88	-34	34	7975	88	-34	34	7975	88	-34	34	7975	88	-34	34	7975	88	-34	34	7975
89	-21	21	7996	89	-21	21	7996	89	-21	21	7996	89	-21	21	7996	89	-21	21	7996	89	-21	21	7996	89	-21	21	7996	89	-21	21	7996	89	-21	21	7996	89	-21	21	7996	89	-21	21	7996	89	-21	21	7996	89	-21	21	7996	89	-21	21	7996	89	-21	21	7996	89	-21	21	7996	89	-21	21	7996	89	-21	21	7996	89	-21	21	7996
90	-135	36	8032	90	-135	36	8032	90	-135	36	8032	90	-135	36	8032	90	-135	36	8032	90	-135	36	8032	90	-135	36	8032	90	-135	36	8032	90	-135	36	8032	90	-135	36	8032	90	-135	36	8032	90	-135	36	8032	90	-135	36	8032	90	-135	36	8032	90	-135	36	8032	90	-135	36	8032	90	-135	36	8032	90	-135	36	8032	90	-135	36	8032
91	-50	50	8082	91	-50	50	8082	91	-50	50	8082	91	-50	50	8082	91	-50	50	8082	91	-50	50	8082	91	-50	50	8082	91	-50	50	8082	91	-50	50	8082	91	-50	50	8082	91	-50	50	8082	91	-50	50	8082	91	-50	50	8082	91	-50	50	8082	91	-50	50	8082	91	-50	50	8082	91	-50	50	8082	91	-50	50	8082	91	-50	50	8082
92	-141	42	8124	92	-141	42	8124	92	-141	42	8124	92	-141	42	8124	92	-141	42	8124	92	-141	42	8124	92	-141	42	8124	92	-141	42	8124	92	-141	42	8124	92	-141	42	8124	92	-141	42	8124	92	-141	42	8124	92	-141	42	8124	92	-141	42	8124	92	-141	42	8124	92	-141	42	8124	92	-141	42	8124	92	-141	42	8124	92	-141	42	8124
93	-23	23	8147	93	-23	23	8147	93	-23	23	8147	93	-23	23	8147	93	-23	23	8147	93	-23	23	8147	93	-23	23	8147	93	-23	23	8147	93	-23	23	8147	93	-23	23	8147	93	-23	23	8147	93	-23	23	8147	93	-23	23	8147	93	-23	23	8147	93	-23	23	8147	93	-23	23	8147	93	-23	23	8147	93	-23	23	8147	93	-23	23	8147
94	-144	45	8192	94	-144	45	8192	94	-144	45	8192	94	-144	45	8192	94	-144	45	8192	94	-144	45	8192	94	-144	45	8192	94	-144	45	8192	94	-144	45	8192	94	-144	45	8192	94	-144	45	8192	94	-144	45	8192	94	-144	45	8192	94	-144	45	8192	94	-144	45	8192	94	-144	45	8192	94	-144	45	8192	94	-144	45	8192	94	-144	45	8192
95	-62	62	8254	95	-62	62	8254	95	-62	62	8254	95	-62	62	8254	95	-62	62	8254	95	-62	62	8254	95	-62	62	8254	95	-62	62	8254	95	-62	62	8254	95	-62	62	8254	95	-62	62	8254	95	-62	62	8254	95	-62	62	8254	95	-62	62	8254	95	-62	62	8254	95	-62	62	8254	95	-62	62	8254	95	-62	62	8254	95	-62	62	8254
96	-20	20	8274	96	-20	20	8274	96	-20	20	8274	96	-20	20	8274	96	-20	20	8274	96	-20	20	8274	96	-20	20	8274	96	-20	20	8274	96	-20	20	8274	96	-20	20	8274	96	-20	20	8274	96	-20	20	8274	96	-20	20	8274	96	-20	20	8274	96	-20	20	8274	96	-20	20	8274	96	-20	20	8274	96	-20	20	8274	96	-20	20	8274
97	-50	50	8324	97	-50	50	8324	97	-50	50	8324	97	-50	50	8324	97	-50	50	8324	97	-50	50	8324	97	-50	50	8324	97	-50	50	8324	97	-50	50	8324	97	-50	50	8324	97	-50	50	8324	97	-50	50	8324	97	-50	50	8324	97	-50	50	8324	97	-50	50	8324	97	-50	50	8324	97	-50	50	8324	97	-50	50	8324	97	-50	50	8324
98	-23	23	8347	98	-23	23	8347	98	-23	23	8347	98	-23	23	8347	98	-23	23	8347	98	-23	23	8347	98	-23	23	8347	98	-23	23	8347	98	-23	23	8347	98	-23	23	8347	98	-23	23	8347	98	-23	23	8347	98	-23	23	8347	98	-23	23	8347	98	-23	23	8347	98	-23	23	8347	98	-23	23	8347	98	-23	23	8347	98	-23	23	8347
99	-144	45	8392	99	-144	45	8392	99	-144	45	8392	99	-144	45	8392	99	-144	45	8392	99	-144	45	8392	99	-144	45	8392	99	-144	45	8392	99	-144	45	8392	99	-144	45	8392	99	-144	45	8392	99	-144	45	8392	99	-144	45	8392	99	-144	45	8392	99	-144	45	8392	99	-144	45	8392	99	-144	45	8392	99	-144	45	8392	99	-144	45	8392
100	-147	48	8440	100	-147	48	8440	100	-147	48	8440	100	-147	48	8440	100	-147	48	8440	100	-147	48	8440	100	-147	48	8440	100	-147	48	8440	100	-147	48	8440	100	-147	48	8440	100	-147	48	8440	100	-147	48	8440	100	-147	48	8440	100	-147	48	8440	100	-147	48	8440	100	-147	48	8440	100	-147	48	8440	100	-147	48	8440	100	-147	48	8440
101	-21	21	8461	101	-21	21	8461	101	-21	21	8461	101	-21	21	8461	101	-21	21	8461	101	-21	21	8461	101	-21	21	8461	101	-21	21	8461	101	-21	21	8461	101	-21	21	8461	101	-21	21	8461	101	-21	21	8461	101	-21	21	8461	101	-21	21	8461	101	-21	21	8461	101	-21	21	8461	101	-21	21	8461	101	-21	21	8461	101	-21	21	8461
102	-174	75	8536	102	-174	75	8536	102	-174	75	8536	102	-174	75	8536	102	-174	75	8536	102	-174	75	8536	102	-174	75	8536	102	-174	75	8536	102	-174	75	8536	102	-174	75	8536	102	-174	75	8536	102	-174	75	8536	102	-174	75	8536	102	-174	75	8536	102	-174	75	8536	102	-174	75	8536	102	-174	75	8536	102	-174	75	8536	102	-174	75	8536
103	-24	24	8560	103	-24	24	8560	103	-24	24	8560	103	-24	24	8560	103	-24	24	8560	103	-24	24	8560	103	-24	24	8560	103	-24	24	8560	103	-24	24	8560	103	-24	24	8560	103	-24	24	8560	103	-24	24	8560	103	-24	24	8560	103	-24	24	8560	103	-24	24	8560	103	-24	24	8560	103	-24	24	8560	103	-24	24	8560	103	-24	24	8560
104	-33	33	8593	104	-33	33	8593	104	-33	33	8593	104	-33	33	8593	104	-33	33	8593	104	-33	33	8593	104	-33	33	8593	104	-33	33	8593	104	-33	33	8593	104	-33	33	8593	104	-33	33	8593	104	-33	33	8593	104	-33	33	8593	104	-33	33	8593	104	-33	33	8593	104	-33	33	8593	104	-33	33	8593	104	-33	33	8593	104	-33	33	8593
105	-138	39	8632	105	-138	39	8632	105	-138	39	8632	105	-138	39	8632	105	-138	39	8632	105	-138	39	8632	105	-138	39	8632	105	-138	39	8632	105	-138	39	8632	105	-138	39	8632	105	-138	39	8632	105	-138	39	8632	105	-138	39	8632	105	-138	39	8632	105	-138	39	8632	105	-138	39	8632	105	-138	39	8632	105	-138	39	8632	105	-138	39	8632
106	-32	32	8664	106	-32	32	8664	106	-32	32	8664	106	-32	32	8664	106	-32	32	8664	106	-32	32	8664	106	-32	32	8664	106	-32	32	8664	106	-32	32	8664	106	-32	32	8664	106	-32	32	8664	106	-32	32	8664	106	-32	32	8664	106	-32	32	8664	106	-32	32	8664	106	-32	32	8664	106	-32	32	8664	106	-32	32	8664	106	-32	32	8664
107	-43	43	8707	107	-43	43	8707	107	-43	43	8707	107	-43	43	8707	107	-43	43	8707	107	-43	43	8707	107	-43	43	8707	107	-43	43	8707	107	-43	43	8707	107	-43	43	8707	107	-43	43	8707	107	-43	43	8707	107	-43	43	8707	107	-43	43	8707	107	-43	43	8707	107	-43	43	8707	107	-43	43	8707	107	-43	43	8707	107	-43	43	8707
108	-34	34	8741	108	-34	34	8741	108	-34	34	8741	108	-34	34	8741	108	-34	34	8741	108	-34	34	8741	108	-34	34	8741	108	-34	34	8741	108	-34	34	8741	108	-34	34	8741	108	-34	34	8741	108	-34	34	8741	108	-34	34	8741	108	-34	34	8741	108	-34	34	8741	108	-34	34	8741	108	-34	34	8741	108	-34	34	8741	108	-34	34	8741
109	-261	63	8804	109	-261	63	8804	109	-261	63	8804	109	-261	63	8804	109	-261	63	8804	109	-261	63	8804	109	-261	63	8804	109	-261	63	8804	109	-261	63	8804	109	-261	63	8804	109	-261	63	8804	109	-261	63	8804	109	-261	63	8804	109	-261	63	8804	109	-261	63	8804	109	-261	63	8804	109	-261	63	8804	109	-261	63	8804	109	-261	63	8804
110	-27	27	8831	110	-27	27	8831	110	-27	27	8831	110	-27	27	8831	110	-27	27	8831	110	-27	27	8831	110	-27	27	8831	110	-27	27	8831	110	-27	27	8831	110	-27	27	8831	110	-27	27	8831	110	-27	27	8831	110	-27	27	8831	110	-27	27	8831	110	-27	27	8831	110	-27	27	8831	110	-27	27	8831	110	-27	27	8831	110	-27	27	8831
111	-356	59	8890	111	-356	59	8890	111	-356	59	8890	111	-356	59	8890	111	-356	59	8890	111	-356	59	8890	111	-356	59	8890	111	-356	59	8890	111	-356	59	8890	111	-356	59	8890	111	-356	59	8890	111	-356	59	8890	111	-356	59	8890	111	-356	59	8890	111	-356	59	8890	111	-356	59	8890	111	-356	59	8890	111	-356	59	8890	111	-356	59	8890
112	-134	35	8925	112	-134	35	8925	112	-134	35	8925	112	-134	35	8925	112	-134	35	8925	112	-134	35	8925	112	-134	35	8925	112	-134	35	8925	112	-134	35	8925	112	-134	35	8925	112	-134	35	8925	112	-134	35	8925	112	-134	35	8925	112	-134	35	8925	112	-134	35	8925	112	-134	35	8925	112	-134	35	8925	112	-134	35	8925	112	-134	35	8925
113	-143	44	8969	113	-143	44	8969	113	-143	44	8969	113	-143	44	8969	113	-143	44	8969	113	-143	44	8969	113	-143	44	8969	113	-143	44	8969	113	-143	44	8969	113	-143	44	8969	113	-143	44	8969	113	-143	44	8969	113	-143	44	8969	113	-143	44	8969	113	-143	44	8969	113	-143	44	8969	113	-143	44	8969	113	-143	44	8969	113	-143	44	8969
114	-36	36	9005	114	-36	36	9005	114	-36	36	9005	114	-36	36	9005	114	-36	36	9005	114	-36	36	9005	114	-36	36	9005	114	-36	36	9005	114	-36	36	9005	114	-36	36	9005	114	-36	36	9005	114	-36	36	9005	114	-36	36	9005	114	-36	36	9005	114	-36	36	9005	114	-36	36	9005	114	-36	36	9005	114	-36	36	9005	114	-36	36	9005
115	-41	41	9046	115	-41	41	9046	115	-41	41	9046	115	-41	41	9046	115	-41	41	9046	115	-41	41	9046	115	-41	41	9046	115	-41	41	9046	115	-41	41	9046	115	-41	41	9046	115	-41	41	9046	115	-41	41	9046	115	-41	41	9046	115	-41	41	9046	115	-41	41	9046	115	-41	41	9046	115	-41	41	9046	115	-41	41	9046	115	-41	41	9046
116	-27	27	9073	116	-27	27	9073	116	-27	27	9073	116	-27	27	9073	116	-27	27	9073	116	-27	27	9073	116	-27	27	9073	116	-27	27	9073	116	-27	27	9073	116	-27	27	9073	116	-27	27	9073	116	-27	27	9073	116	-27	27	9073	116	-27	27	9073	116	-27	27	9073	116	-27	27	9073	116	-27	27	9073	116	-27	27	9073	116	-27	27	9073
117	-34	34	9107	117	-34	34	9107	117	-34	34	9107	117	-34	34	9107	117	-34	34	9107	117	-34	34	9107	117	-34	34	9107	117	-34	34	9107	117	-34	34	9107	117	-34	34	9107	117	-34	34	9107	117	-34	34	9107	117	-34	34	9107	117	-34	34	9107	117	-34	34	9107	117	-34	34	9107	117	-34	34	9107	117	-34	34	9107	117	-34	34	9107
118	-16	16	9123	118	-16	16	9123	118	-16	16	9123	118	-16	16	9123	118	-16	16	9123	118	-16	16	9123	118	-16	16	9123	118	-16	16	9123	118	-16	16	9123	118	-16	16	9123	118	-16	16	9123	118	-16	16	9123	118	-16	16	9123	118	-16	16	9123	118	-16	16	9123	118	-16	16	9123	118	-16	16	9123	118	-16	16	9123	118	-16	16	9123
119	-31	31	9154	119	-31	31	9154	119	-31	31	9154	119	-31	31	9154	119	-31	31	9154	119	-31	31	9154	119	-31	31	9154	119	-31	31	9154	119	-31	31	9154	119	-31	31	9154	119	-31	31	9154	119	-31	31	9154	119	-31	31	9154	119	-31	31	9154	119	-31	31	9154	119	-31	31	9154	119	-31	31	9154	119	-31	31	9154	119	-31	31	9154
120	-44	44	9198	120	-44	44	9198	120	-44	44	9198	120	-44	44	9198	120	-44	44	9198	120	-44	44	9198	120	-44	44	9198	120	-44	44	9198	120	-44	44	9198	120	-44	44	9198	120	-44	44	9198	120	-44	44	9198	120	-44	44	9198	120	-44	44	9198	120	-44	44	9198	120	-44	44	9198	120	-44	44	9198	120	-44	44	9198	120	-44	44	9198
121	-37	37	9235	121	-37	37	9235	121	-37	37	9235	121	-37	37	9235	121	-37	37	9235	121	-37	37	9235	121	-37	37	9235	121	-37	37	9235	121	-37	37	9235	121	-37	37	9235	121	-37	37	9235	121	-37	37	9235	121	-37	37	9235	121	-37	37	9235	121	-37	37	9235	121	-37	37	9235	121	-37	37	9235	121	-37	37	9235	121	-37	37	9235
122	-24	24	9259	122	-24	24	9259	122	-24	24	9259	122	-24	24	9259	122	-24	24	9259	122	-24	24	9259	122	-24	24	9259	122	-24	24	9259	122	-24	24	9259	122	-24	24	9259	122	-24	24	9259	122	-24	24	9259	122	-24	24	9259	122	-24	24	9259	122	-24	24	9259	122	-24	24	9259	122	-24	24	9259	122	-24	24	9259	122	-24	24	9259
123	-14	14	9273	123	-14	14	9273	123	-14	14	9273	123	-14	14	9273	123	-14	14	9273	123	-14	14	9273	123	-14	14	9273	123	-14	14	9273	123	-14	14	9273	123	-14	14	9273	123	-14	14	9273	123	-14	14	9273	123	-14	14	9273	123	-14	14	9273	123	-14	14	9273	123	-14	14	9273	123	-14	14	9273	123	-14	14	9273	123	-14	14	9273
124	-142	43	9316	124	-142	43	9316	124	-142	43	9316	124	-142	43	9316	124	-142	43	9316	124	-142	43	9316	124	-142	43	9316	124	-142	43	9316	124	-142	43	9316	124	-142	43	9316	124	-142	43	9316	124	-142	43	9316	124	-142	43	9316	124	-142	43	9316	124	-142	43	9316	124	-142	43	9316	124	-142	43	9316	124	-142	43	9316	124	-142	43	9316
125	-22	22	9338	125	-22	22	9338	125	-22	22	9338	125	-22	22	9338	125	-22	22	9338	125	-22	22	9338	125	-22	22	9338	125	-22	22	9338	125	-22	22	9338	125	-22	22	9338	125	-22	22	9338	125	-22	22	9338	125	-22	22	9338	125	-22	22	9338	125	-22	22	9338	125	-22	22	9338	125	-22	22	9338	125	-22	22	9338	125	-22	22	9338
126	-20	20	9358	126	-20	20	9358	126	-20	20	9358	126	-20	20	9358	126	-20	20	9358	126	-20	20	9358	126	-20	20	9358	126	-20	20	9358	126	-20	20	9358	126	-20	20	9358	126	-20	20	9358	126	-20	20	9358	126	-20	20	9358	126	-20	20	9358	126	-20	20	9358	126	-20	20	9358	126	-20	20	9358	126	-20	20	9358	126	-20	20	9358
127	-34	34	9392	127	-34	34	9392	127	-34	34	9392	127	-34	34	9392	127	-34	34	9392	127	-34	34	9392	127	-34	34	9392	127	-34	34	9392	127	-34	34	9392	127	-34	34	9392	127	-34	34	9392	127	-34	34	9392	127	-34	34	9392	127	-34	34	9392	127	-34	34	9392	127	-34	34	9392	127	-34	34	9392	127	-34	34	9392	127	-34	34	9392
128	-17	17	9409	128	-17	17	9409	128	-17	17	9409	128	-17	17	9409	128	-17	17	9409	128	-17	17	9409	128	-17	17	9409	128	-17	17	9409	128	-17	17	9409	128	-17	17	9409	128	-17	17	9409	128	-17	17	9409	128	-17	17	9409	128	-17	17	9409	128	-17	17	9409	128	-17	17	9409	128	-17	17	9409	128	-17	17	9409	128	-17	17	9409
129	-153	54	9463	129	-153	54	9463	129	-153	54	9463	129	-153	54	9463	129	-153	54	9463	129	-153	54	9463	129	-153	54	9463	129	-153	54	9463	129	-153	54	9463	129	-153	54	9463	129	-153	54	9463	129	-153	54	9463	129	-153	54	9463	129	-153	54	9463	129	-153	54	9463	129	-153	54	9463	129	-153	54	9463	129	-153	54	9463	129	-153	54	9463
130	-45	45	9508	130	-45	45	9508	130	-45	45	9508	130	-45	45	9508	130	-45	45	9508	130	-45	45	9508	130	-45	45	9508	130	-45	45	9508	130	-45	45	9508	130	-45	45	9508	130	-45	45	9508	130	-45	45	9508	130	-45	45	9508	130	-45	45	9508	130	-45	45	9508	130	-45	45	9508	130	-45	45	9508	130	-45	45	9508	130	-45	45	9508
131	-36	36	9544	131	-36	36	9544	131	-36	36	9544	131	-36	36	9544	131	-36	36	9544	131	-36	36	9544	131	-36	36	9544	131	-36	36	9544	131	-36	36	9544	131	-36	36	9544	131	-36	36	9544	131	-36	36	9544	131	-36	36	9544	131	-36	36	9544	131	-36	36	9544	131	-36	36	9544	131	-36	36	9544	131	-36	36	9544	131	-36	36	9544
132	-23	23	9567	132	-23	23	9567	132	-23	23	9567	132	-23	23	9567	132	-23	23	9567	132	-23	23	9567	132	-23	23	9567	132	-23	23	9567	132	-23	23	9567	132	-23	23	9567	132	-23	23	9567	132	-23	23	9567	132	-23	23	9567	132	-23	23	9567	132	-23	23	9567	132	-23	23	9567	132	-23	23	9567	132	-23	23	9567	132	-23	23	9567
133	-25	25	9592	133	-25	25	9592	133	-25	25	9592	133	-25	25	9592	133	-25	25	9592	133	-25	25	9592	133	-25	25	9592	133	-25	25	9592	133	-25	25	9592	133	-25	25	9592	133	-25	25	9592	133	-25	25	9592	133	-25	25	9592	133	-25	25	9592	133	-25	25	9592	133	-25	25	9592	133	-25	25	9592	133	-25	25	9592	133	-25	25	9592
134	-120	21	9613	134	-120	21	9613	134	-120	21	9613	134	-120	21	9613	134	-120	21	9613	134	-120	21	9613	134	-120	21	9613	134	-120	21	9613	134	-120	21	9613	134	-120	21	9613	134	-120	21	9613	134	-120	21	9613	134	-120	21	9613	134	-120	21	9613	134	-120	21	9613	134	-120	21	9613	134	-120	21	9613	134	-120	21	9613	134	-120	21	9613
135	-24	24	9637	135	-24	24	9637	135	-24	24	9637	135	-24	24	9637	135	-24	24	9637	135	-24	24	9637	135	-24	24	9637	135	-24	24	9637	135	-24	24	9637	135	-24	24	9637	135	-24	24	9637	135	-24	24	9637	135	-24	24	9637	135	-24	24	9637	135	-24	24	9637	135	-24	24	9637	135	-24	24	9637	135	-24	24	9637	135	-24	24	9637
136	-132	33	9670	136	-132	33	9670	136	-132	33	9670	136	-132	33	9670	136	-132	33	9670	136	-132	33	9670	136	-132	33	9670	136	-132	33	9670	136	-132	33	9670	136	-132	33	9670	136	-132	33	9670	136	-132	33	9670	136	-132	33	9670	136	-132	33	9670	136	-132	33	9670	136	-132	33	9670	136	-132	33	9670	136	-132	33	9670	136	-132	33	9670
137	-15	15	9685	137	-15	15	9685	137	-15	15	9685	137	-15	15	9685	137	-15	15	9685	137	-15	15	9685	137	-15	15	9685	137	-15	15	9685	137	-15	15	9685	137	-15	15	9685	137	-15	15	9685	137	-15	15	9685	137	-15	15	9685	137	-15	15	9685	137	-15	15	9685	137	-15	15	9685	137	-15	15	9685	137	-15	15	9685	137	-15	15	9685
138	-29	29	9714	138	-29	29	9714	138	-29	29	9714	138	-29	29	9714	138	-29	29	9714	138	-29	29	9714	138	-29	29	9714	138	-29	29	9714	138	-29	29	9714	138	-29	29	9714	138	-29	29	9714	138	-29	29	9714	138	-29	29	9714	138	-29	29	9714	138	-29	29	9714	138	-29	29	9714	138	-29	29	9714	138	-29	29	9714	138	-29	29	9714
139	-33	33	9747	139	-33	33	9747	139	-33	33	9747	139	-33	33	9747	139	-33	33	9747	139	-33	33	9747	139	-33	33	9747	139	-33	33	9747	139	-33	33	9747	139	-33	33	9747	139	-33	33	9747	139	-33	33	9747	139	-33	33	9747	139	-33	33	9747	139	-33	33	9747	139	-33	33	9747	139	-33	33	9747	139	-33	33	9747	139	-33	33	9747
140	-144	45	9792	140	-144	45	9792	140	-144	45	9792	140	-144	45	9792	140	-144	45	9792	140	-144	45	9792	140	-144	45	9792	140	-144	45	9792	140	-144	45	9792	140	-144	45	9792	140	-144	45	9792	140	-144	45	9792	140	-144	45	9792	140	-144	45	9792	140	-144	45	9792	140	-144	45	9792	140	-144	45	9792	140	-144	45	9792	140	-144	45	9792
141	-16	16	9808	141	-16	16	9808	141	-16	16	9808	141	-16	16	9808	141	-16	16	9808	141	-16	16	9808	141	-16	16	9808	141	-16	16	9808	141	-16	16	9808	141	-16	16	9808	141	-16	16	9808	141	-16	16	9808	141	-16	16	9808	141	-16	16	9808	141	-16	16	9808	141	-16	16	9808	141	-16	16	9808	141	-16	16	9808	141	-16	16	9808
142	-33	33	9841	142	-33	33	9841	142	-33	33	9841	142	-33	33	9841	142	-33	33	9841	142	-33	33	9841	142	-33	33	9841	142	-33	33	9841	142	-33	33	9841	142	-33	33	9841	142	-33	33	9841	142	-33	33	9841	142	-33	33	9841	142	-33	33	9841	142	-33	33	9841	142	-33	33	9841	142	-33	33	9841	142	-33	33	9841	142	-33	33	9841
143	-23	23	9864	143	-23	23	9864	143	-23	23	9864	143	-23	23	9864	143	-23	23	9864	143	-23	23	9864	143	-23	23	9864	143	-23	23	9864	143	-23	23	9864	143	-23	23	9864	143	-23	23	9864	143	-23	23	9864	143	-23	23	9864	143	-23	23	9864	143	-23	23	9864	143	-23	23	9864	143	-23	23	9864	143	-23	23	9864	143	-23	23	9864
144	-23	23	9887	144	-23	23	9887	144	-23	23	9887	144	-23	23	9887	144	-23	23	9887	144	-23	23	9887	144	-23	23	9887	144	-23	23	9887	144	-23	23	9887	144	-23	23	9887	144	-23	23	9887	144	-23	23	9887	144	-23	23	9887	144	-23	23	9887	144	-23	23	9887	144	-23	23	9887	144	-23	23	9887	144	-23	23	9887	144	-23	23	9887
145	-27	27	9914	145	-27	27	9914	145	-27	27	9914	145	-27	27	9914	145	-27	27	9914	145	-27	27	9914	145	-27	27	9914	145	-27	27	9914	145	-27	27	9914	145	-27	27	9914	145	-27	27	9914	145	-27	27	9914	145	-27	27	9914	145	-27	27	9914	145	-27	27	9914	145	-27	27	9914	145	-27	27	9914	145	-27	27	9914	145	-27	27	9914
146	-20	20	9934	146	-20	20	9934	146	-20	20	9934	146	-20	20	9934	146	-20	20	9934	146	-20	20	9934	146	-20	20	9934	146	-20	20	9934	146	-20	20	9934	146	-20	20	9934	146	-20	20	9934	146	-20	20	9934	146	-20	20	9934	146	-20	20	9934	146	-20	20	9934	146	-20	20	9934	146	-20	20	9934	146	-20	20	9934	146	-20	20	9934
147	-29	29	9963	147	-29	29	9963	147	-29	29	9963	147	-29	29	9963	147	-29	29	9963	147	-29	29	9963	147	-29	29	9963	147	-29	29	9963	147	-29	29	9963	147	-29	29	9963	147	-29	29	9963	147	-29	29	9963	147	-29	29	9963	147	-29	29	9963	147	-29	29	9963	147	-29	29	9963	147	-29	29	9963	147	-29	29	9963	147	-29	29	9963
148	-25	25	9988	148	-25	25	9988	148	-25	25	9988	148	-25	25	9988	148	-25	25	9988	148	-25	25	9988	148	-25	25	9988	148	-25	25	9988	148	-25	25	9988	148	-25	25	9988	148	-25	25	9988	148	-25	25	9988	148	-25	25	9988	148	-25	25	9988	148	-25	25	9988	148	-25	25	9988	148	-25	25	9988	148	-25	25	9988	148	-25	25	9988
149	-25	25	10013	149	-25	25	10013	149	-25	25	10013	149	-25	25	10013	149	-25	25	10013	149	-25	25	10013	149	-25	25	10013	149	-25	25	10013	149	-25	25	10013	149	-25	25	10013	149	-25	25	10013	149	-25	25	10013	149	-25	25	10013	149	-25	25	10013	149	-25	25	10013	149	-25	25	10013	149	-25	25	10013	149	-25	25	10013	149	-25	25	10013
150	-44	44	10057	150	-44	44	10057	150	-44	44	10057	150	-44	44	10057	150	-44	44	10057	150	-44	44	10057	150	-44	44	10057	150	-44	44	10057	150	-44	44	10057	150	-44	44	10057	150	-44	44	10057	150	-44	44	10057	150	-44	44	10057	150	-44	44	10057	150	-44	44	10057	150	-44	44	10057	150	-44	44	10057	150	-44	44	10057	150	-44	44	10057
151	-152	53	10110	151	-152	53	10110	151	-152	53	10110	151	-152	53	10110	151	-152	53	10110	151	-152	53	10110	151	-152	53	10110	151	-152	53	10110	151	-152	53	10110	151	-152	53	10110	151	-152	53	10110	151	-152	53	10110	151	-152	53	10110	151	-152	53	10110	151	-152	53	10110	151	-152	53	10110	151	-152	53	10110	151	-152	53	10110	151	-152	53	10110
152	-24	24	10134	152	-24	24	10134	152	-24	24	10134	152	-24	24	10134	152	-24	24	10134	152	-24	24	10134	152	-24	24	10134	152	-24	24	10134	152	-24	24	10134	152	-24	24	10134	152	-24	24	10134	152	-24	24	10134	152	-24	24	10134	152	-24	24	10134	152	-24	24	10134	152	-24	24	10134	152	-24	24	10134	152	-24	24	10134	152	-24	24	10134
153	-17	17	10151	153	-17	17	10151	153	-17	17	10151	153	-17	17	10151	153	-17	17	10151	153	-17	17	10151	153	-17	17	10151	153	-17	17	10151	153	-17	17	10151	153	-17	17	10151	153	-17	17	10151	153	-17	17	10151	153	-17	17	10151	153	-17	17	10151	153	-17	17	10151	153	-17	17	10151	153	-17	17	10151	153	-17	17	10151	153	-17	17	10151
154	-19	19	10170	154	-19	19	10170	154	-19	19	10170	154	-19	19	10170	154	-19	19	10170	154	-19	19	10170	154	-19	19	10170	154	-19	19	10170	154	-19	19	10170	154	-19	19	10170	154	-19	19	10170	154	-19	19	10170	154	-19	19	10170	154	-19	19	10170	154	-19	19	10170	154	-19	19	10170	154	-19	19	10170	154	-19	19	10170	154	-19	19	10170
155	-140	41	10211	155	-140	41	10211	155	-140	41	10211	155	-140	41	10211	155	-140	41	10211	155	-140	41	10211	155	-140	41	10211	155	-140	41	10211	155	-140	41	10211	155	-140	41	10211	155	-140	41	10211	155	-140	41	10211	155	-140	41	10211	155	-140	41	10211	155	-140	41	10211	155	-140	41	10211	155	-140	41	10211	155	-140	41	10211	155	-140	41	10211
156	-21	21	10232	156	-21	21	10232	156	-21	21	10232	156	-21	21	10232	156	-21	21	10232	156	-21	21	10232	156	-21	21	10232	156	-21	21	10232	156	-21	21	10232	156	-21	21	10232	156	-21	21	10232	156	-21	21	10232	156	-21	21	10232	156	-21	21	10232	156	-21	21	10232	156	-21	21	10232	156	-21	21	10232	156	-21	21	10232	156	-21	21	10232
157	-35	35	10267	157	-35	35	10267	157	-35	35	10267	157	-35	35	10267	157	-35	35	10267	157	-35	35	10267	157	-35	35	10267	157	-35	35	10267	157	-35	35	10267	157	-35	35	10267	157	-35	35	10267	157	-35	35	10267	157	-35	35	10267	157	-35	35	10267	157	-35	35	10267	157	-35	35	10267	157	-35	35	10267	157	-35	35	10267	157	-35	35	10267
158	-265	67	10334	158	-265	67	10334	158	-265	67	10334	158	-265	67	10334	158	-265	67	10334	158	-265	67	10334	158	-265	67	10334	158	-265	67	10334	158	-265	67	10334	158	-265	67	10334	158	-265	67	10334	158	-265	67	10334	158	-265	67	10334	158	-265	67	10334	158	-265	67	10334	158	-265	67	10334	158	-265	67	10334	158	-265	67	10334	158	-265	67	10334
159	-25	25	10359	159	-25	25	10359	159	-25	25	10359	159	-25	25	10359	159	-25	25	10359	159	-25	25	10359	159	-25	25	10359	159	-25	25	10359	159	-25	25	10359	159	-25	25	10359	159	-25	25	10359	159	-25	25	10359	159	-25	25	10359	159	-25	25	10359	159	-25	25	10359	159	-25	25	10359	159	-25	25	10359	159	-25	25	10359	159	-25	25	10359
160	-15	15	10374	160	-15	15	10374	160	-15	15	10374	160	-15	15	10374	160	-15	15	10374	160	-15	15	10374	160	-15	15	10374	160	-15	15	10374	160	-15	15	10374	160	-15	15	10374	160	-15	15	10374	160	-15	15	10374	160	-15	15	10374	160	-15	15	10374	160	-15	15	10374	160	-15	15	10374	160	-15	15	10374	160	-15	15	10374	160	-15	15	10374
161	-20	20	10394	161	-20	20	10394	161	-20	20	10394	161	-20	20	10394	161	-20	20	10394	161	-20	20	10394	161	-20	20	10394	161	-20	20	10394	161	-20	20	10394	161	-20	20	10394	161	-20	20	10394	161	-20	20	10394	161	-20	20	10394	161	-20	20	10394	161	-20	20	10394	161	-20	20	10394	161	-20	20	10394	161	-20	20	10394	161	-20	20	10394
162	-19	19	10413	162	-19	19	10413	162	-19	19	10413	162	-19	19	10413	162	-19	19	10413	162	-19	19	10413	162	-19	19	10413	162	-19	19	10413	162	-19	19	10413	162	-19	19	10413	162	-19	19	10413	162	-19	19	10413	162	-19	19	10413	162	-19	19	10413	162	-19	19	10413	162	-19	19	10413	162	-19	19	10413	162	-19	19	10413	162	-19	19	10413
163	-39	39	10452	163	-39	39	10452	163	-39	39	10452	163	-39	39	10452	163	-39	39	10452	163	-39	39	10452	163	-39	39	10452	163	-39	39	10452	163	-39	39	10452	163	-39	39	10452	163	-39	39	10452	163	-39	39	10452	163	-39	39	10452	163	-39	39	10452	163	-39	39	10452	163	-39	39	10452	163	-39	39	10452	163	-39	39	10452	163	-39	39	10452
164	-18	18	10470	164	-18	18	10470	164	-18	18	10470	164	-18	18	10470	164	-18	18	10470	164	-18	18	10470	164	-18	18	10470	164	-18	18	10470	164	-18	18	10470	164	-18	18	10470	164	-18	18	10470	164	-18	18	10470	164	-18	18	10470	164	-18	18	10470	164	-18	18	10470	164	-18	18	10470	164	-18	18	10470	164	-18	18	10470	164	-18	18	10470
165	-20	20	10490	165	-20	20	10490	165	-20	20	10490	165	-20	20	10490	165	-20	20	10490	165	-20	20	10490	165	-20	20	10490	165	-20	20	10490	165	-20	20	10490	165	-20	20	10490	165	-20	20	10490	165	-20	20	10490	165	-20	20	10490	165	-20	20	10490	165	-20	20	10490	165	-20	20	10490	165	-20	20	10490	165	-20	20	10490	165	-20	20	10490
166	-30	30	10520	166	-30	30	10520	166	-30	30	10520	166	-30	30	10520	166	-30	30	10520	166	-30	30	10520	166	-30	30	10520	166	-30	30	10520	166	-30	30	10520	166	-30	30	10520	166	-30	30	10520	166	-30	30	10520	166	-30	30	10520	166	-30	30	10520	166	-30	30	10520	166	-30	30	10520	166	-30	30	10520	166	-30	30	10520	166	-30	30	10520
167	-19	19	10539	167	-19	19	10539	167	-19	19	10539	167	-19	19	10539	167	-19	19	10539	167	-19	19	10539	167	-19	19	10539	167	-19	19	10539	167	-19	19	10539	167	-19	19	10539	167	-19	19	10539	167	-19	19	10539	167	-19	19	10539	167	-19	19	10539	167	-19	19	10539	167	-19	19	10539	167	-19	19	10539	167	-19	19	10539	167	-19	19	10539
168	-20	20	10559	168	-20	20	10559	168	-20	20	10559	168	-20	20	10559	168	-20	20	10559	168	-20	20	10559	168	-20	20	10559	168	-20	20	10559	168	-20	20	10559	168	-20	20	10559	168	-20	20	10559	168	-20	20	10559	168	-20	20	10559	168	-20	20	10559	168	-20	20	10559	168	-20	20	10559	168	-20	20	10559	168	-20	20	10559	168	-20	20	10559
169	-26	26	10585	169	-26	26	10585	169	-26	26	10585	169	-26	26	10585	169	-26	26	10585	169	-26	26	10585	169	-26	26	10585	169	-26	26	10585	169	-26	26	10585	169	-26	26	10585	169	-26	26	10585	169	-26	26	10585	169	-26	26	10585	169	-26	26	10585	169	-26	26	10585	169	-26	26	10585	169	-26	26	10585	169	-26	26	10585	169	-26	26	10585
170	-19	19	10604	170	-19	19	10604	170	-19	19	10604	170	-19	19	10604	170	-19	19	10604	170	-19	19	10604	170	-19	19	10604	170	-19	19	10604	170	-19	19	10604	170	-19	19	10604	170	-19	19	10604	170	-19	19	10604	170	-19	19	10604	170	-19	19	10604	170	-19	19	10604	170	-19	19	10604	170	-19	19	10604	170	-19	19	10604	170	-19	19	10604
171	-36	36	10640	171	-36	36	10640	171	-36	36	10640	171	-36	36	10640	171	-36	36	10640	171	-36	36	10640	171	-36	36	10640	171	-36	36	10640	171	-36	36	10640	171	-36	36	10640	171	-36	36	10640	171	-36	36	10640	171	-36	36	10640	171	-36	36	10640	171	-36	36	10640	171	-36	36	10640	171	-36	36	10640	171	-36	36	10640	171	-36	36	10640
172	-132	33	10673	172	-132	33	10673	172	-132	33	10673	172	-132	33	10673	172	-132	33	10673	172	-132	33	10673	172	-132	33	10673	172	-132	33	10673	172	-132	33	10673	172	-132	33	10673	172	-132	33	10673	172	-132	33	10673	172	-132	33	10673	172	-132	33	10673	172	-132	33	10673	172	-132	33	10673	172	-132	33	10673	172	-132	33	10673	172	-132	33	10673
173	-23	23	10696	173	-23	23	10696	173	-23	23	10696	173	-23	23	10696	173	-23	23	10696	173	-23	23	10696	173	-23	23	10696	173	-23	23	10696	173	-23	23	10696	173	-23	23	10696	173	-23	23	10696	173	-23	23	10696	173	-23	23	10696	173	-23	23	10696	173	-23	23	10696	173	-23	23	10696	173	-23	23	10696	173	-23	23	10696	173	-23	23	10696
174	-27	27	10723	174	-27	27	10723	174	-27	27	10723	174	-27	27	10723	174	-27	27	10723	174	-27	27	10723	174	-27	27	10723	174	-27	27	10723	174	-27	27	10723	174	-27	27	10723	174	-27	27	10723	174	-27	27	10723	174	-27	27	10723	174	-27	27	10723	174	-27	27	10723	174	-27	27	10723	174	-27	27	10723	174	-27	27	10723	174	-27	27	10723
175	-26	26	10749	175	-26	26	10749	175	-26	26	10749	175	-26	26	10749	175	-26	26	10749	175	-26	26	10749	175	-26	26	10749	175	-26	26	10749	175	-26	26	10749	175	-26	26	10749	175	-26	26	10749	175	-26	26	10749	175	-26	26	10749	175	-26	26	10749	175	-26	26	10749	175	-26	26	10749	175	-26	26	10749	175	-26	26	10749	175	-26	26	10749
176	-238	40	10789	176	-238	40	10789	176	-238	40	10789	176	-238	40	10789	176	-238	40	10789	176	-238	40	10789	176	-238	40	10789	176	-238	40	10789	176	-238	40	10789	176	-238	40	10789	176	-238	40	10789	176	-238	40	10789	176	-238	40	10789	176	-238	40	10789	176	-238	40	10789	176	-238	40	10789	176	-238	40	10789	176	-238	40	10789	176	-238	40	10789
177	-16	16	10805	177	-16	16	10805	177	-16	16	10805	177	-16	16	10805	177	-16	16	10805	177	-16	16	10805	177	-16	16	10805	177	-16	16	10805	177	-16	16	10805	177	-16	16	10805	177	-16	16	10805	177	-16	16	10805	177	-16	16	10805	177	-16	16	10805	177	-16	16	10805	177	-16	16	10805	177	-16	16	10805	177	-16	16	10805	177	-16	16	10805
178	-18	18	10823	178	-18	18	10823	178	-18	18	10823	178	-18	18	10823	178	-18	18	10823	178	-18	18	10823	178	-18	18	10823	178	-18	18	10823	178	-18	18	10823	178	-18	18	10823	178	-18	18	10823	178	-18	18	10823	178	-18	18	10823	178	-18	18	10823	178	-18	18	10823	178	-18	18	10823	178	-18	18	10823	178	-18	18	10823	178	-18	18	10823
179	-21	21	10844	179	-21	21	10844	179	-21	21	10844	179	-21	21	10844	179	-21	21	10844	179	-21	21	10844	179	-21	21	10844	179	-21	21	10844	179	-21	21	10844	179	-21	21	10844	179	-21	21	10844	179	-21	21	10844	179	-21	21	10844	179	-21	21	10844	179	-21	21	10844	179	-21	21	10844	179	-21	21	10844	179	-21	21	10844	179	-21	21	10844
180	-147	48	10892	180	-147	48	10892	180	-147	48	10892	180	-147	48	10892	180	-147	48	10892	180	-147	48	10892	180	-147	48	10892	180	-147	48	10892	180	-147	48	10892	180	-147	48	10892	180	-147	48	10892	180	-147	48	10892	180	-147	48	10892	180	-147	48	10892	180	-147	48	10892	180	-147	48	10892	180	-147	48	10892	180	-147	48	10892	180	-147	48	10892
181	-23	23	10915	181	-23	23	10915	181	-23	23	10915	181	-23	23	10915	181	-23	23	10915	181	-23	23	10915	181	-23	23	10915	181	-23	23	10915	181	-23	23	10915	181	-23	23	10915	181	-23	23	10915	181	-23	23	10915	181	-23	23	10915	181	-23	23	10915	181	-23	23	10915	181	-23	23	10915	181	-23	23	10915	181	-23	23	10915	181	-23	23	10915
182	-26	26	10941	182	-26	26	10941	182	-26	26	10941	182	-26	26	10941	182	-26	26	10941	182	-26	26	10941	182	-26	26	10941	182	-26	26	10941	182	-26	26	10941	182	-26	26	10941	182	-26	26	10941	182	-26	26	10941	182	-26	26	10941	182	-26	26	10941	182	-26	26	10941	182	-26	26	10941	182	-26	26	10941	182	-26	26	10941	182	-26	26	10941
183	-15	15	10956	183	-15	15	10956	183	-15	15	10956	183	-15	15	10956	183	-15	15	10956	183	-15	15	10956	183	-15	15	10956	183	-15	15	10956	183	-15	15	10956	183	-15	15	10956	183	-15	15	10956	183	-15	15	10956	183	-15	15	10956	183	-15	15	10956	183	-15	15	10956	183	-15	15	10956	183	-15	15	10956	183	-15	15	10956	183	-15	15	10956
184	-20	20	10976	184	-20	20	10976	184	-20	20	10976	184	-20	20	10976	184	-20	20	10976	184	-20	20	10976	184	-20	20	10976	184	-20	20	10976	184	-20	20	10976	184	-20	20	10976	184	-20	20	10976	184	-20	20	10976	184	-20	20	10976	184	-20	20	10976	184	-20	20	10976	184	-20	20	10976	184	-20	20	10976	184	-20	20	10976	184	-20	20	10976
185	-28	28	11004	185	-28	28	11004	185	-28	28	11004	185	-28	28	11004	185	-28	28	11004	185	-28	28	11004	185	-28	28	11004	185	-28	28	11004	185	-28	28	11004	185	-28	28	11004	185	-28	28	11004	185	-28	28	11004	185	-28	28	11004	185	-28	28	11004	185	-28	28	11004	185	-28	28	11004	185	-28	28	11004	185	-28	28	11004	185	-28	28	11004
186	-249	51	11055	186	-249	51	11055	186	-249	51	11055	186	-249	51	11055	186	-249	51	11055	186	-249	51	11055	186	-249	51	11055	186	-249	51	11055	186	-249	51	11055	186	-249	51	11055	186	-249	51	11055	186	-249	51	11055	186	-249	51	11055	186	-249	51	11055	186	-249	51	11055	186	-249	51	11055	186	-249	51	11055	186	-249	51	11055	186	-249	51	11055
187	-248	50	11105	187	-248	50	11105	187	-248	50	11105	187	-248	50	11105	187	-248	50	11105	187	-248	50	11105	187	-248	50	11105	187	-248	50	11105	187	-248	50	11105	187	-248	50	11105	187	-248	50	11105	187	-248	50	11105	187	-248	50	11105	187	-248	50	11105	187	-248	50	11105	187	-248	50	11105	187	-248	50	11105	187	-248	50	11105	187	-248	50	11105
188	-21	21	11126	188	-21	21	11126	188	-21	21	11126	188	-21	21	11126	188	-21	21	11126	188	-21	21	11126	188	-21	21	11126	188	-21	21	11126	188	-21	21	11126	188	-21	21	11126	188	-21	21	11126	188	-21	21	11126	188	-21	21	11126	188	-21	21	11126	188	-21	21	11126	188	-21	21	11126	188	-21	21	11126	188	-21	21	11126	188	-21	21	11126
189	-25	25	11151	189	-25	25	11151	189	-25	25	11151	189	-25	25	11151	189	-25	25	11151	189	-25	25	11151	189	-25	25	11151	189	-25	25	11151	189	-25	25	11151	189	-25	25	11151	189	-25	25	11151	189	-25	25	11151	189	-25	25	11151	189	-25	25	11151	189	-25	25	11151	189	-25	25	11151	189	-25	25	11151	189	-25	25	11151	189	-25	25	11151
190	-37	37	11188	190	-37	37	11188	190	-37	37	11188	190	-37	37	11188	190	-37	37	11188	190	-37	37	11188	190	-37	37	11188	190	-37	37	11188	190	-37	37	11188	190	-37	37	11188	190	-37	37	11188	190	-37	37	11188	190	-37	37	11188	190	-37	37	11188	190	-37	37	11188	190	-37	37	11188	190	-37	37	11188	190	-37	37	11188	190	-37	37	11188
191	-18	18	11206	191	-18	18	11206	191	-18	18	11206	191	-18	18	11206	191	-18	18	11206	191	-18	18	11206	191	-18	18	11206	191	-18	18	11206	191	-18	18	11206	191	-18	18	11206	191	-18	18	11206	191	-18	18	11206	191	-18	18	11206	191	-18	18	11206	191	-18	18	11206	191	-18	18	11206	191	-18	18	11206	191	-18	18	11206	191	-18	18	11206
192	-15	15	11221	192	-15	15	11221	192	-15	15	11221	192	-15	15	11221	192	-15	15	11221	192	-15	15	11221	192	-15	15	11221	192	-15	15	11221	192	-15	15	11221	192	-15	15	11221	192	-15	15	11221	192	-15	15	11221	192	-15	15	11221	192	-15	15	11221	192	-15	15	11221	192	-15	15	11221	192	-15	15	11221	192	-15	15	11221	192	-15	15	11221
193	-129	30	11251	193	-129	30	11251	193	-129	30	11251	193	-129	30	11251	193	-129	30	11251	193	-129	30	11251	193	-129	30	11251	193	-129	30	11251	193	-129	30	11251	193	-129	30	11251	193	-129	30	11251	193	-129	30	11251	193	-129	30	11251	193	-129	30	11251	193	-129	30	11251	193	-129	30	11251	193	-129	30	11251	193	-129	30	11251	193	-129	30	11251
194	-122	23	11274	194	-122	23	11274	194	-122	23	11274	194	-122	23	11274	194	-122	23	11274	194	-122	23	11274	194	-122	23	11274	194	-122	23	11274	194	-122	23	11274	194	-122	23	11274	194	-122	23	11274	194	-122	23	11274	194	-122	23	11274	194	-122	23	11274	194	-122	23	11274	194	-122	23	11274	194	-122	23	11274	194	-122	23	11274	194	-122	23	11274
195	-20	20	11294	195	-20	20	11294	195	-20	20	11294	195	-20	20	11294	195	-20	20	11294	195	-20	20	11294	195	-20	20	11294	195	-20	20	11294	195	-20	20	11294	195	-20	20	11294	195	-20	20	11294	195	-20	20	11294	195	-20	20	11294	195	-20	20	11294	195	-20	20	11294	195	-20	20	11294	195	-20	20	11294	195	-20	20	11294	195	-20	20	11294
196	-23	23	11317	196	-23	23	11317	196	-23	23	11317	196	-23	23	11317	196	-23	23	11317	196	-23	23	11317	196	-23	23	11317	196	-23	23	11317	196	-23	23	11317	196	-23	23	11317	196	-23	23	11317	196	-23	23	11317	196	-23	23	11317	196	-23	23	11317	196	-23	23	11317	196	-23	23	11317	196	-23	23	11317	196	-23	23	11317	196	-23	23	11317
197	-17	17	11334	197	-17	17	11334	197	-17	17	11334	197	-17	17	11334	197	-17	17	11334	197	-17	17	11334	197	-17	17	11334	197	-17	17	11334	197	-17	17	11334	197	-17	17	11334	197	-17	17	11334	197	-17	17	11334	197	-17	17	11334	197	-17	17	11334	197	-17	17	11334	197	-17	17	11334	197	-17	17	11334	197	-17	17	11334	197	-17	17	11334
198	-14	14	11348	198	-14	14	11348	198	-14	14	11348	198	-14	14	11348	198	-14	14	11348	198	-14	14	11348	198	-14	14	11348	198	-14	14	11348	198	-14	14	11348	198	-14	14	11348	198	-14	14	11348	198	-14	14	11348	198	-14	14	11348	198	-14	14	11348	198	-14	14	11348	198	-14	14	11348	198	-14	14	11348	198	-14	14	11348	198	-14	14	11348
199	-28	28	11376	199	-28	28	11376	199	-28	28	11376	199	-28	28	11376	199	-28	28	11376	199	-28	28	11376	199	-28	28	11376	199	-28	28	11376	199	-28	28	11376	199	-28	28	11376	199	-28	28	11376	199	-28	28	11376	199	-28	28	11376	199	-28	28	11376	199	-28	28	11376	199	-28	28	11376	199	-28	28	11376	199	-28	28	11376	199	-28	28	11376
