Episode	Accumulated Reward	Length	Steps	Episode	Accumulated Reward	Length	Steps	Episode	Accumulated Reward	Length	Steps	Episode	Accumulated Reward	Length	Steps	Episode	Accumulated Reward	Length	Steps	Episode	Accumulated Reward	Length	Steps	Episode	Accumulated Reward	Length	Steps	Episode	Accumulated Reward	Length	Steps	Episode	Accumulated Reward	Length	Steps	Episode	Accumulated Reward	Length	Steps	Episode	Accumulated Reward	Length	Steps	Episode	Accumulated Reward	Length	Steps	Episode	Accumulated Reward	Length	Steps	Episode	Accumulated Reward	Length	Steps	Episode	Accumulated Reward	Length	Steps	Episode	Accumulated Reward	Length	Steps	Episode	Accumulated Reward	Length	Steps	Episode	Accumulated Reward	Length	Steps	Episode	Accumulated Reward	Length	Steps	Episode	Accumulated Reward	Length	Steps	Episode	Accumulated Reward	Length	Steps	Episode	Accumulated Reward	Length	Steps
0	-2395	811	811	0	-2395	811	811	0	-2395	811	811	0	-2395	811	811	0	-2395	811	811	0	-2395	811	811	0	-2395	811	811	0	-2395	811	811	0	-2395	811	811	0	-2395	811	811	0	-2395	811	811	0	-2395	811	811	0	-2395	811	811	0	-2395	811	811	0	-2395	811	811	0	-2395	811	811	0	-2395	811	811	0	-2395	811	811	0	-2395	811	811	0	-2395	811	811	0	-2395	811	811	0	-2395	811	811
1	-162	162	973	1	-162	162	973	1	-162	162	973	1	-162	162	973	1	-162	162	973	1	-162	162	973	1	-162	162	973	1	-162	162	973	1	-162	162	973	1	-162	162	973	1	-162	162	973	1	-162	162	973	1	-162	162	973	1	-162	162	973	1	-162	162	973	1	-162	162	973	1	-162	162	973	1	-162	162	973	1	-162	162	973	1	-162	162	973	1	-162	162	973	1	-162	162	973
2	-333	234	1207	2	-333	234	1207	2	-333	234	1207	2	-333	234	1207	2	-333	234	1207	2	-333	234	1207	2	-333	234	1207	2	-333	234	1207	2	-333	234	1207	2	-333	234	1207	2	-333	234	1207	2	-333	234	1207	2	-333	234	1207	2	-333	234	1207	2	-333	234	1207	2	-333	234	1207	2	-333	234	1207	2	-333	234	1207	2	-333	234	1207	2	-333	234	1207	2	-333	234	1207	2	-333	234	1207
3	-346	247	1454	3	-346	247	1454	3	-346	247	1454	3	-346	247	1454	3	-346	247	1454	3	-346	247	1454	3	-346	247	1454	3	-346	247	1454	3	-346	247	1454	3	-346	247	1454	3	-346	247	1454	3	-346	247	1454	3	-346	247	1454	3	-346	247	1454	3	-346	247	1454	3	-346	247	1454	3	-346	247	1454	3	-346	247	1454	3	-346	247	1454	3	-346	247	1454	3	-346	247	1454	3	-346	247	1454
4	-506	308	1762	4	-506	308	1762	4	-506	308	1762	4	-506	308	1762	4	-506	308	1762	4	-506	308	1762	4	-506	308	1762	4	-506	308	1762	4	-506	308	1762	4	-506	308	1762	4	-506	308	1762	4	-506	308	1762	4	-506	308	1762	4	-506	308	1762	4	-506	308	1762	4	-506	308	1762	4	-506	308	1762	4	-506	308	1762	4	-506	308	1762	4	-506	308	1762	4	-506	308	1762	4	-506	308	1762
5	-338	239	2001	5	-338	239	2001	5	-338	239	2001	5	-338	239	2001	5	-338	239	2001	5	-338	239	2001	5	-338	239	2001	5	-338	239	2001	5	-338	239	2001	5	-338	239	2001	5	-338	239	2001	5	-338	239	2001	5	-338	239	2001	5	-338	239	2001	5	-338	239	2001	5	-338	239	2001	5	-338	239	2001	5	-338	239	2001	5	-338	239	2001	5	-338	239	2001	5	-338	239	2001	5	-338	239	2001
6	-261	162	2163	6	-261	162	2163	6	-261	162	2163	6	-261	162	2163	6	-261	162	2163	6	-261	162	2163	6	-261	162	2163	6	-261	162	2163	6	-261	162	2163	6	-261	162	2163	6	-261	162	2163	6	-261	162	2163	6	-261	162	2163	6	-261	162	2163	6	-261	162	2163	6	-261	162	2163	6	-261	162	2163	6	-261	162	2163	6	-261	162	2163	6	-261	162	2163	6	-261	162	2163	6	-261	162	2163
7	-84	84	2247	7	-84	84	2247	7	-84	84	2247	7	-84	84	2247	7	-84	84	2247	7	-84	84	2247	7	-84	84	2247	7	-84	84	2247	7	-84	84	2247	7	-84	84	2247	7	-84	84	2247	7	-84	84	2247	7	-84	84	2247	7	-84	84	2247	7	-84	84	2247	7	-84	84	2247	7	-84	84	2247	7	-84	84	2247	7	-84	84	2247	7	-84	84	2247	7	-84	84	2247	7	-84	84	2247
8	-136	136	2383	8	-136	136	2383	8	-136	136	2383	8	-136	136	2383	8	-136	136	2383	8	-136	136	2383	8	-136	136	2383	8	-136	136	2383	8	-136	136	2383	8	-136	136	2383	8	-136	136	2383	8	-136	136	2383	8	-136	136	2383	8	-136	136	2383	8	-136	136	2383	8	-136	136	2383	8	-136	136	2383	8	-136	136	2383	8	-136	136	2383	8	-136	136	2383	8	-136	136	2383	8	-136	136	2383
9	-281	182	2565	9	-281	182	2565	9	-281	182	2565	9	-281	182	2565	9	-281	182	2565	9	-281	182	2565	9	-281	182	2565	9	-281	182	2565	9	-281	182	2565	9	-281	182	2565	9	-281	182	2565	9	-281	182	2565	9	-281	182	2565	9	-281	182	2565	9	-281	182	2565	9	-281	182	2565	9	-281	182	2565	9	-281	182	2565	9	-281	182	2565	9	-281	182	2565	9	-281	182	2565	9	-281	182	2565
10	-81	81	2646	10	-81	81	2646	10	-81	81	2646	10	-81	81	2646	10	-81	81	2646	10	-81	81	2646	10	-81	81	2646	10	-81	81	2646	10	-81	81	2646	10	-81	81	2646	10	-81	81	2646	10	-81	81	2646	10	-81	81	2646	10	-81	81	2646	10	-81	81	2646	10	-81	81	2646	10	-81	81	2646	10	-81	81	2646	10	-81	81	2646	10	-81	81	2646	10	-81	81	2646	10	-81	81	2646
11	-444	246	2892	11	-444	246	2892	11	-444	246	2892	11	-444	246	2892	11	-444	246	2892	11	-444	246	2892	11	-444	246	2892	11	-444	246	2892	11	-444	246	2892	11	-444	246	2892	11	-444	246	2892	11	-444	246	2892	11	-444	246	2892	11	-444	246	2892	11	-444	246	2892	11	-444	246	2892	11	-444	246	2892	11	-444	246	2892	11	-444	246	2892	11	-444	246	2892	11	-444	246	2892	11	-444	246	2892
12	-264	165	3057	12	-264	165	3057	12	-264	165	3057	12	-264	165	3057	12	-264	165	3057	12	-264	165	3057	12	-264	165	3057	12	-264	165	3057	12	-264	165	3057	12	-264	165	3057	12	-264	165	3057	12	-264	165	3057	12	-264	165	3057	12	-264	165	3057	12	-264	165	3057	12	-264	165	3057	12	-264	165	3057	12	-264	165	3057	12	-264	165	3057	12	-264	165	3057	12	-264	165	3057	12	-264	165	3057
13	-90	90	3147	13	-90	90	3147	13	-90	90	3147	13	-90	90	3147	13	-90	90	3147	13	-90	90	3147	13	-90	90	3147	13	-90	90	3147	13	-90	90	3147	13	-90	90	3147	13	-90	90	3147	13	-90	90	3147	13	-90	90	3147	13	-90	90	3147	13	-90	90	3147	13	-90	90	3147	13	-90	90	3147	13	-90	90	3147	13	-90	90	3147	13	-90	90	3147	13	-90	90	3147	13	-90	90	3147
14	-91	91	3238	14	-91	91	3238	14	-91	91	3238	14	-91	91	3238	14	-91	91	3238	14	-91	91	3238	14	-91	91	3238	14	-91	91	3238	14	-91	91	3238	14	-91	91	3238	14	-91	91	3238	14	-91	91	3238	14	-91	91	3238	14	-91	91	3238	14	-91	91	3238	14	-91	91	3238	14	-91	91	3238	14	-91	91	3238	14	-91	91	3238	14	-91	91	3238	14	-91	91	3238	14	-91	91	3238
15	-119	119	3357	15	-119	119	3357	15	-119	119	3357	15	-119	119	3357	15	-119	119	3357	15	-119	119	3357	15	-119	119	3357	15	-119	119	3357	15	-119	119	3357	15	-119	119	3357	15	-119	119	3357	15	-119	119	3357	15	-119	119	3357	15	-119	119	3357	15	-119	119	3357	15	-119	119	3357	15	-119	119	3357	15	-119	119	3357	15	-119	119	3357	15	-119	119	3357	15	-119	119	3357	15	-119	119	3357
16	-232	133	3490	16	-232	133	3490	16	-232	133	3490	16	-232	133	3490	16	-232	133	3490	16	-232	133	3490	16	-232	133	3490	16	-232	133	3490	16	-232	133	3490	16	-232	133	3490	16	-232	133	3490	16	-232	133	3490	16	-232	133	3490	16	-232	133	3490	16	-232	133	3490	16	-232	133	3490	16	-232	133	3490	16	-232	133	3490	16	-232	133	3490	16	-232	133	3490	16	-232	133	3490	16	-232	133	3490
17	-59	59	3549	17	-59	59	3549	17	-59	59	3549	17	-59	59	3549	17	-59	59	3549	17	-59	59	3549	17	-59	59	3549	17	-59	59	3549	17	-59	59	3549	17	-59	59	3549	17	-59	59	3549	17	-59	59	3549	17	-59	59	3549	17	-59	59	3549	17	-59	59	3549	17	-59	59	3549	17	-59	59	3549	17	-59	59	3549	17	-59	59	3549	17	-59	59	3549	17	-59	59	3549	17	-59	59	3549
18	-92	92	3641	18	-92	92	3641	18	-92	92	3641	18	-92	92	3641	18	-92	92	3641	18	-92	92	3641	18	-92	92	3641	18	-92	92	3641	18	-92	92	3641	18	-92	92	3641	18	-92	92	3641	18	-92	92	3641	18	-92	92	3641	18	-92	92	3641	18	-92	92	3641	18	-92	92	3641	18	-92	92	3641	18	-92	92	3641	18	-92	92	3641	18	-92	92	3641	18	-92	92	3641	18	-92	92	3641
19	-97	97	3738	19	-97	97	3738	19	-97	97	3738	19	-97	97	3738	19	-97	97	3738	19	-97	97	3738	19	-97	97	3738	19	-97	97	3738	19	-97	97	3738	19	-97	97	3738	19	-97	97	3738	19	-97	97	3738	19	-97	97	3738	19	-97	97	3738	19	-97	97	3738	19	-97	97	3738	19	-97	97	3738	19	-97	97	3738	19	-97	97	3738	19	-97	97	3738	19	-97	97	3738	19	-97	97	3738
20	-318	120	3858	20	-318	120	3858	20	-318	120	3858	20	-318	120	3858	20	-318	120	3858	20	-318	120	3858	20	-318	120	3858	20	-318	120	3858	20	-318	120	3858	20	-318	120	3858	20	-318	120	3858	20	-318	120	3858	20	-318	120	3858	20	-318	120	3858	20	-318	120	3858	20	-318	120	3858	20	-318	120	3858	20	-318	120	3858	20	-318	120	3858	20	-318	120	3858	20	-318	120	3858	20	-318	120	3858
21	-181	82	3940	21	-181	82	3940	21	-181	82	3940	21	-181	82	3940	21	-181	82	3940	21	-181	82	3940	21	-181	82	3940	21	-181	82	3940	21	-181	82	3940	21	-181	82	3940	21	-181	82	3940	21	-181	82	3940	21	-181	82	3940	21	-181	82	3940	21	-181	82	3940	21	-181	82	3940	21	-181	82	3940	21	-181	82	3940	21	-181	82	3940	21	-181	82	3940	21	-181	82	3940	21	-181	82	3940
22	-626	230	4170	22	-626	230	4170	22	-626	230	4170	22	-626	230	4170	22	-626	230	4170	22	-626	230	4170	22	-626	230	4170	22	-626	230	4170	22	-626	230	4170	22	-626	230	4170	22	-626	230	4170	22	-626	230	4170	22	-626	230	4170	22	-626	230	4170	22	-626	230	4170	22	-626	230	4170	22	-626	230	4170	22	-626	230	4170	22	-626	230	4170	22	-626	230	4170	22	-626	230	4170	22	-626	230	4170
23	-335	137	4307	23	-335	137	4307	23	-335	137	4307	23	-335	137	4307	23	-335	137	4307	23	-335	137	4307	23	-335	137	4307	23	-335	137	4307	23	-335	137	4307	23	-335	137	4307	23	-335	137	4307	23	-335	137	4307	23	-335	137	4307	23	-335	137	4307	23	-335	137	4307	23	-335	137	4307	23	-335	137	4307	23	-335	137	4307	23	-335	137	4307	23	-335	137	4307	23	-335	137	4307	23	-335	137	4307
24	-116	116	4423	24	-116	116	4423	24	-116	116	4423	24	-116	116	4423	24	-116	116	4423	24	-116	116	4423	24	-116	116	4423	24	-116	116	4423	24	-116	116	4423	24	-116	116	4423	24	-116	116	4423	24	-116	116	4423	24	-116	116	4423	24	-116	116	4423	24	-116	116	4423	24	-116	116	4423	24	-116	116	4423	24	-116	116	4423	24	-116	116	4423	24	-116	116	4423	24	-116	116	4423	24	-116	116	4423
25	-35	35	4458	25	-35	35	4458	25	-35	35	4458	25	-35	35	4458	25	-35	35	4458	25	-35	35	4458	25	-35	35	4458	25	-35	35	4458	25	-35	35	4458	25	-35	35	4458	25	-35	35	4458	25	-35	35	4458	25	-35	35	4458	25	-35	35	4458	25	-35	35	4458	25	-35	35	4458	25	-35	35	4458	25	-35	35	4458	25	-35	35	4458	25	-35	35	4458	25	-35	35	4458	25	-35	35	4458
26	-101	101	4559	26	-101	101	4559	26	-101	101	4559	26	-101	101	4559	26	-101	101	4559	26	-101	101	4559	26	-101	101	4559	26	-101	101	4559	26	-101	101	4559	26	-101	101	4559	26	-101	101	4559	26	-101	101	4559	26	-101	101	4559	26	-101	101	4559	26	-101	101	4559	26	-101	101	4559	26	-101	101	4559	26	-101	101	4559	26	-101	101	4559	26	-101	101	4559	26	-101	101	4559	26	-101	101	4559
27	-199	100	4659	27	-199	100	4659	27	-199	100	4659	27	-199	100	4659	27	-199	100	4659	27	-199	100	4659	27	-199	100	4659	27	-199	100	4659	27	-199	100	4659	27	-199	100	4659	27	-199	100	4659	27	-199	100	4659	27	-199	100	4659	27	-199	100	4659	27	-199	100	4659	27	-199	100	4659	27	-199	100	4659	27	-199	100	4659	27	-199	100	4659	27	-199	100	4659	27	-199	100	4659	27	-199	100	4659
28	-45	45	4704	28	-45	45	4704	28	-45	45	4704	28	-45	45	4704	28	-45	45	4704	28	-45	45	4704	28	-45	45	4704	28	-45	45	4704	28	-45	45	4704	28	-45	45	4704	28	-45	45	4704	28	-45	45	4704	28	-45	45	4704	28	-45	45	4704	28	-45	45	4704	28	-45	45	4704	28	-45	45	4704	28	-45	45	4704	28	-45	45	4704	28	-45	45	4704	28	-45	45	4704	28	-45	45	4704
29	-47	47	4751	29	-47	47	4751	29	-47	47	4751	29	-47	47	4751	29	-47	47	4751	29	-47	47	4751	29	-47	47	4751	29	-47	47	4751	29	-47	47	4751	29	-47	47	4751	29	-47	47	4751	29	-47	47	4751	29	-47	47	4751	29	-47	47	4751	29	-47	47	4751	29	-47	47	4751	29	-47	47	4751	29	-47	47	4751	29	-47	47	4751	29	-47	47	4751	29	-47	47	4751	29	-47	47	4751
30	-183	84	4835	30	-183	84	4835	30	-183	84	4835	30	-183	84	4835	30	-183	84	4835	30	-183	84	4835	30	-183	84	4835	30	-183	84	4835	30	-183	84	4835	30	-183	84	4835	30	-183	84	4835	30	-183	84	4835	30	-183	84	4835	30	-183	84	4835	30	-183	84	4835	30	-183	84	4835	30	-183	84	4835	30	-183	84	4835	30	-183	84	4835	30	-183	84	4835	30	-183	84	4835	30	-183	84	4835
31	-263	164	4999	31	-263	164	4999	31	-263	164	4999	31	-263	164	4999	31	-263	164	4999	31	-263	164	4999	31	-263	164	4999	31	-263	164	4999	31	-263	164	4999	31	-263	164	4999	31	-263	164	4999	31	-263	164	4999	31	-263	164	4999	31	-263	164	4999	31	-263	164	4999	31	-263	164	4999	31	-263	164	4999	31	-263	164	4999	31	-263	164	4999	31	-263	164	4999	31	-263	164	4999	31	-263	164	4999
32	-181	82	5081	32	-181	82	5081	32	-181	82	5081	32	-181	82	5081	32	-181	82	5081	32	-181	82	5081	32	-181	82	5081	32	-181	82	5081	32	-181	82	5081	32	-181	82	5081	32	-181	82	5081	32	-181	82	5081	32	-181	82	5081	32	-181	82	5081	32	-181	82	5081	32	-181	82	5081	32	-181	82	5081	32	-181	82	5081	32	-181	82	5081	32	-181	82	5081	32	-181	82	5081	32	-181	82	5081
33	-64	64	5145	33	-64	64	5145	33	-64	64	5145	33	-64	64	5145	33	-64	64	5145	33	-64	64	5145	33	-64	64	5145	33	-64	64	5145	33	-64	64	5145	33	-64	64	5145	33	-64	64	5145	33	-64	64	5145	33	-64	64	5145	33	-64	64	5145	33	-64	64	5145	33	-64	64	5145	33	-64	64	5145	33	-64	64	5145	33	-64	64	5145	33	-64	64	5145	33	-64	64	5145	33	-64	64	5145
34	-59	59	5204	34	-59	59	5204	34	-59	59	5204	34	-59	59	5204	34	-59	59	5204	34	-59	59	5204	34	-59	59	5204	34	-59	59	5204	34	-59	59	5204	34	-59	59	5204	34	-59	59	5204	34	-59	59	5204	34	-59	59	5204	34	-59	59	5204	34	-59	59	5204	34	-59	59	5204	34	-59	59	5204	34	-59	59	5204	34	-59	59	5204	34	-59	59	5204	34	-59	59	5204	34	-59	59	5204
35	-41	41	5245	35	-41	41	5245	35	-41	41	5245	35	-41	41	5245	35	-41	41	5245	35	-41	41	5245	35	-41	41	5245	35	-41	41	5245	35	-41	41	5245	35	-41	41	5245	35	-41	41	5245	35	-41	41	5245	35	-41	41	5245	35	-41	41	5245	35	-41	41	5245	35	-41	41	5245	35	-41	41	5245	35	-41	41	5245	35	-41	41	5245	35	-41	41	5245	35	-41	41	5245	35	-41	41	5245
36	-71	71	5316	36	-71	71	5316	36	-71	71	5316	36	-71	71	5316	36	-71	71	5316	36	-71	71	5316	36	-71	71	5316	36	-71	71	5316	36	-71	71	5316	36	-71	71	5316	36	-71	71	5316	36	-71	71	5316	36	-71	71	5316	36	-71	71	5316	36	-71	71	5316	36	-71	71	5316	36	-71	71	5316	36	-71	71	5316	36	-71	71	5316	36	-71	71	5316	36	-71	71	5316	36	-71	71	5316
37	-429	132	5448	37	-429	132	5448	37	-429	132	5448	37	-429	132	5448	37	-429	132	5448	37	-429	132	5448	37	-429	132	5448	37	-429	132	5448	37	-429	132	5448	37	-429	132	5448	37	-429	132	5448	37	-429	132	5448	37	-429	132	5448	37	-429	132	5448	37	-429	132	5448	37	-429	132	5448	37	-429	132	5448	37	-429	132	5448	37	-429	132	5448	37	-429	132	5448	37	-429	132	5448	37	-429	132	5448
38	-39	39	5487	38	-39	39	5487	38	-39	39	5487	38	-39	39	5487	38	-39	39	5487	38	-39	39	5487	38	-39	39	5487	38	-39	39	5487	38	-39	39	5487	38	-39	39	5487	38	-39	39	5487	38	-39	39	5487	38	-39	39	5487	38	-39	39	5487	38	-39	39	5487	38	-39	39	5487	38	-39	39	5487	38	-39	39	5487	38	-39	39	5487	38	-39	39	5487	38	-39	39	5487	38	-39	39	5487
39	-30	30	5517	39	-30	30	5517	39	-30	30	5517	39	-30	30	5517	39	-30	30	5517	39	-30	30	5517	39	-30	30	5517	39	-30	30	5517	39	-30	30	5517	39	-30	30	5517	39	-30	30	5517	39	-30	30	5517	39	-30	30	5517	39	-30	30	5517	39	-30	30	5517	39	-30	30	5517	39	-30	30	5517	39	-30	30	5517	39	-30	30	5517	39	-30	30	5517	39	-30	30	5517	39	-30	30	5517
40	-86	86	5603	40	-86	86	5603	40	-86	86	5603	40	-86	86	5603	40	-86	86	5603	40	-86	86	5603	40	-86	86	5603	40	-86	86	5603	40	-86	86	5603	40	-86	86	5603	40	-86	86	5603	40	-86	86	5603	40	-86	86	5603	40	-86	86	5603	40	-86	86	5603	40	-86	86	5603	40	-86	86	5603	40	-86	86	5603	40	-86	86	5603	40	-86	86	5603	40	-86	86	5603	40	-86	86	5603
41	-198	99	5702	41	-198	99	5702	41	-198	99	5702	41	-198	99	5702	41	-198	99	5702	41	-198	99	5702	41	-198	99	5702	41	-198	99	5702	41	-198	99	5702	41	-198	99	5702	41	-198	99	5702	41	-198	99	5702	41	-198	99	5702	41	-198	99	5702	41	-198	99	5702	41	-198	99	5702	41	-198	99	5702	41	-198	99	5702	41	-198	99	5702	41	-198	99	5702	41	-198	99	5702	41	-198	99	5702
42	-49	49	5751	42	-49	49	5751	42	-49	49	5751	42	-49	49	5751	42	-49	49	5751	42	-49	49	5751	42	-49	49	5751	42	-49	49	5751	42	-49	49	5751	42	-49	49	5751	42	-49	49	5751	42	-49	49	5751	42	-49	49	5751	42	-49	49	5751	42	-49	49	5751	42	-49	49	5751	42	-49	49	5751	42	-49	49	5751	42	-49	49	5751	42	-49	49	5751	42	-49	49	5751	42	-49	49	5751
43	-147	48	5799	43	-147	48	5799	43	-147	48	5799	43	-147	48	5799	43	-147	48	5799	43	-147	48	5799	43	-147	48	5799	43	-147	48	5799	43	-147	48	5799	43	-147	48	5799	43	-147	48	5799	43	-147	48	5799	43	-147	48	5799	43	-147	48	5799	43	-147	48	5799	43	-147	48	5799	43	-147	48	5799	43	-147	48	5799	43	-147	48	5799	43	-147	48	5799	43	-147	48	5799	43	-147	48	5799
44	-73	73	5872	44	-73	73	5872	44	-73	73	5872	44	-73	73	5872	44	-73	73	5872	44	-73	73	5872	44	-73	73	5872	44	-73	73	5872	44	-73	73	5872	44	-73	73	5872	44	-73	73	5872	44	-73	73	5872	44	-73	73	5872	44	-73	73	5872	44	-73	73	5872	44	-73	73	5872	44	-73	73	5872	44	-73	73	5872	44	-73	73	5872	44	-73	73	5872	44	-73	73	5872	44	-73	73	5872
45	-26	26	5898	45	-26	26	5898	45	-26	26	5898	45	-26	26	5898	45	-26	26	5898	45	-26	26	5898	45	-26	26	5898	45	-26	26	5898	45	-26	26	5898	45	-26	26	5898	45	-26	26	5898	45	-26	26	5898	45	-26	26	5898	45	-26	26	5898	45	-26	26	5898	45	-26	26	5898	45	-26	26	5898	45	-26	26	5898	45	-26	26	5898	45	-26	26	5898	45	-26	26	5898	45	-26	26	5898
46	-60	60	5958	46	-60	60	5958	46	-60	60	5958	46	-60	60	5958	46	-60	60	5958	46	-60	60	5958	46	-60	60	5958	46	-60	60	5958	46	-60	60	5958	46	-60	60	5958	46	-60	60	5958	46	-60	60	5958	46	-60	60	5958	46	-60	60	5958	46	-60	60	5958	46	-60	60	5958	46	-60	60	5958	46	-60	60	5958	46	-60	60	5958	46	-60	60	5958	46	-60	60	5958	46	-60	60	5958
47	-388	91	6049	47	-388	91	6049	47	-388	91	6049	47	-388	91	6049	47	-388	91	6049	47	-388	91	6049	47	-388	91	6049	47	-388	91	6049	47	-388	91	6049	47	-388	91	6049	47	-388	91	6049	47	-388	91	6049	47	-388	91	6049	47	-388	91	6049	47	-388	91	6049	47	-388	91	6049	47	-388	91	6049	47	-388	91	6049	47	-388	91	6049	47	-388	91	6049	47	-388	91	6049	47	-388	91	6049
48	-205	106	6155	48	-205	106	6155	48	-205	106	6155	48	-205	106	6155	48	-205	106	6155	48	-205	106	6155	48	-205	106	6155	48	-205	106	6155	48	-205	106	6155	48	-205	106	6155	48	-205	106	6155	48	-205	106	6155	48	-205	106	6155	48	-205	106	6155	48	-205	106	6155	48	-205	106	6155	48	-205	106	6155	48	-205	106	6155	48	-205	106	6155	48	-205	106	6155	48	-205	106	6155	48	-205	106	6155
49	-33	33	6188	49	-33	33	6188	49	-33	33	6188	49	-33	33	6188	49	-33	33	6188	49	-33	33	6188	49	-33	33	6188	49	-33	33	6188	49	-33	33	6188	49	-33	33	6188	49	-33	33	6188	49	-33	33	6188	49	-33	33	6188	49	-33	33	6188	49	-33	33	6188	49	-33	33	6188	49	-33	33	6188	49	-33	33	6188	49	-33	33	6188	49	-33	33	6188	49	-33	33	6188	49	-33	33	6188
50	-64	64	6252	50	-64	64	6252	50	-64	64	6252	50	-64	64	6252	50	-64	64	6252	50	-64	64	6252	50	-64	64	6252	50	-64	64	6252	50	-64	64	6252	50	-64	64	6252	50	-64	64	6252	50	-64	64	6252	50	-64	64	6252	50	-64	64	6252	50	-64	64	6252	50	-64	64	6252	50	-64	64	6252	50	-64	64	6252	50	-64	64	6252	50	-64	64	6252	50	-64	64	6252	50	-64	64	6252
51	-159	60	6312	51	-159	60	6312	51	-159	60	6312	51	-159	60	6312	51	-159	60	6312	51	-159	60	6312	51	-159	60	6312	51	-159	60	6312	51	-159	60	6312	51	-159	60	6312	51	-159	60	6312	51	-159	60	6312	51	-159	60	6312	51	-159	60	6312	51	-159	60	6312	51	-159	60	6312	51	-159	60	6312	51	-159	60	6312	51	-159	60	6312	51	-159	60	6312	51	-159	60	6312	51	-159	60	6312
52	-176	77	6389	52	-176	77	6389	52	-176	77	6389	52	-176	77	6389	52	-176	77	6389	52	-176	77	6389	52	-176	77	6389	52	-176	77	6389	52	-176	77	6389	52	-176	77	6389	52	-176	77	6389	52	-176	77	6389	52	-176	77	6389	52	-176	77	6389	52	-176	77	6389	52	-176	77	6389	52	-176	77	6389	52	-176	77	6389	52	-176	77	6389	52	-176	77	6389	52	-176	77	6389	52	-176	77	6389
53	-44	44	6433	53	-44	44	6433	53	-44	44	6433	53	-44	44	6433	53	-44	44	6433	53	-44	44	6433	53	-44	44	6433	53	-44	44	6433	53	-44	44	6433	53	-44	44	6433	53	-44	44	6433	53	-44	44	6433	53	-44	44	6433	53	-44	44	6433	53	-44	44	6433	53	-44	44	6433	53	-44	44	6433	53	-44	44	6433	53	-44	44	6433	53	-44	44	6433	53	-44	44	6433	53	-44	44	6433
54	-37	37	6470	54	-37	37	6470	54	-37	37	6470	54	-37	37	6470	54	-37	37	6470	54	-37	37	6470	54	-37	37	6470	54	-37	37	6470	54	-37	37	6470	54	-37	37	6470	54	-37	37	6470	54	-37	37	6470	54	-37	37	6470	54	-37	37	6470	54	-37	37	6470	54	-37	37	6470	54	-37	37	6470	54	-37	37	6470	54	-37	37	6470	54	-37	37	6470	54	-37	37	6470	54	-37	37	6470
55	-149	50	6520	55	-149	50	6520	55	-149	50	6520	55	-149	50	6520	55	-149	50	6520	55	-149	50	6520	55	-149	50	6520	55	-149	50	6520	55	-149	50	6520	55	-149	50	6520	55	-149	50	6520	55	-149	50	6520	55	-149	50	6520	55	-149	50	6520	55	-149	50	6520	55	-149	50	6520	55	-149	50	6520	55	-149	50	6520	55	-149	50	6520	55	-149	50	6520	55	-149	50	6520	55	-149	50	6520
56	-197	98	6618	56	-197	98	6618	56	-197	98	6618	56	-197	98	6618	56	-197	98	6618	56	-197	98	6618	56	-197	98	6618	56	-197	98	6618	56	-197	98	6618	56	-197	98	6618	56	-197	98	6618	56	-197	98	6618	56	-197	98	6618	56	-197	98	6618	56	-197	98	6618	56	-197	98	6618	56	-197	98	6618	56	-197	98	6618	56	-197	98	6618	56	-197	98	6618	56	-197	98	6618	56	-197	98	6618
57	-46	46	6664	57	-46	46	6664	57	-46	46	6664	57	-46	46	6664	57	-46	46	6664	57	-46	46	6664	57	-46	46	6664	57	-46	46	6664	57	-46	46	6664	57	-46	46	6664	57	-46	46	6664	57	-46	46	6664	57	-46	46	6664	57	-46	46	6664	57	-46	46	6664	57	-46	46	6664	57	-46	46	6664	57	-46	46	6664	57	-46	46	6664	57	-46	46	6664	57	-46	46	6664	57	-46	46	6664
58	-20	20	6684	58	-20	20	6684	58	-20	20	6684	58	-20	20	6684	58	-20	20	6684	58	-20	20	6684	58	-20	20	6684	58	-20	20	6684	58	-20	20	6684	58	-20	20	6684	58	-20	20	6684	58	-20	20	6684	58	-20	20	6684	58	-20	20	6684	58	-20	20	6684	58	-20	20	6684	58	-20	20	6684	58	-20	20	6684	58	-20	20	6684	58	-20	20	6684	58	-20	20	6684	58	-20	20	6684
59	-161	62	6746	59	-161	62	6746	59	-161	62	6746	59	-161	62	6746	59	-161	62	6746	59	-161	62	6746	59	-161	62	6746	59	-161	62	6746	59	-161	62	6746	59	-161	62	6746	59	-161	62	6746	59	-161	62	6746	59	-161	62	6746	59	-161	62	6746	59	-161	62	6746	59	-161	62	6746	59	-161	62	6746	59	-161	62	6746	59	-161	62	6746	59	-161	62	6746	59	-161	62	6746	59	-161	62	6746
60	-160	61	6807	60	-160	61	6807	60	-160	61	6807	60	-160	61	6807	60	-160	61	6807	60	-160	61	6807	60	-160	61	6807	60	-160	61	6807	60	-160	61	6807	60	-160	61	6807	60	-160	61	6807	60	-160	61	6807	60	-160	61	6807	60	-160	61	6807	60	-160	61	6807	60	-160	61	6807	60	-160	61	6807	60	-160	61	6807	60	-160	61	6807	60	-160	61	6807	60	-160	61	6807	60	-160	61	6807
61	-27	27	6834	61	-27	27	6834	61	-27	27	6834	61	-27	27	6834	61	-27	27	6834	61	-27	27	6834	61	-27	27	6834	61	-27	27	6834	61	-27	27	6834	61	-27	27	6834	61	-27	27	6834	61	-27	27	6834	61	-27	27	6834	61	-27	27	6834	61	-27	27	6834	61	-27	27	6834	61	-27	27	6834	61	-27	27	6834	61	-27	27	6834	61	-27	27	6834	61	-27	27	6834	61	-27	27	6834
62	-53	53	6887	62	-53	53	6887	62	-53	53	6887	62	-53	53	6887	62	-53	53	6887	62	-53	53	6887	62	-53	53	6887	62	-53	53	6887	62	-53	53	6887	62	-53	53	6887	62	-53	53	6887	62	-53	53	6887	62	-53	53	6887	62	-53	53	6887	62	-53	53	6887	62	-53	53	6887	62	-53	53	6887	62	-53	53	6887	62	-53	53	6887	62	-53	53	6887	62	-53	53	6887	62	-53	53	6887
63	-37	37	6924	63	-37	37	6924	63	-37	37	6924	63	-37	37	6924	63	-37	37	6924	63	-37	37	6924	63	-37	37	6924	63	-37	37	6924	63	-37	37	6924	63	-37	37	6924	63	-37	37	6924	63	-37	37	6924	63	-37	37	6924	63	-37	37	6924	63	-37	37	6924	63	-37	37	6924	63	-37	37	6924	63	-37	37	6924	63	-37	37	6924	63	-37	37	6924	63	-37	37	6924	63	-37	37	6924
64	-44	44	6968	64	-44	44	6968	64	-44	44	6968	64	-44	44	6968	64	-44	44	6968	64	-44	44	6968	64	-44	44	6968	64	-44	44	6968	64	-44	44	6968	64	-44	44	6968	64	-44	44	6968	64	-44	44	6968	64	-44	44	6968	64	-44	44	6968	64	-44	44	6968	64	-44	44	6968	64	-44	44	6968	64	-44	44	6968	64	-44	44	6968	64	-44	44	6968	64	-44	44	6968	64	-44	44	6968
65	-26	26	6994	65	-26	26	6994	65	-26	26	6994	65	-26	26	6994	65	-26	26	6994	65	-26	26	6994	65	-26	26	6994	65	-26	26	6994	65	-26	26	6994	65	-26	26	6994	65	-26	26	6994	65	-26	26	6994	65	-26	26	6994	65	-26	26	6994	65	-26	26	6994	65	-26	26	6994	65	-26	26	6994	65	-26	26	6994	65	-26	26	6994	65	-26	26	6994	65	-26	26	6994	65	-26	26	6994
66	-50	50	7044	66	-50	50	7044	66	-50	50	7044	66	-50	50	7044	66	-50	50	7044	66	-50	50	7044	66	-50	50	7044	66	-50	50	7044	66	-50	50	7044	66	-50	50	7044	66	-50	50	7044	66	-50	50	7044	66	-50	50	7044	66	-50	50	7044	66	-50	50	7044	66	-50	50	7044	66	-50	50	7044	66	-50	50	7044	66	-50	50	7044	66	-50	50	7044	66	-50	50	7044	66	-50	50	7044
67	-33	33	7077	67	-33	33	7077	67	-33	33	7077	67	-33	33	7077	67	-33	33	7077	67	-33	33	7077	67	-33	33	7077	67	-33	33	7077	67	-33	33	7077	67	-33	33	7077	67	-33	33	7077	67	-33	33	7077	67	-33	33	7077	67	-33	33	7077	67	-33	33	7077	67	-33	33	7077	67	-33	33	7077	67	-33	33	7077	67	-33	33	7077	67	-33	33	7077	67	-33	33	7077	67	-33	33	7077
68	-143	44	7121	68	-143	44	7121	68	-143	44	7121	68	-143	44	7121	68	-143	44	7121	68	-143	44	7121	68	-143	44	7121	68	-143	44	7121	68	-143	44	7121	68	-143	44	7121	68	-143	44	7121	68	-143	44	7121	68	-143	44	7121	68	-143	44	7121	68	-143	44	7121	68	-143	44	7121	68	-143	44	7121	68	-143	44	7121	68	-143	44	7121	68	-143	44	7121	68	-143	44	7121	68	-143	44	7121
69	-47	47	7168	69	-47	47	7168	69	-47	47	7168	69	-47	47	7168	69	-47	47	7168	69	-47	47	7168	69	-47	47	7168	69	-47	47	7168	69	-47	47	7168	69	-47	47	7168	69	-47	47	7168	69	-47	47	7168	69	-47	47	7168	69	-47	47	7168	69	-47	47	7168	69	-47	47	7168	69	-47	47	7168	69	-47	47	7168	69	-47	47	7168	69	-47	47	7168	69	-47	47	7168	69	-47	47	7168
70	-36	36	7204	70	-36	36	7204	70	-36	36	7204	70	-36	36	7204	70	-36	36	7204	70	-36	36	7204	70	-36	36	7204	70	-36	36	7204	70	-36	36	7204	70	-36	36	7204	70	-36	36	7204	70	-36	36	7204	70	-36	36	7204	70	-36	36	7204	70	-36	36	7204	70	-36	36	7204	70	-36	36	7204	70	-36	36	7204	70	-36	36	7204	70	-36	36	7204	70	-36	36	7204	70	-36	36	7204
71	-56	56	7260	71	-56	56	7260	71	-56	56	7260	71	-56	56	7260	71	-56	56	7260	71	-56	56	7260	71	-56	56	7260	71	-56	56	7260	71	-56	56	7260	71	-56	56	7260	71	-56	56	7260	71	-56	56	7260	71	-56	56	7260	71	-56	56	7260	71	-56	56	7260	71	-56	56	7260	71	-56	56	7260	71	-56	56	7260	71	-56	56	7260	71	-56	56	7260	71	-56	56	7260	71	-56	56	7260
72	-29	29	7289	72	-29	29	7289	72	-29	29	7289	72	-29	29	7289	72	-29	29	7289	72	-29	29	7289	72	-29	29	7289	72	-29	29	7289	72	-29	29	7289	72	-29	29	7289	72	-29	29	7289	72	-29	29	7289	72	-29	29	7289	72	-29	29	7289	72	-29	29	7289	72	-29	29	7289	72	-29	29	7289	72	-29	29	7289	72	-29	29	7289	72	-29	29	7289	72	-29	29	7289	72	-29	29	7289
73	-59	59	7348	73	-59	59	7348	73	-59	59	7348	73	-59	59	7348	73	-59	59	7348	73	-59	59	7348	73	-59	59	7348	73	-59	59	7348	73	-59	59	7348	73	-59	59	7348	73	-59	59	7348	73	-59	59	7348	73	-59	59	7348	73	-59	59	7348	73	-59	59	7348	73	-59	59	7348	73	-59	59	7348	73	-59	59	7348	73	-59	59	7348	73	-59	59	7348	73	-59	59	7348	73	-59	59	7348
74	-173	74	7422	74	-173	74	7422	74	-173	74	7422	74	-173	74	7422	74	-173	74	7422	74	-173	74	7422	74	-173	74	7422	74	-173	74	7422	74	-173	74	7422	74	-173	74	7422	74	-173	74	7422	74	-173	74	7422	74	-173	74	7422	74	-173	74	7422	74	-173	74	7422	74	-173	74	7422	74	-173	74	7422	74	-173	74	7422	74	-173	74	7422	74	-173	74	7422	74	-173	74	7422	74	-173	74	7422
75	-55	55	7477	75	-55	55	7477	75	-55	55	7477	75	-55	55	7477	75	-55	55	7477	75	-55	55	7477	75	-55	55	7477	75	-55	55	7477	75	-55	55	7477	75	-55	55	7477	75	-55	55	7477	75	-55	55	7477	75	-55	55	7477	75	-55	55	7477	75	-55	55	7477	75	-55	55	7477	75	-55	55	7477	75	-55	55	7477	75	-55	55	7477	75	-55	55	7477	75	-55	55	7477	75	-55	55	7477
76	-48	48	7525	76	-48	48	7525	76	-48	48	7525	76	-48	48	7525	76	-48	48	7525	76	-48	48	7525	76	-48	48	7525	76	-48	48	7525	76	-48	48	7525	76	-48	48	7525	76	-48	48	7525	76	-48	48	7525	76	-48	48	7525	76	-48	48	7525	76	-48	48	7525	76	-48	48	7525	76	-48	48	7525	76	-48	48	7525	76	-48	48	7525	76	-48	48	7525	76	-48	48	7525	76	-48	48	7525
77	-133	34	7559	77	-133	34	7559	77	-133	34	7559	77	-133	34	7559	77	-133	34	7559	77	-133	34	7559	77	-133	34	7559	77	-133	34	7559	77	-133	34	7559	77	-133	34	7559	77	-133	34	7559	77	-133	34	7559	77	-133	34	7559	77	-133	34	7559	77	-133	34	7559	77	-133	34	7559	77	-133	34	7559	77	-133	34	7559	77	-133	34	7559	77	-133	34	7559	77	-133	34	7559	77	-133	34	7559
78	-46	46	7605	78	-46	46	7605	78	-46	46	7605	78	-46	46	7605	78	-46	46	7605	78	-46	46	7605	78	-46	46	7605	78	-46	46	7605	78	-46	46	7605	78	-46	46	7605	78	-46	46	7605	78	-46	46	7605	78	-46	46	7605	78	-46	46	7605	78	-46	46	7605	78	-46	46	7605	78	-46	46	7605	78	-46	46	7605	78	-46	46	7605	78	-46	46	7605	78	-46	46	7605	78	-46	46	7605
79	-31	31	7636	79	-31	31	7636	79	-31	31	7636	79	-31	31	7636	79	-31	31	7636	79	-31	31	7636	79	-31	31	7636	79	-31	31	7636	79	-31	31	7636	79	-31	31	7636	79	-31	31	7636	79	-31	31	7636	79	-31	31	7636	79	-31	31	7636	79	-31	31	7636	79	-31	31	7636	79	-31	31	7636	79	-31	31	7636	79	-31	31	7636	79	-31	31	7636	79	-31	31	7636	79	-31	31	7636
80	-36	36	7672	80	-36	36	7672	80	-36	36	7672	80	-36	36	7672	80	-36	36	7672	80	-36	36	7672	80	-36	36	7672	80	-36	36	7672	80	-36	36	7672	80	-36	36	7672	80	-36	36	7672	80	-36	36	7672	80	-36	36	7672	80	-36	36	7672	80	-36	36	7672	80	-36	36	7672	80	-36	36	7672	80	-36	36	7672	80	-36	36	7672	80	-36	36	7672	80	-36	36	7672	80	-36	36	7672
81	-164	65	7737	81	-164	65	7737	81	-164	65	7737	81	-164	65	7737	81	-164	65	7737	81	-164	65	7737	81	-164	65	7737	81	-164	65	7737	81	-164	65	7737	81	-164	65	7737	81	-164	65	7737	81	-164	65	7737	81	-164	65	7737	81	-164	65	7737	81	-164	65	7737	81	-164	65	7737	81	-164	65	7737	81	-164	65	7737	81	-164	65	7737	81	-164	65	7737	81	-164	65	7737	81	-164	65	7737
82	-35	35	7772	82	-35	35	7772	82	-35	35	7772	82	-35	35	7772	82	-35	35	7772	82	-35	35	7772	82	-35	35	7772	82	-35	35	7772	82	-35	35	7772	82	-35	35	7772	82	-35	35	7772	82	-35	35	7772	82	-35	35	7772	82	-35	35	7772	82	-35	35	7772	82	-35	35	7772	82	-35	35	7772	82	-35	35	7772	82	-35	35	7772	82	-35	35	7772	82	-35	35	7772	82	-35	35	7772
83	-30	30	7802	83	-30	30	7802	83	-30	30	7802	83	-30	30	7802	83	-30	30	7802	83	-30	30	7802	83	-30	30	7802	83	-30	30	7802	83	-30	30	7802	83	-30	30	7802	83	-30	30	7802	83	-30	30	7802	83	-30	30	7802	83	-30	30	7802	83	-30	30	7802	83	-30	30	7802	83	-30	30	7802	83	-30	30	7802	83	-30	30	7802	83	-30	30	7802	83	-30	30	7802	83	-30	30	7802
84	-50	50	7852	84	-50	50	7852	84	-50	50	7852	84	-50	50	7852	84	-50	50	7852	84	-50	50	7852	84	-50	50	7852	84	-50	50	7852	84	-50	50	7852	84	-50	50	7852	84	-50	50	7852	84	-50	50	7852	84	-50	50	7852	84	-50	50	7852	84	-50	50	7852	84	-50	50	7852	84	-50	50	7852	84	-50	50	7852	84	-50	50	7852	84	-50	50	7852	84	-50	50	7852	84	-50	50	7852
85	-32	32	7884	85	-32	32	7884	85	-32	32	7884	85	-32	32	7884	85	-32	32	7884	85	-32	32	7884	85	-32	32	7884	85	-32	32	7884	85	-32	32	7884	85	-32	32	7884	85	-32	32	7884	85	-32	32	7884	85	-32	32	7884	85	-32	32	7884	85	-32	32	7884	85	-32	32	7884	85	-32	32	7884	85	-32	32	7884	85	-32	32	7884	85	-32	32	7884	85	-32	32	7884	85	-32	32	7884
86	-21	21	7905	86	-21	21	7905	86	-21	21	7905	86	-21	21	7905	86	-21	21	7905	86	-21	21	7905	86	-21	21	7905	86	-21	21	7905	86	-21	21	7905	86	-21	21	7905	86	-21	21	7905	86	-21	21	7905	86	-21	21	7905	86	-21	21	7905	86	-21	21	7905	86	-21	21	7905	86	-21	21	7905	86	-21	21	7905	86	-21	21	7905	86	-21	21	7905	86	-21	21	7905	86	-21	21	7905
87	-36	36	7941	87	-36	36	7941	87	-36	36	7941	87	-36	36	7941	87	-36	36	7941	87	-36	36	7941	87	-36	36	7941	87	-36	36	7941	87	-36	36	7941	87	-36	36	7941	87	-36	36	7941	87	-36	36	7941	87	-36	36	7941	87	-36	36	7941	87	-36	36	7941	87	-36	36	7941	87	-36	36	7941	87	-36	36	7941	87	-36	36	7941	87	-36	36	7941	87	-36	36	7941	87	-36	36	7941
88	-31	31	7972	88	-31	31	7972	88	-31	31	7972	88	-31	31	7972	88	-31	31	7972	88	-31	31	7972	88	-31	31	7972	88	-31	31	7972	88	-31	31	7972	88	-31	31	7972	88	-31	31	7972	88	-31	31	7972	88	-31	31	7972	88	-31	31	7972	88	-31	31	7972	88	-31	31	7972	88	-31	31	7972	88	-31	31	7972	88	-31	31	7972	88	-31	31	7972	88	-31	31	7972	88	-31	31	7972
89	-27	27	7999	89	-27	27	7999	89	-27	27	7999	89	-27	27	7999	89	-27	27	7999	89	-27	27	7999	89	-27	27	7999	89	-27	27	7999	89	-27	27	7999	89	-27	27	7999	89	-27	27	7999	89	-27	27	7999	89	-27	27	7999	89	-27	27	7999	89	-27	27	7999	89	-27	27	7999	89	-27	27	7999	89	-27	27	7999	89	-27	27	7999	89	-27	27	7999	89	-27	27	7999	89	-27	27	7999
90	-44	44	8043	90	-44	44	8043	90	-44	44	8043	90	-44	44	8043	90	-44	44	8043	90	-44	44	8043	90	-44	44	8043	90	-44	44	8043	90	-44	44	8043	90	-44	44	8043	90	-44	44	8043	90	-44	44	8043	90	-44	44	8043	90	-44	44	8043	90	-44	44	8043	90	-44	44	8043	90	-44	44	8043	90	-44	44	8043	90	-44	44	8043	90	-44	44	8043	90	-44	44	8043	90	-44	44	8043
91	-37	37	8080	91	-37	37	8080	91	-37	37	8080	91	-37	37	8080	91	-37	37	8080	91	-37	37	8080	91	-37	37	8080	91	-37	37	8080	91	-37	37	8080	91	-37	37	8080	91	-37	37	8080	91	-37	37	8080	91	-37	37	8080	91	-37	37	8080	91	-37	37	8080	91	-37	37	8080	91	-37	37	8080	91	-37	37	8080	91	-37	37	8080	91	-37	37	8080	91	-37	37	8080	91	-37	37	8080
92	-139	40	8120	92	-139	40	8120	92	-139	40	8120	92	-139	40	8120	92	-139	40	8120	92	-139	40	8120	92	-139	40	8120	92	-139	40	8120	92	-139	40	8120	92	-139	40	8120	92	-139	40	8120	92	-139	40	8120	92	-139	40	8120	92	-139	40	8120	92	-139	40	8120	92	-139	40	8120	92	-139	40	8120	92	-139	40	8120	92	-139	40	8120	92	-139	40	8120	92	-139	40	8120	92	-139	40	8120
93	-268	70	8190	93	-268	70	8190	93	-268	70	8190	93	-268	70	8190	93	-268	70	8190	93	-268	70	8190	93	-268	70	8190	93	-268	70	8190	93	-268	70	8190	93	-268	70	8190	93	-268	70	8190	93	-268	70	8190	93	-268	70	8190	93	-268	70	8190	93	-268	70	8190	93	-268	70	8190	93	-268	70	8190	93	-268	70	8190	93	-268	70	8190	93	-268	70	8190	93	-268	70	8190	93	-268	70	8190
94	-23	23	8213	94	-23	23	8213	94	-23	23	8213	94	-23	23	8213	94	-23	23	8213	94	-23	23	8213	94	-23	23	8213	94	-23	23	8213	94	-23	23	8213	94	-23	23	8213	94	-23	23	8213	94	-23	23	8213	94	-23	23	8213	94	-23	23	8213	94	-23	23	8213	94	-23	23	8213	94	-23	23	8213	94	-23	23	8213	94	-23	23	8213	94	-23	23	8213	94	-23	23	8213	94	-23	23	8213
95	-39	39	8252	95	-39	39	8252	95	-39	39	8252	95	-39	39	8252	95	-39	39	8252	95	-39	39	8252	95	-39	39	8252	95	-39	39	8252	95	-39	39	8252	95	-39	39	8252	95	-39	39	8252	95	-39	39	8252	95	-39	39	8252	95	-39	39	8252	95	-39	39	8252	95	-39	39	8252	95	-39	39	8252	95	-39	39	8252	95	-39	39	8252	95	-39	39	8252	95	-39	39	8252	95	-39	39	8252
96	-40	40	8292	96	-40	40	8292	96	-40	40	8292	96	-40	40	8292	96	-40	40	8292	96	-40	40	8292	96	-40	40	8292	96	-40	40	8292	96	-40	40	8292	96	-40	40	8292	96	-40	40	8292	96	-40	40	8292	96	-40	40	8292	96	-40	40	8292	96	-40	40	8292	96	-40	40	8292	96	-40	40	8292	96	-40	40	8292	96	-40	40	8292	96	-40	40	8292	96	-40	40	8292	96	-40	40	8292
97	-134	35	8327	97	-134	35	8327	97	-134	35	8327	97	-134	35	8327	97	-134	35	8327	97	-134	35	8327	97	-134	35	8327	97	-134	35	8327	97	-134	35	8327	97	-134	35	8327	97	-134	35	8327	97	-134	35	8327	97	-134	35	8327	97	-134	35	8327	97	-134	35	8327	97	-134	35	8327	97	-134	35	8327	97	-134	35	8327	97	-134	35	8327	97	-134	35	8327	97	-134	35	8327	97	-134	35	8327
98	-32	32	8359	98	-32	32	8359	98	-32	32	8359	98	-32	32	8359	98	-32	32	8359	98	-32	32	8359	98	-32	32	8359	98	-32	32	8359	98	-32	32	8359	98	-32	32	8359	98	-32	32	8359	98	-32	32	8359	98	-32	32	8359	98	-32	32	8359	98	-32	32	8359	98	-32	32	8359	98	-32	32	8359	98	-32	32	8359	98	-32	32	8359	98	-32	32	8359	98	-32	32	8359	98	-32	32	8359
99	-37	37	8396	99	-37	37	8396	99	-37	37	8396	99	-37	37	8396	99	-37	37	8396	99	-37	37	8396	99	-37	37	8396	99	-37	37	8396	99	-37	37	8396	99	-37	37	8396	99	-37	37	8396	99	-37	37	8396	99	-37	37	8396	99	-37	37	8396	99	-37	37	8396	99	-37	37	8396	99	-37	37	8396	99	-37	37	8396	99	-37	37	8396	99	-37	37	8396	99	-37	37	8396	99	-37	37	8396
100	-31	31	8427	100	-31	31	8427	100	-31	31	8427	100	-31	31	8427	100	-31	31	8427	100	-31	31	8427	100	-31	31	8427	100	-31	31	8427	100	-31	31	8427	100	-31	31	8427	100	-31	31	8427	100	-31	31	8427	100	-31	31	8427	100	-31	31	8427	100	-31	31	8427	100	-31	31	8427	100	-31	31	8427	100	-31	31	8427	100	-31	31	8427	100	-31	31	8427	100	-31	31	8427	100	-31	31	8427
101	-279	81	8508	101	-279	81	8508	101	-279	81	8508	101	-279	81	8508	101	-279	81	8508	101	-279	81	8508	101	-279	81	8508	101	-279	81	8508	101	-279	81	8508	101	-279	81	8508	101	-279	81	8508	101	-279	81	8508	101	-279	81	8508	101	-279	81	8508	101	-279	81	8508	101	-279	81	8508	101	-279	81	8508	101	-279	81	8508	101	-279	81	8508	101	-279	81	8508	101	-279	81	8508	101	-279	81	8508
102	-40	40	8548	102	-40	40	8548	102	-40	40	8548	102	-40	40	8548	102	-40	40	8548	102	-40	40	8548	102	-40	40	8548	102	-40	40	8548	102	-40	40	8548	102	-40	40	8548	102	-40	40	8548	102	-40	40	8548	102	-40	40	8548	102	-40	40	8548	102	-40	40	8548	102	-40	40	8548	102	-40	40	8548	102	-40	40	8548	102	-40	40	8548	102	-40	40	8548	102	-40	40	8548	102	-40	40	8548
103	-28	28	8576	103	-28	28	8576	103	-28	28	8576	103	-28	28	8576	103	-28	28	8576	103	-28	28	8576	103	-28	28	8576	103	-28	28	8576	103	-28	28	8576	103	-28	28	8576	103	-28	28	8576	103	-28	28	8576	103	-28	28	8576	103	-28	28	8576	103	-28	28	8576	103	-28	28	8576	103	-28	28	8576	103	-28	28	8576	103	-28	28	8576	103	-28	28	8576	103	-28	28	8576	103	-28	28	8576
104	-22	22	8598	104	-22	22	8598	104	-22	22	8598	104	-22	22	8598	104	-22	22	8598	104	-22	22	8598	104	-22	22	8598	104	-22	22	8598	104	-22	22	8598	104	-22	22	8598	104	-22	22	8598	104	-22	22	8598	104	-22	22	8598	104	-22	22	8598	104	-22	22	8598	104	-22	22	8598	104	-22	22	8598	104	-22	22	8598	104	-22	22	8598	104	-22	22	8598	104	-22	22	8598	104	-22	22	8598
105	-141	42	8640	105	-141	42	8640	105	-141	42	8640	105	-141	42	8640	105	-141	42	8640	105	-141	42	8640	105	-141	42	8640	105	-141	42	8640	105	-141	42	8640	105	-141	42	8640	105	-141	42	8640	105	-141	42	8640	105	-141	42	8640	105	-141	42	8640	105	-141	42	8640	105	-141	42	8640	105	-141	42	8640	105	-141	42	8640	105	-141	42	8640	105	-141	42	8640	105	-141	42	8640	105	-141	42	8640
106	-39	39	8679	106	-39	39	8679	106	-39	39	8679	106	-39	39	8679	106	-39	39	8679	106	-39	39	8679	106	-39	39	8679	106	-39	39	8679	106	-39	39	8679	106	-39	39	8679	106	-39	39	8679	106	-39	39	8679	106	-39	39	8679	106	-39	39	8679	106	-39	39	8679	106	-39	39	8679	106	-39	39	8679	106	-39	39	8679	106	-39	39	8679	106	-39	39	8679	106	-39	39	8679	106	-39	39	8679
107	-268	70	8749	107	-268	70	8749	107	-268	70	8749	107	-268	70	8749	107	-268	70	8749	107	-268	70	8749	107	-268	70	8749	107	-268	70	8749	107	-268	70	8749	107	-268	70	8749	107	-268	70	8749	107	-268	70	8749	107	-268	70	8749	107	-268	70	8749	107	-268	70	8749	107	-268	70	8749	107	-268	70	8749	107	-268	70	8749	107	-268	70	8749	107	-268	70	8749	107	-268	70	8749	107	-268	70	8749
108	-234	36	8785	108	-234	36	8785	108	-234	36	8785	108	-234	36	8785	108	-234	36	8785	108	-234	36	8785	108	-234	36	8785	108	-234	36	8785	108	-234	36	8785	108	-234	36	8785	108	-234	36	8785	108	-234	36	8785	108	-234	36	8785	108	-234	36	8785	108	-234	36	8785	108	-234	36	8785	108	-234	36	8785	108	-234	36	8785	108	-234	36	8785	108	-234	36	8785	108	-234	36	8785	108	-234	36	8785
109	-28	28	8813	109	-28	28	8813	109	-28	28	8813	109	-28	28	8813	109	-28	28	8813	109	-28	28	8813	109	-28	28	8813	109	-28	28	8813	109	-28	28	8813	109	-28	28	8813	109	-28	28	8813	109	-28	28	8813	109	-28	28	8813	109	-28	28	8813	109	-28	28	8813	109	-28	28	8813	109	-28	28	8813	109	-28	28	8813	109	-28	28	8813	109	-28	28	8813	109	-28	28	8813	109	-28	28	8813
110	-30	30	8843	110	-30	30	8843	110	-30	30	8843	110	-30	30	8843	110	-30	30	8843	110	-30	30	8843	110	-30	30	8843	110	-30	30	8843	110	-30	30	8843	110	-30	30	8843	110	-30	30	8843	110	-30	30	8843	110	-30	30	8843	110	-30	30	8843	110	-30	30	8843	110	-30	30	8843	110	-30	30	8843	110	-30	30	8843	110	-30	30	8843	110	-30	30	8843	110	-30	30	8843	110	-30	30	8843
111	-164	65	8908	111	-164	65	8908	111	-164	65	8908	111	-164	65	8908	111	-164	65	8908	111	-164	65	8908	111	-164	65	8908	111	-164	65	8908	111	-164	65	8908	111	-164	65	8908	111	-164	65	8908	111	-164	65	8908	111	-164	65	8908	111	-164	65	8908	111	-164	65	8908	111	-164	65	8908	111	-164	65	8908	111	-164	65	8908	111	-164	65	8908	111	-164	65	8908	111	-164	65	8908	111	-164	65	8908
112	-160	61	8969	112	-160	61	8969	112	-160	61	8969	112	-160	61	8969	112	-160	61	8969	112	-160	61	8969	112	-160	61	8969	112	-160	61	8969	112	-160	61	8969	112	-160	61	8969	112	-160	61	8969	112	-160	61	8969	112	-160	61	8969	112	-160	61	8969	112	-160	61	8969	112	-160	61	8969	112	-160	61	8969	112	-160	61	8969	112	-160	61	8969	112	-160	61	8969	112	-160	61	8969	112	-160	61	8969
113	-151	52	9021	113	-151	52	9021	113	-151	52	9021	113	-151	52	9021	113	-151	52	9021	113	-151	52	9021	113	-151	52	9021	113	-151	52	9021	113	-151	52	9021	113	-151	52	9021	113	-151	52	9021	113	-151	52	9021	113	-151	52	9021	113	-151	52	9021	113	-151	52	9021	113	-151	52	9021	113	-151	52	9021	113	-151	52	9021	113	-151	52	9021	113	-151	52	9021	113	-151	52	9021	113	-151	52	9021
114	-15	15	9036	114	-15	15	9036	114	-15	15	9036	114	-15	15	9036	114	-15	15	9036	114	-15	15	9036	114	-15	15	9036	114	-15	15	9036	114	-15	15	9036	114	-15	15	9036	114	-15	15	9036	114	-15	15	9036	114	-15	15	9036	114	-15	15	9036	114	-15	15	9036	114	-15	15	9036	114	-15	15	9036	114	-15	15	9036	114	-15	15	9036	114	-15	15	9036	114	-15	15	9036	114	-15	15	9036
115	-136	37	9073	115	-136	37	9073	115	-136	37	9073	115	-136	37	9073	115	-136	37	9073	115	-136	37	9073	115	-136	37	9073	115	-136	37	9073	115	-136	37	9073	115	-136	37	9073	115	-136	37	9073	115	-136	37	9073	115	-136	37	9073	115	-136	37	9073	115	-136	37	9073	115	-136	37	9073	115	-136	37	9073	115	-136	37	9073	115	-136	37	9073	115	-136	37	9073	115	-136	37	9073	115	-136	37	9073
116	-22	22	9095	116	-22	22	9095	116	-22	22	9095	116	-22	22	9095	116	-22	22	9095	116	-22	22	9095	116	-22	22	9095	116	-22	22	9095	116	-22	22	9095	116	-22	22	9095	116	-22	22	9095	116	-22	22	9095	116	-22	22	9095	116	-22	22	9095	116	-22	22	9095	116	-22	22	9095	116	-22	22	9095	116	-22	22	9095	116	-22	22	9095	116	-22	22	9095	116	-22	22	9095	116	-22	22	9095
117	-168	69	9164	117	-168	69	9164	117	-168	69	9164	117	-168	69	9164	117	-168	69	9164	117	-168	69	9164	117	-168	69	9164	117	-168	69	9164	117	-168	69	9164	117	-168	69	9164	117	-168	69	9164	117	-168	69	9164	117	-168	69	9164	117	-168	69	9164	117	-168	69	9164	117	-168	69	9164	117	-168	69	9164	117	-168	69	9164	117	-168	69	9164	117	-168	69	9164	117	-168	69	9164	117	-168	69	9164
118	-22	22	9186	118	-22	22	9186	118	-22	22	9186	118	-22	22	9186	118	-22	22	9186	118	-22	22	9186	118	-22	22	9186	118	-22	22	9186	118	-22	22	9186	118	-22	22	9186	118	-22	22	9186	118	-22	22	9186	118	-22	22	9186	118	-22	22	9186	118	-22	22	9186	118	-22	22	9186	118	-22	22	9186	118	-22	22	9186	118	-22	22	9186	118	-22	22	9186	118	-22	22	9186	118	-22	22	9186
119	-33	33	9219	119	-33	33	9219	119	-33	33	9219	119	-33	33	9219	119	-33	33	9219	119	-33	33	9219	119	-33	33	9219	119	-33	33	9219	119	-33	33	9219	119	-33	33	9219	119	-33	33	9219	119	-33	33	9219	119	-33	33	9219	119	-33	33	9219	119	-33	33	9219	119	-33	33	9219	119	-33	33	9219	119	-33	33	9219	119	-33	33	9219	119	-33	33	9219	119	-33	33	9219	119	-33	33	9219
120	-20	20	9239	120	-20	20	9239	120	-20	20	9239	120	-20	20	9239	120	-20	20	9239	120	-20	20	9239	120	-20	20	9239	120	-20	20	9239	120	-20	20	9239	120	-20	20	9239	120	-20	20	9239	120	-20	20	9239	120	-20	20	9239	120	-20	20	9239	120	-20	20	9239	120	-20	20	9239	120	-20	20	9239	120	-20	20	9239	120	-20	20	9239	120	-20	20	9239	120	-20	20	9239	120	-20	20	9239
121	-27	27	9266	121	-27	27	9266	121	-27	27	9266	121	-27	27	9266	121	-27	27	9266	121	-27	27	9266	121	-27	27	9266	121	-27	27	9266	121	-27	27	9266	121	-27	27	9266	121	-27	27	9266	121	-27	27	9266	121	-27	27	9266	121	-27	27	9266	121	-27	27	9266	121	-27	27	9266	121	-27	27	9266	121	-27	27	9266	121	-27	27	9266	121	-27	27	9266	121	-27	27	9266	121	-27	27	9266
122	-28	28	9294	122	-28	28	9294	122	-28	28	9294	122	-28	28	9294	122	-28	28	9294	122	-28	28	9294	122	-28	28	9294	122	-28	28	9294	122	-28	28	9294	122	-28	28	9294	122	-28	28	9294	122	-28	28	9294	122	-28	28	9294	122	-28	28	9294	122	-28	28	9294	122	-28	28	9294	122	-28	28	9294	122	-28	28	9294	122	-28	28	9294	122	-28	28	9294	122	-28	28	9294	122	-28	28	9294
123	-29	29	9323	123	-29	29	9323	123	-29	29	9323	123	-29	29	9323	123	-29	29	9323	123	-29	29	9323	123	-29	29	9323	123	-29	29	9323	123	-29	29	9323	123	-29	29	9323	123	-29	29	9323	123	-29	29	9323	123	-29	29	9323	123	-29	29	9323	123	-29	29	9323	123	-29	29	9323	123	-29	29	9323	123	-29	29	9323	123	-29	29	9323	123	-29	29	9323	123	-29	29	9323	123	-29	29	9323
124	-37	37	9360	124	-37	37	9360	124	-37	37	9360	124	-37	37	9360	124	-37	37	9360	124	-37	37	9360	124	-37	37	9360	124	-37	37	9360	124	-37	37	9360	124	-37	37	9360	124	-37	37	9360	124	-37	37	9360	124	-37	37	9360	124	-37	37	9360	124	-37	37	9360	124	-37	37	9360	124	-37	37	9360	124	-37	37	9360	124	-37	37	9360	124	-37	37	9360	124	-37	37	9360	124	-37	37	9360
125	-43	43	9403	125	-43	43	9403	125	-43	43	9403	125	-43	43	9403	125	-43	43	9403	125	-43	43	9403	125	-43	43	9403	125	-43	43	9403	125	-43	43	9403	125	-43	43	9403	125	-43	43	9403	125	-43	43	9403	125	-43	43	9403	125	-43	43	9403	125	-43	43	9403	125	-43	43	9403	125	-43	43	9403	125	-43	43	9403	125	-43	43	9403	125	-43	43	9403	125	-43	43	9403	125	-43	43	9403
126	-17	17	9420	126	-17	17	9420	126	-17	17	9420	126	-17	17	9420	126	-17	17	9420	126	-17	17	9420	126	-17	17	9420	126	-17	17	9420	126	-17	17	9420	126	-17	17	9420	126	-17	17	9420	126	-17	17	9420	126	-17	17	9420	126	-17	17	9420	126	-17	17	9420	126	-17	17	9420	126	-17	17	9420	126	-17	17	9420	126	-17	17	9420	126	-17	17	9420	126	-17	17	9420	126	-17	17	9420
127	-32	32	9452	127	-32	32	9452	127	-32	32	9452	127	-32	32	9452	127	-32	32	9452	127	-32	32	9452	127	-32	32	9452	127	-32	32	9452	127	-32	32	9452	127	-32	32	9452	127	-32	32	9452	127	-32	32	9452	127	-32	32	9452	127	-32	32	9452	127	-32	32	9452	127	-32	32	9452	127	-32	32	9452	127	-32	32	9452	127	-32	32	9452	127	-32	32	9452	127	-32	32	9452	127	-32	32	9452
128	-122	23	9475	128	-122	23	9475	128	-122	23	9475	128	-122	23	9475	128	-122	23	9475	128	-122	23	9475	128	-122	23	9475	128	-122	23	9475	128	-122	23	9475	128	-122	23	9475	128	-122	23	9475	128	-122	23	9475	128	-122	23	9475	128	-122	23	9475	128	-122	23	9475	128	-122	23	9475	128	-122	23	9475	128	-122	23	9475	128	-122	23	9475	128	-122	23	9475	128	-122	23	9475	128	-122	23	9475
129	-23	23	9498	129	-23	23	9498	129	-23	23	9498	129	-23	23	9498	129	-23	23	9498	129	-23	23	9498	129	-23	23	9498	129	-23	23	9498	129	-23	23	9498	129	-23	23	9498	129	-23	23	9498	129	-23	23	9498	129	-23	23	9498	129	-23	23	9498	129	-23	23	9498	129	-23	23	9498	129	-23	23	9498	129	-23	23	9498	129	-23	23	9498	129	-23	23	9498	129	-23	23	9498	129	-23	23	9498
130	-24	24	9522	130	-24	24	9522	130	-24	24	9522	130	-24	24	9522	130	-24	24	9522	130	-24	24	9522	130	-24	24	9522	130	-24	24	9522	130	-24	24	9522	130	-24	24	9522	130	-24	24	9522	130	-24	24	9522	130	-24	24	9522	130	-24	24	9522	130	-24	24	9522	130	-24	24	9522	130	-24	24	9522	130	-24	24	9522	130	-24	24	9522	130	-24	24	9522	130	-24	24	9522	130	-24	24	9522
131	-36	36	9558	131	-36	36	9558	131	-36	36	9558	131	-36	36	9558	131	-36	36	9558	131	-36	36	9558	131	-36	36	9558	131	-36	36	9558	131	-36	36	9558	131	-36	36	9558	131	-36	36	9558	131	-36	36	9558	131	-36	36	9558	131	-36	36	9558	131	-36	36	9558	131	-36	36	9558	131	-36	36	9558	131	-36	36	9558	131	-36	36	9558	131	-36	36	9558	131	-36	36	9558	131	-36	36	9558
132	-32	32	9590	132	-32	32	9590	132	-32	32	9590	132	-32	32	9590	132	-32	32	9590	132	-32	32	9590	132	-32	32	9590	132	-32	32	9590	132	-32	32	9590	132	-32	32	9590	132	-32	32	9590	132	-32	32	9590	132	-32	32	9590	132	-32	32	9590	132	-32	32	9590	132	-32	32	9590	132	-32	32	9590	132	-32	32	9590	132	-32	32	9590	132	-32	32	9590	132	-32	32	9590	132	-32	32	9590
133	-27	27	9617	133	-27	27	9617	133	-27	27	9617	133	-27	27	9617	133	-27	27	9617	133	-27	27	9617	133	-27	27	9617	133	-27	27	9617	133	-27	27	9617	133	-27	27	9617	133	-27	27	9617	133	-27	27	9617	133	-27	27	9617	133	-27	27	9617	133	-27	27	9617	133	-27	27	9617	133	-27	27	9617	133	-27	27	9617	133	-27	27	9617	133	-27	27	9617	133	-27	27	9617	133	-27	27	9617
134	-27	27	9644	134	-27	27	9644	134	-27	27	9644	134	-27	27	9644	134	-27	27	9644	134	-27	27	9644	134	-27	27	9644	134	-27	27	9644	134	-27	27	9644	134	-27	27	9644	134	-27	27	9644	134	-27	27	9644	134	-27	27	9644	134	-27	27	9644	134	-27	27	9644	134	-27	27	9644	134	-27	27	9644	134	-27	27	9644	134	-27	27	9644	134	-27	27	9644	134	-27	27	9644	134	-27	27	9644
135	-136	37	9681	135	-136	37	9681	135	-136	37	9681	135	-136	37	9681	135	-136	37	9681	135	-136	37	9681	135	-136	37	9681	135	-136	37	9681	135	-136	37	9681	135	-136	37	9681	135	-136	37	9681	135	-136	37	9681	135	-136	37	9681	135	-136	37	9681	135	-136	37	9681	135	-136	37	9681	135	-136	37	9681	135	-136	37	9681	135	-136	37	9681	135	-136	37	9681	135	-136	37	9681	135	-136	37	9681
136	-141	42	9723	136	-141	42	9723	136	-141	42	9723	136	-141	42	9723	136	-141	42	9723	136	-141	42	9723	136	-141	42	9723	136	-141	42	9723	136	-141	42	9723	136	-141	42	9723	136	-141	42	9723	136	-141	42	9723	136	-141	42	9723	136	-141	42	9723	136	-141	42	9723	136	-141	42	9723	136	-141	42	9723	136	-141	42	9723	136	-141	42	9723	136	-141	42	9723	136	-141	42	9723	136	-141	42	9723
137	-118	19	9742	137	-118	19	9742	137	-118	19	9742	137	-118	19	9742	137	-118	19	9742	137	-118	19	9742	137	-118	19	9742	137	-118	19	9742	137	-118	19	9742	137	-118	19	9742	137	-118	19	9742	137	-118	19	9742	137	-118	19	9742	137	-118	19	9742	137	-118	19	9742	137	-118	19	9742	137	-118	19	9742	137	-118	19	9742	137	-118	19	9742	137	-118	19	9742	137	-118	19	9742	137	-118	19	9742
138	-35	35	9777	138	-35	35	9777	138	-35	35	9777	138	-35	35	9777	138	-35	35	9777	138	-35	35	9777	138	-35	35	9777	138	-35	35	9777	138	-35	35	9777	138	-35	35	9777	138	-35	35	9777	138	-35	35	9777	138	-35	35	9777	138	-35	35	9777	138	-35	35	9777	138	-35	35	9777	138	-35	35	9777	138	-35	35	9777	138	-35	35	9777	138	-35	35	9777	138	-35	35	9777	138	-35	35	9777
139	-17	17	9794	139	-17	17	9794	139	-17	17	9794	139	-17	17	9794	139	-17	17	9794	139	-17	17	9794	139	-17	17	9794	139	-17	17	9794	139	-17	17	9794	139	-17	17	9794	139	-17	17	9794	139	-17	17	9794	139	-17	17	9794	139	-17	17	9794	139	-17	17	9794	139	-17	17	9794	139	-17	17	9794	139	-17	17	9794	139	-17	17	9794	139	-17	17	9794	139	-17	17	9794	139	-17	17	9794
140	-159	60	9854	140	-159	60	9854	140	-159	60	9854	140	-159	60	9854	140	-159	60	9854	140	-159	60	9854	140	-159	60	9854	140	-159	60	9854	140	-159	60	9854	140	-159	60	9854	140	-159	60	9854	140	-159	60	9854	140	-159	60	9854	140	-159	60	9854	140	-159	60	9854	140	-159	60	9854	140	-159	60	9854	140	-159	60	9854	140	-159	60	9854	140	-159	60	9854	140	-159	60	9854	140	-159	60	9854
141	-16	16	9870	141	-16	16	9870	141	-16	16	9870	141	-16	16	9870	141	-16	16	9870	141	-16	16	9870	141	-16	16	9870	141	-16	16	9870	141	-16	16	9870	141	-16	16	9870	141	-16	16	9870	141	-16	16	9870	141	-16	16	9870	141	-16	16	9870	141	-16	16	9870	141	-16	16	9870	141	-16	16	9870	141	-16	16	9870	141	-16	16	9870	141	-16	16	9870	141	-16	16	9870	141	-16	16	9870
142	-43	43	9913	142	-43	43	9913	142	-43	43	9913	142	-43	43	9913	142	-43	43	9913	142	-43	43	9913	142	-43	43	9913	142	-43	43	9913	142	-43	43	9913	142	-43	43	9913	142	-43	43	9913	142	-43	43	9913	142	-43	43	9913	142	-43	43	9913	142	-43	43	9913	142	-43	43	9913	142	-43	43	9913	142	-43	43	9913	142	-43	43	9913	142	-43	43	9913	142	-43	43	9913	142	-43	43	9913
143	-18	18	9931	143	-18	18	9931	143	-18	18	9931	143	-18	18	9931	143	-18	18	9931	143	-18	18	9931	143	-18	18	9931	143	-18	18	9931	143	-18	18	9931	143	-18	18	9931	143	-18	18	9931	143	-18	18	9931	143	-18	18	9931	143	-18	18	9931	143	-18	18	9931	143	-18	18	9931	143	-18	18	9931	143	-18	18	9931	143	-18	18	9931	143	-18	18	9931	143	-18	18	9931	143	-18	18	9931
144	-136	37	9968	144	-136	37	9968	144	-136	37	9968	144	-136	37	9968	144	-136	37	9968	144	-136	37	9968	144	-136	37	9968	144	-136	37	9968	144	-136	37	9968	144	-136	37	9968	144	-136	37	9968	144	-136	37	9968	144	-136	37	9968	144	-136	37	9968	144	-136	37	9968	144	-136	37	9968	144	-136	37	9968	144	-136	37	9968	144	-136	37	9968	144	-136	37	9968	144	-136	37	9968	144	-136	37	9968
145	-135	36	10004	145	-135	36	10004	145	-135	36	10004	145	-135	36	10004	145	-135	36	10004	145	-135	36	10004	145	-135	36	10004	145	-135	36	10004	145	-135	36	10004	145	-135	36	10004	145	-135	36	10004	145	-135	36	10004	145	-135	36	10004	145	-135	36	10004	145	-135	36	10004	145	-135	36	10004	145	-135	36	10004	145	-135	36	10004	145	-135	36	10004	145	-135	36	10004	145	-135	36	10004	145	-135	36	10004
146	-35	35	10039	146	-35	35	10039	146	-35	35	10039	146	-35	35	10039	146	-35	35	10039	146	-35	35	10039	146	-35	35	10039	146	-35	35	10039	146	-35	35	10039	146	-35	35	10039	146	-35	35	10039	146	-35	35	10039	146	-35	35	10039	146	-35	35	10039	146	-35	35	10039	146	-35	35	10039	146	-35	35	10039	146	-35	35	10039	146	-35	35	10039	146	-35	35	10039	146	-35	35	10039	146	-35	35	10039
147	-15	15	10054	147	-15	15	10054	147	-15	15	10054	147	-15	15	10054	147	-15	15	10054	147	-15	15	10054	147	-15	15	10054	147	-15	15	10054	147	-15	15	10054	147	-15	15	10054	147	-15	15	10054	147	-15	15	10054	147	-15	15	10054	147	-15	15	10054	147	-15	15	10054	147	-15	15	10054	147	-15	15	10054	147	-15	15	10054	147	-15	15	10054	147	-15	15	10054	147	-15	15	10054	147	-15	15	10054
148	-124	25	10079	148	-124	25	10079	148	-124	25	10079	148	-124	25	10079	148	-124	25	10079	148	-124	25	10079	148	-124	25	10079	148	-124	25	10079	148	-124	25	10079	148	-124	25	10079	148	-124	25	10079	148	-124	25	10079	148	-124	25	10079	148	-124	25	10079	148	-124	25	10079	148	-124	25	10079	148	-124	25	10079	148	-124	25	10079	148	-124	25	10079	148	-124	25	10079	148	-124	25	10079	148	-124	25	10079
149	-19	19	10098	149	-19	19	10098	149	-19	19	10098	149	-19	19	10098	149	-19	19	10098	149	-19	19	10098	149	-19	19	10098	149	-19	19	10098	149	-19	19	10098	149	-19	19	10098	149	-19	19	10098	149	-19	19	10098	149	-19	19	10098	149	-19	19	10098	149	-19	19	10098	149	-19	19	10098	149	-19	19	10098	149	-19	19	10098	149	-19	19	10098	149	-19	19	10098	149	-19	19	10098	149	-19	19	10098
150	-19	19	10117	150	-19	19	10117	150	-19	19	10117	150	-19	19	10117	150	-19	19	10117	150	-19	19	10117	150	-19	19	10117	150	-19	19	10117	150	-19	19	10117	150	-19	19	10117	150	-19	19	10117	150	-19	19	10117	150	-19	19	10117	150	-19	19	10117	150	-19	19	10117	150	-19	19	10117	150	-19	19	10117	150	-19	19	10117	150	-19	19	10117	150	-19	19	10117	150	-19	19	10117	150	-19	19	10117
151	-22	22	10139	151	-22	22	10139	151	-22	22	10139	151	-22	22	10139	151	-22	22	10139	151	-22	22	10139	151	-22	22	10139	151	-22	22	10139	151	-22	22	10139	151	-22	22	10139	151	-22	22	10139	151	-22	22	10139	151	-22	22	10139	151	-22	22	10139	151	-22	22	10139	151	-22	22	10139	151	-22	22	10139	151	-22	22	10139	151	-22	22	10139	151	-22	22	10139	151	-22	22	10139	151	-22	22	10139
152	-146	47	10186	152	-146	47	10186	152	-146	47	10186	152	-146	47	10186	152	-146	47	10186	152	-146	47	10186	152	-146	47	10186	152	-146	47	10186	152	-146	47	10186	152	-146	47	10186	152	-146	47	10186	152	-146	47	10186	152	-146	47	10186	152	-146	47	10186	152	-146	47	10186	152	-146	47	10186	152	-146	47	10186	152	-146	47	10186	152	-146	47	10186	152	-146	47	10186	152	-146	47	10186	152	-146	47	10186
153	-122	23	10209	153	-122	23	10209	153	-122	23	10209	153	-122	23	10209	153	-122	23	10209	153	-122	23	10209	153	-122	23	10209	153	-122	23	10209	153	-122	23	10209	153	-122	23	10209	153	-122	23	10209	153	-122	23	10209	153	-122	23	10209	153	-122	23	10209	153	-122	23	10209	153	-122	23	10209	153	-122	23	10209	153	-122	23	10209	153	-122	23	10209	153	-122	23	10209	153	-122	23	10209	153	-122	23	10209
154	-128	29	10238	154	-128	29	10238	154	-128	29	10238	154	-128	29	10238	154	-128	29	10238	154	-128	29	10238	154	-128	29	10238	154	-128	29	10238	154	-128	29	10238	154	-128	29	10238	154	-128	29	10238	154	-128	29	10238	154	-128	29	10238	154	-128	29	10238	154	-128	29	10238	154	-128	29	10238	154	-128	29	10238	154	-128	29	10238	154	-128	29	10238	154	-128	29	10238	154	-128	29	10238	154	-128	29	10238
155	-23	23	10261	155	-23	23	10261	155	-23	23	10261	155	-23	23	10261	155	-23	23	10261	155	-23	23	10261	155	-23	23	10261	155	-23	23	10261	155	-23	23	10261	155	-23	23	10261	155	-23	23	10261	155	-23	23	10261	155	-23	23	10261	155	-23	23	10261	155	-23	23	10261	155	-23	23	10261	155	-23	23	10261	155	-23	23	10261	155	-23	23	10261	155	-23	23	10261	155	-23	23	10261	155	-23	23	10261
156	-32	32	10293	156	-32	32	10293	156	-32	32	10293	156	-32	32	10293	156	-32	32	10293	156	-32	32	10293	156	-32	32	10293	156	-32	32	10293	156	-32	32	10293	156	-32	32	10293	156	-32	32	10293	156	-32	32	10293	156	-32	32	10293	156	-32	32	10293	156	-32	32	10293	156	-32	32	10293	156	-32	32	10293	156	-32	32	10293	156	-32	32	10293	156	-32	32	10293	156	-32	32	10293	156	-32	32	10293
157	-16	16	10309	157	-16	16	10309	157	-16	16	10309	157	-16	16	10309	157	-16	16	10309	157	-16	16	10309	157	-16	16	10309	157	-16	16	10309	157	-16	16	10309	157	-16	16	10309	157	-16	16	10309	157	-16	16	10309	157	-16	16	10309	157	-16	16	10309	157	-16	16	10309	157	-16	16	10309	157	-16	16	10309	157	-16	16	10309	157	-16	16	10309	157	-16	16	10309	157	-16	16	10309	157	-16	16	10309
158	-32	32	10341	158	-32	32	10341	158	-32	32	10341	158	-32	32	10341	158	-32	32	10341	158	-32	32	10341	158	-32	32	10341	158	-32	32	10341	158	-32	32	10341	158	-32	32	10341	158	-32	32	10341	158	-32	32	10341	158	-32	32	10341	158	-32	32	10341	158	-32	32	10341	158	-32	32	10341	158	-32	32	10341	158	-32	32	10341	158	-32	32	10341	158	-32	32	10341	158	-32	32	10341	158	-32	32	10341
159	-153	54	10395	159	-153	54	10395	159	-153	54	10395	159	-153	54	10395	159	-153	54	10395	159	-153	54	10395	159	-153	54	10395	159	-153	54	10395	159	-153	54	10395	159	-153	54	10395	159	-153	54	10395	159	-153	54	10395	159	-153	54	10395	159	-153	54	10395	159	-153	54	10395	159	-153	54	10395	159	-153	54	10395	159	-153	54	10395	159	-153	54	10395	159	-153	54	10395	159	-153	54	10395	159	-153	54	10395
160	-122	23	10418	160	-122	23	10418	160	-122	23	10418	160	-122	23	10418	160	-122	23	10418	160	-122	23	10418	160	-122	23	10418	160	-122	23	10418	160	-122	23	10418	160	-122	23	10418	160	-122	23	10418	160	-122	23	10418	160	-122	23	10418	160	-122	23	10418	160	-122	23	10418	160	-122	23	10418	160	-122	23	10418	160	-122	23	10418	160	-122	23	10418	160	-122	23	10418	160	-122	23	10418	160	-122	23	10418
161	-21	21	10439	161	-21	21	10439	161	-21	21	10439	161	-21	21	10439	161	-21	21	10439	161	-21	21	10439	161	-21	21	10439	161	-21	21	10439	161	-21	21	10439	161	-21	21	10439	161	-21	21	10439	161	-21	21	10439	161	-21	21	10439	161	-21	21	10439	161	-21	21	10439	161	-21	21	10439	161	-21	21	10439	161	-21	21	10439	161	-21	21	10439	161	-21	21	10439	161	-21	21	10439	161	-21	21	10439
162	-28	28	10467	162	-28	28	10467	162	-28	28	10467	162	-28	28	10467	162	-28	28	10467	162	-28	28	10467	162	-28	28	10467	162	-28	28	10467	162	-28	28	10467	162	-28	28	10467	162	-28	28	10467	162	-28	28	10467	162	-28	28	10467	162	-28	28	10467	162	-28	28	10467	162	-28	28	10467	162	-28	28	10467	162	-28	28	10467	162	-28	28	10467	162	-28	28	10467	162	-28	28	10467	162	-28	28	10467
163	-26	26	10493	163	-26	26	10493	163	-26	26	10493	163	-26	26	10493	163	-26	26	10493	163	-26	26	10493	163	-26	26	10493	163	-26	26	10493	163	-26	26	10493	163	-26	26	10493	163	-26	26	10493	163	-26	26	10493	163	-26	26	10493	163	-26	26	10493	163	-26	26	10493	163	-26	26	10493	163	-26	26	10493	163	-26	26	10493	163	-26	26	10493	163	-26	26	10493	163	-26	26	10493	163	-26	26	10493
164	-135	36	10529	164	-135	36	10529	164	-135	36	10529	164	-135	36	10529	164	-135	36	10529	164	-135	36	10529	164	-135	36	10529	164	-135	36	10529	164	-135	36	10529	164	-135	36	10529	164	-135	36	10529	164	-135	36	10529	164	-135	36	10529	164	-135	36	10529	164	-135	36	10529	164	-135	36	10529	164	-135	36	10529	164	-135	36	10529	164	-135	36	10529	164	-135	36	10529	164	-135	36	10529	164	-135	36	10529
165	-147	48	10577	165	-147	48	10577	165	-147	48	10577	165	-147	48	10577	165	-147	48	10577	165	-147	48	10577	165	-147	48	10577	165	-147	48	10577	165	-147	48	10577	165	-147	48	10577	165	-147	48	10577	165	-147	48	10577	165	-147	48	10577	165	-147	48	10577	165	-147	48	10577	165	-147	48	10577	165	-147	48	10577	165	-147	48	10577	165	-147	48	10577	165	-147	48	10577	165	-147	48	10577	165	-147	48	10577
166	-17	17	10594	166	-17	17	10594	166	-17	17	10594	166	-17	17	10594	166	-17	17	10594	166	-17	17	10594	166	-17	17	10594	166	-17	17	10594	166	-17	17	10594	166	-17	17	10594	166	-17	17	10594	166	-17	17	10594	166	-17	17	10594	166	-17	17	10594	166	-17	17	10594	166	-17	17	10594	166	-17	17	10594	166	-17	17	10594	166	-17	17	10594	166	-17	17	10594	166	-17	17	10594	166	-17	17	10594
167	-18	18	10612	167	-18	18	10612	167	-18	18	10612	167	-18	18	10612	167	-18	18	10612	167	-18	18	10612	167	-18	18	10612	167	-18	18	10612	167	-18	18	10612	167	-18	18	10612	167	-18	18	10612	167	-18	18	10612	167	-18	18	10612	167	-18	18	10612	167	-18	18	10612	167	-18	18	10612	167	-18	18	10612	167	-18	18	10612	167	-18	18	10612	167	-18	18	10612	167	-18	18	10612	167	-18	18	10612
168	-16	16	10628	168	-16	16	10628	168	-16	16	10628	168	-16	16	10628	168	-16	16	10628	168	-16	16	10628	168	-16	16	10628	168	-16	16	10628	168	-16	16	10628	168	-16	16	10628	168	-16	16	10628	168	-16	16	10628	168	-16	16	10628	168	-16	16	10628	168	-16	16	10628	168	-16	16	10628	168	-16	16	10628	168	-16	16	10628	168	-16	16	10628	168	-16	16	10628	168	-16	16	10628	168	-16	16	10628
169	-32	32	10660	169	-32	32	10660	169	-32	32	10660	169	-32	32	10660	169	-32	32	10660	169	-32	32	10660	169	-32	32	10660	169	-32	32	10660	169	-32	32	10660	169	-32	32	10660	169	-32	32	10660	169	-32	32	10660	169	-32	32	10660	169	-32	32	10660	169	-32	32	10660	169	-32	32	10660	169	-32	32	10660	169	-32	32	10660	169	-32	32	10660	169	-32	32	10660	169	-32	32	10660	169	-32	32	10660
170	-15	15	10675	170	-15	15	10675	170	-15	15	10675	170	-15	15	10675	170	-15	15	10675	170	-15	15	10675	170	-15	15	10675	170	-15	15	10675	170	-15	15	10675	170	-15	15	10675	170	-15	15	10675	170	-15	15	10675	170	-15	15	10675	170	-15	15	10675	170	-15	15	10675	170	-15	15	10675	170	-15	15	10675	170	-15	15	10675	170	-15	15	10675	170	-15	15	10675	170	-15	15	10675	170	-15	15	10675
171	-21	21	10696	171	-21	21	10696	171	-21	21	10696	171	-21	21	10696	171	-21	21	10696	171	-21	21	10696	171	-21	21	10696	171	-21	21	10696	171	-21	21	10696	171	-21	21	10696	171	-21	21	10696	171	-21	21	10696	171	-21	21	10696	171	-21	21	10696	171	-21	21	10696	171	-21	21	10696	171	-21	21	10696	171	-21	21	10696	171	-21	21	10696	171	-21	21	10696	171	-21	21	10696	171	-21	21	10696
172	-19	19	10715	172	-19	19	10715	172	-19	19	10715	172	-19	19	10715	172	-19	19	10715	172	-19	19	10715	172	-19	19	10715	172	-19	19	10715	172	-19	19	10715	172	-19	19	10715	172	-19	19	10715	172	-19	19	10715	172	-19	19	10715	172	-19	19	10715	172	-19	19	10715	172	-19	19	10715	172	-19	19	10715	172	-19	19	10715	172	-19	19	10715	172	-19	19	10715	172	-19	19	10715	172	-19	19	10715
173	-27	27	10742	173	-27	27	10742	173	-27	27	10742	173	-27	27	10742	173	-27	27	10742	173	-27	27	10742	173	-27	27	10742	173	-27	27	10742	173	-27	27	10742	173	-27	27	10742	173	-27	27	10742	173	-27	27	10742	173	-27	27	10742	173	-27	27	10742	173	-27	27	10742	173	-27	27	10742	173	-27	27	10742	173	-27	27	10742	173	-27	27	10742	173	-27	27	10742	173	-27	27	10742	173	-27	27	10742
174	-13	13	10755	174	-13	13	10755	174	-13	13	10755	174	-13	13	10755	174	-13	13	10755	174	-13	13	10755	174	-13	13	10755	174	-13	13	10755	174	-13	13	10755	174	-13	13	10755	174	-13	13	10755	174	-13	13	10755	174	-13	13	10755	174	-13	13	10755	174	-13	13	10755	174	-13	13	10755	174	-13	13	10755	174	-13	13	10755	174	-13	13	10755	174	-13	13	10755	174	-13	13	10755	174	-13	13	10755
175	-31	31	10786	175	-31	31	10786	175	-31	31	10786	175	-31	31	10786	175	-31	31	10786	175	-31	31	10786	175	-31	31	10786	175	-31	31	10786	175	-31	31	10786	175	-31	31	10786	175	-31	31	10786	175	-31	31	10786	175	-31	31	10786	175	-31	31	10786	175	-31	31	10786	175	-31	31	10786	175	-31	31	10786	175	-31	31	10786	175	-31	31	10786	175	-31	31	10786	175	-31	31	10786	175	-31	31	10786
176	-18	18	10804	176	-18	18	10804	176	-18	18	10804	176	-18	18	10804	176	-18	18	10804	176	-18	18	10804	176	-18	18	10804	176	-18	18	10804	176	-18	18	10804	176	-18	18	10804	176	-18	18	10804	176	-18	18	10804	176	-18	18	10804	176	-18	18	10804	176	-18	18	10804	176	-18	18	10804	176	-18	18	10804	176	-18	18	10804	176	-18	18	10804	176	-18	18	10804	176	-18	18	10804	176	-18	18	10804
177	-17	17	10821	177	-17	17	10821	177	-17	17	10821	177	-17	17	10821	177	-17	17	10821	177	-17	17	10821	177	-17	17	10821	177	-17	17	10821	177	-17	17	10821	177	-17	17	10821	177	-17	17	10821	177	-17	17	10821	177	-17	17	10821	177	-17	17	10821	177	-17	17	10821	177	-17	17	10821	177	-17	17	10821	177	-17	17	10821	177	-17	17	10821	177	-17	17	10821	177	-17	17	10821	177	-17	17	10821
178	-19	19	10840	178	-19	19	10840	178	-19	19	10840	178	-19	19	10840	178	-19	19	10840	178	-19	19	10840	178	-19	19	10840	178	-19	19	10840	178	-19	19	10840	178	-19	19	10840	178	-19	19	10840	178	-19	19	10840	178	-19	19	10840	178	-19	19	10840	178	-19	19	10840	178	-19	19	10840	178	-19	19	10840	178	-19	19	10840	178	-19	19	10840	178	-19	19	10840	178	-19	19	10840	178	-19	19	10840
179	-17	17	10857	179	-17	17	10857	179	-17	17	10857	179	-17	17	10857	179	-17	17	10857	179	-17	17	10857	179	-17	17	10857	179	-17	17	10857	179	-17	17	10857	179	-17	17	10857	179	-17	17	10857	179	-17	17	10857	179	-17	17	10857	179	-17	17	10857	179	-17	17	10857	179	-17	17	10857	179	-17	17	10857	179	-17	17	10857	179	-17	17	10857	179	-17	17	10857	179	-17	17	10857	179	-17	17	10857
180	-20	20	10877	180	-20	20	10877	180	-20	20	10877	180	-20	20	10877	180	-20	20	10877	180	-20	20	10877	180	-20	20	10877	180	-20	20	10877	180	-20	20	10877	180	-20	20	10877	180	-20	20	10877	180	-20	20	10877	180	-20	20	10877	180	-20	20	10877	180	-20	20	10877	180	-20	20	10877	180	-20	20	10877	180	-20	20	10877	180	-20	20	10877	180	-20	20	10877	180	-20	20	10877	180	-20	20	10877
181	-23	23	10900	181	-23	23	10900	181	-23	23	10900	181	-23	23	10900	181	-23	23	10900	181	-23	23	10900	181	-23	23	10900	181	-23	23	10900	181	-23	23	10900	181	-23	23	10900	181	-23	23	10900	181	-23	23	10900	181	-23	23	10900	181	-23	23	10900	181	-23	23	10900	181	-23	23	10900	181	-23	23	10900	181	-23	23	10900	181	-23	23	10900	181	-23	23	10900	181	-23	23	10900	181	-23	23	10900
182	-34	34	10934	182	-34	34	10934	182	-34	34	10934	182	-34	34	10934	182	-34	34	10934	182	-34	34	10934	182	-34	34	10934	182	-34	34	10934	182	-34	34	10934	182	-34	34	10934	182	-34	34	10934	182	-34	34	10934	182	-34	34	10934	182	-34	34	10934	182	-34	34	10934	182	-34	34	10934	182	-34	34	10934	182	-34	34	10934	182	-34	34	10934	182	-34	34	10934	182	-34	34	10934	182	-34	34	10934
183	-38	38	10972	183	-38	38	10972	183	-38	38	10972	183	-38	38	10972	183	-38	38	10972	183	-38	38	10972	183	-38	38	10972	183	-38	38	10972	183	-38	38	10972	183	-38	38	10972	183	-38	38	10972	183	-38	38	10972	183	-38	38	10972	183	-38	38	10972	183	-38	38	10972	183	-38	38	10972	183	-38	38	10972	183	-38	38	10972	183	-38	38	10972	183	-38	38	10972	183	-38	38	10972	183	-38	38	10972
184	-20	20	10992	184	-20	20	10992	184	-20	20	10992	184	-20	20	10992	184	-20	20	10992	184	-20	20	10992	184	-20	20	10992	184	-20	20	10992	184	-20	20	10992	184	-20	20	10992	184	-20	20	10992	184	-20	20	10992	184	-20	20	10992	184	-20	20	10992	184	-20	20	10992	184	-20	20	10992	184	-20	20	10992	184	-20	20	10992	184	-20	20	10992	184	-20	20	10992	184	-20	20	10992	184	-20	20	10992
185	-24	24	11016	185	-24	24	11016	185	-24	24	11016	185	-24	24	11016	185	-24	24	11016	185	-24	24	11016	185	-24	24	11016	185	-24	24	11016	185	-24	24	11016	185	-24	24	11016	185	-24	24	11016	185	-24	24	11016	185	-24	24	11016	185	-24	24	11016	185	-24	24	11016	185	-24	24	11016	185	-24	24	11016	185	-24	24	11016	185	-24	24	11016	185	-24	24	11016	185	-24	24	11016	185	-24	24	11016
186	-24	24	11040	186	-24	24	11040	186	-24	24	11040	186	-24	24	11040	186	-24	24	11040	186	-24	24	11040	186	-24	24	11040	186	-24	24	11040	186	-24	24	11040	186	-24	24	11040	186	-24	24	11040	186	-24	24	11040	186	-24	24	11040	186	-24	24	11040	186	-24	24	11040	186	-24	24	11040	186	-24	24	11040	186	-24	24	11040	186	-24	24	11040	186	-24	24	11040	186	-24	24	11040	186	-24	24	11040
187	-20	20	11060	187	-20	20	11060	187	-20	20	11060	187	-20	20	11060	187	-20	20	11060	187	-20	20	11060	187	-20	20	11060	187	-20	20	11060	187	-20	20	11060	187	-20	20	11060	187	-20	20	11060	187	-20	20	11060	187	-20	20	11060	187	-20	20	11060	187	-20	20	11060	187	-20	20	11060	187	-20	20	11060	187	-20	20	11060	187	-20	20	11060	187	-20	20	11060	187	-20	20	11060	187	-20	20	11060
188	-14	14	11074	188	-14	14	11074	188	-14	14	11074	188	-14	14	11074	188	-14	14	11074	188	-14	14	11074	188	-14	14	11074	188	-14	14	11074	188	-14	14	11074	188	-14	14	11074	188	-14	14	11074	188	-14	14	11074	188	-14	14	11074	188	-14	14	11074	188	-14	14	11074	188	-14	14	11074	188	-14	14	11074	188	-14	14	11074	188	-14	14	11074	188	-14	14	11074	188	-14	14	11074	188	-14	14	11074
189	-21	21	11095	189	-21	21	11095	189	-21	21	11095	189	-21	21	11095	189	-21	21	11095	189	-21	21	11095	189	-21	21	11095	189	-21	21	11095	189	-21	21	11095	189	-21	21	11095	189	-21	21	11095	189	-21	21	11095	189	-21	21	11095	189	-21	21	11095	189	-21	21	11095	189	-21	21	11095	189	-21	21	11095	189	-21	21	11095	189	-21	21	11095	189	-21	21	11095	189	-21	21	11095	189	-21	21	11095
190	-20	20	11115	190	-20	20	11115	190	-20	20	11115	190	-20	20	11115	190	-20	20	11115	190	-20	20	11115	190	-20	20	11115	190	-20	20	11115	190	-20	20	11115	190	-20	20	11115	190	-20	20	11115	190	-20	20	11115	190	-20	20	11115	190	-20	20	11115	190	-20	20	11115	190	-20	20	11115	190	-20	20	11115	190	-20	20	11115	190	-20	20	11115	190	-20	20	11115	190	-20	20	11115	190	-20	20	11115
191	-15	15	11130	191	-15	15	11130	191	-15	15	11130	191	-15	15	11130	191	-15	15	11130	191	-15	15	11130	191	-15	15	11130	191	-15	15	11130	191	-15	15	11130	191	-15	15	11130	191	-15	15	11130	191	-15	15	11130	191	-15	15	11130	191	-15	15	11130	191	-15	15	11130	191	-15	15	11130	191	-15	15	11130	191	-15	15	11130	191	-15	15	11130	191	-15	15	11130	191	-15	15	11130	191	-15	15	11130
192	-30	30	11160	192	-30	30	11160	192	-30	30	11160	192	-30	30	11160	192	-30	30	11160	192	-30	30	11160	192	-30	30	11160	192	-30	30	11160	192	-30	30	11160	192	-30	30	11160	192	-30	30	11160	192	-30	30	11160	192	-30	30	11160	192	-30	30	11160	192	-30	30	11160	192	-30	30	11160	192	-30	30	11160	192	-30	30	11160	192	-30	30	11160	192	-30	30	11160	192	-30	30	11160	192	-30	30	11160
193	-15	15	11175	193	-15	15	11175	193	-15	15	11175	193	-15	15	11175	193	-15	15	11175	193	-15	15	11175	193	-15	15	11175	193	-15	15	11175	193	-15	15	11175	193	-15	15	11175	193	-15	15	11175	193	-15	15	11175	193	-15	15	11175	193	-15	15	11175	193	-15	15	11175	193	-15	15	11175	193	-15	15	11175	193	-15	15	11175	193	-15	15	11175	193	-15	15	11175	193	-15	15	11175	193	-15	15	11175
194	-24	24	11199	194	-24	24	11199	194	-24	24	11199	194	-24	24	11199	194	-24	24	11199	194	-24	24	11199	194	-24	24	11199	194	-24	24	11199	194	-24	24	11199	194	-24	24	11199	194	-24	24	11199	194	-24	24	11199	194	-24	24	11199	194	-24	24	11199	194	-24	24	11199	194	-24	24	11199	194	-24	24	11199	194	-24	24	11199	194	-24	24	11199	194	-24	24	11199	194	-24	24	11199	194	-24	24	11199
195	-128	29	11228	195	-128	29	11228	195	-128	29	11228	195	-128	29	11228	195	-128	29	11228	195	-128	29	11228	195	-128	29	11228	195	-128	29	11228	195	-128	29	11228	195	-128	29	11228	195	-128	29	11228	195	-128	29	11228	195	-128	29	11228	195	-128	29	11228	195	-128	29	11228	195	-128	29	11228	195	-128	29	11228	195	-128	29	11228	195	-128	29	11228	195	-128	29	11228	195	-128	29	11228	195	-128	29	11228
196	-22	22	11250	196	-22	22	11250	196	-22	22	11250	196	-22	22	11250	196	-22	22	11250	196	-22	22	11250	196	-22	22	11250	196	-22	22	11250	196	-22	22	11250	196	-22	22	11250	196	-22	22	11250	196	-22	22	11250	196	-22	22	11250	196	-22	22	11250	196	-22	22	11250	196	-22	22	11250	196	-22	22	11250	196	-22	22	11250	196	-22	22	11250	196	-22	22	11250	196	-22	22	11250	196	-22	22	11250
197	-32	32	11282	197	-32	32	11282	197	-32	32	11282	197	-32	32	11282	197	-32	32	11282	197	-32	32	11282	197	-32	32	11282	197	-32	32	11282	197	-32	32	11282	197	-32	32	11282	197	-32	32	11282	197	-32	32	11282	197	-32	32	11282	197	-32	32	11282	197	-32	32	11282	197	-32	32	11282	197	-32	32	11282	197	-32	32	11282	197	-32	32	11282	197	-32	32	11282	197	-32	32	11282	197	-32	32	11282
198	-15	15	11297	198	-15	15	11297	198	-15	15	11297	198	-15	15	11297	198	-15	15	11297	198	-15	15	11297	198	-15	15	11297	198	-15	15	11297	198	-15	15	11297	198	-15	15	11297	198	-15	15	11297	198	-15	15	11297	198	-15	15	11297	198	-15	15	11297	198	-15	15	11297	198	-15	15	11297	198	-15	15	11297	198	-15	15	11297	198	-15	15	11297	198	-15	15	11297	198	-15	15	11297	198	-15	15	11297
199	-19	19	11316	199	-19	19	11316	199	-19	19	11316	199	-19	19	11316	199	-19	19	11316	199	-19	19	11316	199	-19	19	11316	199	-19	19	11316	199	-19	19	11316	199	-19	19	11316	199	-19	19	11316	199	-19	19	11316	199	-19	19	11316	199	-19	19	11316	199	-19	19	11316	199	-19	19	11316	199	-19	19	11316	199	-19	19	11316	199	-19	19	11316	199	-19	19	11316	199	-19	19	11316	199	-19	19	11316
