Episode	Accumulated Reward	Length	Steps
0	-4110	1635	1635
1	-336	138	1773
2	-72	72	1845
3	-41	41	1886
4	-40	40	1926
5	-139	40	1966
6	-91	91	2057
7	-25	25	2082
8	-29	29	2111
9	-37	37	2148
10	-39	39	2187
11	-57	57	2244
12	-39	39	2283
13	-20	20	2303
14	-18	18	2321
15	-21	21	2342
16	-23	23	2365
17	-77	77	2442
18	-272	173	2615
19	-48	48	2663
20	-19	19	2682
21	-23	23	2705
22	-17	17	2722
23	-20	20	2742
24	-19	19	2761
25	-19	19	2780
26	-21	21	2801
27	-20	20	2821
28	-19	19	2840
29	-17	17	2857
30	-18	18	2875
31	-17	17	2892
32	-17	17	2909
33	-18	18	2927
34	-18	18	2945
35	-18	18	2963
36	-22	22	2985
37	-17	17	3002
38	-120	21	3023
39	-19	19	3042
40	-19	19	3061
41	-19	19	3080
42	-21	21	3101
43	-120	21	3122
44	-18	18	3140
45	-20	20	3160
46	-18	18	3178
47	-17	17	3195
48	-19	19	3214
49	-18	18	3232
50	-23	23	3255
51	-120	21	3276
52	-18	18	3294
53	-17	17	3311
54	-20	20	3331
55	-17	17	3348
56	-21	21	3369
57	-17	17	3386
58	-18	18	3404
59	-22	22	3426
60	-17	17	3443
61	-18	18	3461
62	-21	21	3482
63	-19	19	3501
64	-19	19	3520
65	-20	20	3540
66	-18	18	3558
67	-17	17	3575
68	-17	17	3592
69	-17	17	3609
70	-19	19	3628
71	-18	18	3646
72	-17	17	3663
73	-21	21	3684
74	-20	20	3704
75	-18	18	3722
76	-24	24	3746
77	-21	21	3767
78	-17	17	3784
79	-17	17	3801
80	-18	18	3819
81	-17	17	3836
82	-18	18	3854
83	-21	21	3875
84	-21	21	3896
85	-21	21	3917
86	-19	19	3936
87	-18	18	3954
88	-17	17	3971
89	-19	19	3990
90	-19	19	4009
91	-19	19	4028
92	-24	24	4052
93	-119	20	4072
94	-19	19	4091
95	-118	19	4110
96	-17	17	4127
97	-17	17	4144
98	-20	20	4164
99	-23	23	4187
100	-18	18	4205
101	-25	25	4230
102	-17	17	4247
103	-17	17	4264
104	-21	21	4285
105	-21	21	4306
106	-19	19	4325
107	-17	17	4342
108	-20	20	4362
109	-18	18	4380
110	-30	30	4410
111	-20	20	4430
112	-19	19	4449
113	-17	17	4466
114	-20	20	4486
115	-17	17	4503
116	-22	22	4525
117	-17	17	4542
118	-19	19	4561
119	-23	23	4584
120	-17	17	4601
121	-19	19	4620
122	-18	18	4638
123	-117	18	4656
124	-17	17	4673
125	-18	18	4691
126	-21	21	4712
127	-17	17	4729
128	-24	24	4753
129	-17	17	4770
130	-18	18	4788
131	-17	17	4805
132	-18	18	4823
133	-19	19	4842
134	-24	24	4866
135	-17	17	4883
136	-19	19	4902
137	-17	17	4919
138	-18	18	4937
139	-18	18	4955
140	-21	21	4976
141	-17	17	4993
142	-19	19	5012
143	-19	19	5031
144	-17	17	5048
145	-18	18	5066
146	-19	19	5085
147	-18	18	5103
148	-20	20	5123
149	-17	17	5140
150	-17	17	5157
151	-17	17	5174
152	-19	19	5193
153	-17	17	5210
154	-27	27	5237
155	-18	18	5255
156	-19	19	5274
157	-17	17	5291
158	-20	20	5311
159	-17	17	5328
160	-17	17	5345
161	-19	19	5364
162	-120	21	5385
163	-19	19	5404
164	-18	18	5422
165	-19	19	5441
166	-19	19	5460
167	-21	21	5481
168	-21	21	5502
169	-20	20	5522
170	-23	23	5545
171	-23	23	5568
172	-20	20	5588
173	-18	18	5606
174	-17	17	5623
175	-18	18	5641
176	-18	18	5659
177	-17	17	5676
178	-17	17	5693
179	-21	21	5714
180	-17	17	5731
181	-18	18	5749
182	-22	22	5771
183	-21	21	5792
184	-17	17	5809
185	-19	19	5828
186	-17	17	5845
187	-17	17	5862
188	-19	19	5881
189	-17	17	5898
190	-19	19	5917
191	-21	21	5938
192	-19	19	5957
193	-20	20	5977
194	-19	19	5996
195	-21	21	6017
196	-18	18	6035
197	-17	17	6052
198	-23	23	6075
199	-19	19	6094
200	-21	21	6115
201	-18	18	6133
202	-17	17	6150
203	-18	18	6168
204	-17	17	6185
205	-22	22	6207
206	-17	17	6224
207	-21	21	6245
208	-21	21	6266
209	-18	18	6284
210	-19	19	6303
211	-20	20	6323
212	-20	20	6343
213	-21	21	6364
214	-119	20	6384
215	-19	19	6403
216	-17	17	6420
217	-18	18	6438
218	-17	17	6455
219	-19	19	6474
220	-19	19	6493
221	-21	21	6514
222	-19	19	6533
223	-20	20	6553
224	-18	18	6571
225	-17	17	6588
226	-19	19	6607
227	-27	27	6634
228	-26	26	6660
229	-17	17	6677
230	-19	19	6696
231	-17	17	6713
232	-17	17	6730
233	-17	17	6747
234	-18	18	6765
235	-21	21	6786
236	-21	21	6807
237	-17	17	6824
238	-21	21	6845
239	-18	18	6863
240	-19	19	6882
241	-17	17	6899
242	-17	17	6916
243	-23	23	6939
244	-17	17	6956
245	-19	19	6975
246	-17	17	6992
247	-20	20	7012
248	-17	17	7029
249	-17	17	7046
250	-18	18	7064
251	-22	22	7086
252	-17	17	7103
253	-17	17	7120
254	-17	17	7137
255	-19	19	7156
256	-18	18	7174
257	-17	17	7191
258	-17	17	7208
259	-21	21	7229
260	-21	21	7250
261	-27	27	7277
262	-19	19	7296
263	-22	22	7318
264	-19	19	7337
265	-17	17	7354
266	-17	17	7371
267	-19	19	7390
268	-18	18	7408
269	-26	26	7434
270	-23	23	7457
271	-18	18	7475
272	-20	20	7495
273	-19	19	7514
274	-20	20	7534
275	-17	17	7551
276	-21	21	7572
277	-21	21	7593
278	-19	19	7612
279	-18	18	7630
280	-17	17	7647
281	-18	18	7665
282	-19	19	7684
283	-17	17	7701
284	-22	22	7723
285	-20	20	7743
286	-17	17	7760
287	-124	25	7785
288	-21	21	7806
289	-19	19	7825
290	-17	17	7842
291	-21	21	7863
292	-18	18	7881
293	-20	20	7901
294	-18	18	7919
295	-22	22	7941
296	-19	19	7960
297	-119	20	7980
298	-19	19	7999
299	-19	19	8018
300	-25	25	8043
301	-19	19	8062
302	-17	17	8079
303	-18	18	8097
304	-17	17	8114
305	-18	18	8132
306	-20	20	8152
307	-17	17	8169
308	-21	21	8190
309	-23	23	8213
310	-17	17	8230
311	-23	23	8253
312	-20	20	8273
313	-17	17	8290
314	-23	23	8313
315	-19	19	8332
316	-21	21	8353
317	-23	23	8376
318	-22	22	8398
319	-17	17	8415
320	-17	17	8432
321	-21	21	8453
322	-20	20	8473
323	-17	17	8490
324	-17	17	8507
325	-17	17	8524
326	-18	18	8542
327	-17	17	8559
328	-21	21	8580
329	-17	17	8597
330	-17	17	8614
331	-17	17	8631
332	-18	18	8649
333	-21	21	8670
334	-20	20	8690
335	-19	19	8709
336	-17	17	8726
337	-17	17	8743
338	-18	18	8761
339	-17	17	8778
340	-23	23	8801
341	-17	17	8818
342	-23	23	8841
343	-18	18	8859
344	-17	17	8876
345	-20	20	8896
346	-17	17	8913
347	-18	18	8931
348	-19	19	8950
349	-119	20	8970
350	-22	22	8992
351	-26	26	9018
352	-20	20	9038
353	-17	17	9055
354	-19	19	9074
355	-19	19	9093
356	-19	19	9112
357	-20	20	9132
358	-17	17	9149
359	-20	20	9169
360	-17	17	9186
361	-29	29	9215
362	-19	19	9234
363	-19	19	9253
364	-21	21	9274
365	-19	19	9293
366	-27	27	9320
367	-17	17	9337
368	-21	21	9358
369	-17	17	9375
370	-17	17	9392
371	-19	19	9411
372	-21	21	9432
373	-19	19	9451
374	-21	21	9472
375	-17	17	9489
376	-17	17	9506
377	-22	22	9528
378	-25	25	9553
379	-21	21	9574
380	-24	24	9598
381	-18	18	9616
382	-17	17	9633
383	-22	22	9655
384	-18	18	9673
385	-18	18	9691
386	-18	18	9709
387	-18	18	9727
388	-18	18	9745
389	-20	20	9765
390	-17	17	9782
391	-19	19	9801
392	-17	17	9818
393	-18	18	9836
394	-17	17	9853
395	-20	20	9873
396	-19	19	9892
397	-17	17	9909
398	-19	19	9928
399	-19	19	9947
400	-20	20	9967
401	-23	23	9990
402	-17	17	10007
403	-18	18	10025
404	-17	17	10042
405	-19	19	10061
406	-18	18	10079
407	-24	24	10103
408	-20	20	10123
409	-18	18	10141
410	-19	19	10160
411	-17	17	10177
412	-21	21	10198
413	-19	19	10217
414	-23	23	10240
415	-23	23	10263
416	-19	19	10282
417	-17	17	10299
418	-17	17	10316
419	-18	18	10334
420	-18	18	10352
421	-17	17	10369
422	-18	18	10387
423	-18	18	10405
424	-23	23	10428
425	-20	20	10448
426	-117	18	10466
427	-18	18	10484
428	-219	21	10505
429	-18	18	10523
430	-18	18	10541
431	-18	18	10559
432	-19	19	10578
433	-21	21	10599
434	-18	18	10617
435	-20	20	10637
436	-24	24	10661
437	-18	18	10679
438	-19	19	10698
439	-20	20	10718
440	-17	17	10735
441	-21	21	10756
442	-17	17	10773
443	-17	17	10790
444	-17	17	10807
445	-21	21	10828
446	-117	18	10846
447	-17	17	10863
448	-18	18	10881
449	-17	17	10898
450	-19	19	10917
451	-17	17	10934
452	-17	17	10951
453	-17	17	10968
454	-21	21	10989
455	-20	20	11009
456	-19	19	11028
457	-17	17	11045
458	-17	17	11062
459	-17	17	11079
460	-17	17	11096
461	-19	19	11115
462	-17	17	11132
463	-17	17	11149
464	-19	19	11168
465	-117	18	11186
466	-18	18	11204
467	-18	18	11222
468	-19	19	11241
469	-25	25	11266
470	-17	17	11283
471	-17	17	11300
472	-20	20	11320
473	-19	19	11339
474	-18	18	11357
475	-21	21	11378
476	-120	21	11399
477	-17	17	11416
478	-117	18	11434
479	-19	19	11453
480	-17	17	11470
481	-17	17	11487
482	-19	19	11506
483	-18	18	11524
484	-19	19	11543
485	-18	18	11561
486	-17	17	11578
487	-18	18	11596
488	-21	21	11617
489	-21	21	11638
490	-19	19	11657
491	-20	20	11677
492	-19	19	11696
493	-19	19	11715
494	-19	19	11734
495	-18	18	11752
496	-18	18	11770
497	-21	21	11791
498	-21	21	11812
499	-19	19	11831
