Episode	Accumulated Reward	Length	Steps	Episode	Accumulated Reward	Length	Steps	Episode	Accumulated Reward	Length	Steps	Episode	Accumulated Reward	Length	Steps	Episode	Accumulated Reward	Length	Steps	Episode	Accumulated Reward	Length	Steps	Episode	Accumulated Reward	Length	Steps	Episode	Accumulated Reward	Length	Steps
0	-200.0	200	200	0	-200.0	200	200	0	-200.0	200	200	0	-200.0	200	200	0	-200.0	200	200	0	-200.0	200	200	0	-200.0	200	200	0	-200.0	200	200
1	-200.0	200	400	1	-200.0	200	400	1	-200.0	200	400	1	-200.0	200	400	1	-200.0	200	400	1	-200.0	200	400	1	-200.0	200	400	1	-200.0	200	400
2	-200.0	200	600	2	-200.0	200	600	2	-200.0	200	600	2	-200.0	200	600	2	-200.0	200	600	2	-200.0	200	600	2	-200.0	200	600	2	-200.0	200	600
3	-200.0	200	800	3	-200.0	200	800	3	-200.0	200	800	3	-200.0	200	800	3	-200.0	200	800	3	-200.0	200	800	3	-200.0	200	800	3	-200.0	200	800
4	-200.0	200	1000	4	-200.0	200	1000	4	-200.0	200	1000	4	-200.0	200	1000	4	-200.0	200	1000	4	-200.0	200	1000	4	-200.0	200	1000	4	-200.0	200	1000
5	-200.0	200	1200	5	-200.0	200	1200	5	-200.0	200	1200	5	-200.0	200	1200	5	-200.0	200	1200	5	-200.0	200	1200	5	-200.0	200	1200	5	-200.0	200	1200
6	-200.0	200	1400	6	-200.0	200	1400	6	-200.0	200	1400	6	-200.0	200	1400	6	-200.0	200	1400	6	-200.0	200	1400	6	-200.0	200	1400	6	-200.0	200	1400
7	-200.0	200	1600	7	-200.0	200	1600	7	-200.0	200	1600	7	-200.0	200	1600	7	-200.0	200	1600	7	-200.0	200	1600	7	-200.0	200	1600	7	-200.0	200	1600
8	-200.0	200	1800	8	-200.0	200	1800	8	-200.0	200	1800	8	-200.0	200	1800	8	-200.0	200	1800	8	-200.0	200	1800	8	-200.0	200	1800	8	-200.0	200	1800
9	-200.0	200	2000	9	-200.0	200	2000	9	-200.0	200	2000	9	-200.0	200	2000	9	-200.0	200	2000	9	-200.0	200	2000	9	-200.0	200	2000	9	-200.0	200	2000
10	-200.0	200	2200	10	-200.0	200	2200	10	-200.0	200	2200	10	-200.0	200	2200	10	-200.0	200	2200	10	-200.0	200	2200	10	-200.0	200	2200	10	-200.0	200	2200
11	-200.0	200	2400	11	-200.0	200	2400	11	-200.0	200	2400	11	-200.0	200	2400	11	-200.0	200	2400	11	-200.0	200	2400	11	-200.0	200	2400	11	-200.0	200	2400
12	-200.0	200	2600	12	-200.0	200	2600	12	-200.0	200	2600	12	-200.0	200	2600	12	-200.0	200	2600	12	-200.0	200	2600	12	-200.0	200	2600	12	-200.0	200	2600
13	-200.0	200	2800	13	-200.0	200	2800	13	-200.0	200	2800	13	-200.0	200	2800	13	-200.0	200	2800	13	-200.0	200	2800	13	-200.0	200	2800	13	-200.0	200	2800
14	-200.0	200	3000	14	-200.0	200	3000	14	-200.0	200	3000	14	-200.0	200	3000	14	-200.0	200	3000	14	-200.0	200	3000	14	-200.0	200	3000	14	-200.0	200	3000
15	-200.0	200	3200	15	-200.0	200	3200	15	-200.0	200	3200	15	-200.0	200	3200	15	-200.0	200	3200	15	-200.0	200	3200	15	-200.0	200	3200	15	-200.0	200	3200
16	-200.0	200	3400	16	-200.0	200	3400	16	-200.0	200	3400	16	-200.0	200	3400	16	-200.0	200	3400	16	-200.0	200	3400	16	-200.0	200	3400	16	-200.0	200	3400
17	-186.0	186	3586	17	-186.0	186	3586	17	-186.0	186	3586	17	-186.0	186	3586	17	-186.0	186	3586	17	-186.0	186	3586	17	-186.0	186	3586	17	-186.0	186	3586
18	-200.0	200	3786	18	-200.0	200	3786	18	-200.0	200	3786	18	-200.0	200	3786	18	-200.0	200	3786	18	-200.0	200	3786	18	-200.0	200	3786	18	-200.0	200	3786
19	-200.0	200	3986	19	-200.0	200	3986	19	-200.0	200	3986	19	-200.0	200	3986	19	-200.0	200	3986	19	-200.0	200	3986	19	-200.0	200	3986	19	-200.0	200	3986
20	-200.0	200	4186	20	-200.0	200	4186	20	-200.0	200	4186	20	-200.0	200	4186	20	-200.0	200	4186	20	-200.0	200	4186	20	-200.0	200	4186	20	-200.0	200	4186
21	-200.0	200	4386	21	-200.0	200	4386	21	-200.0	200	4386	21	-200.0	200	4386	21	-200.0	200	4386	21	-200.0	200	4386	21	-200.0	200	4386	21	-200.0	200	4386
22	-160.0	160	4546	22	-160.0	160	4546	22	-160.0	160	4546	22	-160.0	160	4546	22	-160.0	160	4546	22	-160.0	160	4546	22	-160.0	160	4546	22	-160.0	160	4546
23	-200.0	200	4746	23	-200.0	200	4746	23	-200.0	200	4746	23	-200.0	200	4746	23	-200.0	200	4746	23	-200.0	200	4746	23	-200.0	200	4746	23	-200.0	200	4746
24	-200.0	200	4946	24	-200.0	200	4946	24	-200.0	200	4946	24	-200.0	200	4946	24	-200.0	200	4946	24	-200.0	200	4946	24	-200.0	200	4946	24	-200.0	200	4946
25	-200.0	200	5146	25	-200.0	200	5146	25	-200.0	200	5146	25	-200.0	200	5146	25	-200.0	200	5146	25	-200.0	200	5146	25	-200.0	200	5146	25	-200.0	200	5146
26	-152.0	152	5298	26	-152.0	152	5298	26	-152.0	152	5298	26	-152.0	152	5298	26	-152.0	152	5298	26	-152.0	152	5298	26	-152.0	152	5298	26	-152.0	152	5298
27	-151.0	151	5449	27	-151.0	151	5449	27	-151.0	151	5449	27	-151.0	151	5449	27	-151.0	151	5449	27	-151.0	151	5449	27	-151.0	151	5449	27	-151.0	151	5449
28	-180.0	180	5629	28	-180.0	180	5629	28	-180.0	180	5629	28	-180.0	180	5629	28	-180.0	180	5629	28	-180.0	180	5629	28	-180.0	180	5629	28	-180.0	180	5629
29	-150.0	150	5779	29	-150.0	150	5779	29	-150.0	150	5779	29	-150.0	150	5779	29	-150.0	150	5779	29	-150.0	150	5779	29	-150.0	150	5779	29	-150.0	150	5779
30	-168.0	168	5947	30	-168.0	168	5947	30	-168.0	168	5947	30	-168.0	168	5947	30	-168.0	168	5947	30	-168.0	168	5947	30	-168.0	168	5947	30	-168.0	168	5947
31	-200.0	200	6147	31	-200.0	200	6147	31	-200.0	200	6147	31	-200.0	200	6147	31	-200.0	200	6147	31	-200.0	200	6147	31	-200.0	200	6147	31	-200.0	200	6147
32	-149.0	149	6296	32	-149.0	149	6296	32	-149.0	149	6296	32	-149.0	149	6296	32	-149.0	149	6296	32	-149.0	149	6296	32	-149.0	149	6296	32	-149.0	149	6296
33	-186.0	186	6482	33	-186.0	186	6482	33	-186.0	186	6482	33	-186.0	186	6482	33	-186.0	186	6482	33	-186.0	186	6482	33	-186.0	186	6482	33	-186.0	186	6482
34	-189.0	189	6671	34	-189.0	189	6671	34	-189.0	189	6671	34	-189.0	189	6671	34	-189.0	189	6671	34	-189.0	189	6671	34	-189.0	189	6671	34	-189.0	189	6671
35	-180.0	180	6851	35	-180.0	180	6851	35	-180.0	180	6851	35	-180.0	180	6851	35	-180.0	180	6851	35	-180.0	180	6851	35	-180.0	180	6851	35	-180.0	180	6851
36	-155.0	155	7006	36	-155.0	155	7006	36	-155.0	155	7006	36	-155.0	155	7006	36	-155.0	155	7006	36	-155.0	155	7006	36	-155.0	155	7006	36	-155.0	155	7006
37	-148.0	148	7154	37	-148.0	148	7154	37	-148.0	148	7154	37	-148.0	148	7154	37	-148.0	148	7154	37	-148.0	148	7154	37	-148.0	148	7154	37	-148.0	148	7154
38	-200.0	200	7354	38	-200.0	200	7354	38	-200.0	200	7354	38	-200.0	200	7354	38	-200.0	200	7354	38	-200.0	200	7354	38	-200.0	200	7354	38	-200.0	200	7354
39	-200.0	200	7554	39	-200.0	200	7554	39	-200.0	200	7554	39	-200.0	200	7554	39	-200.0	200	7554	39	-200.0	200	7554	39	-200.0	200	7554	39	-200.0	200	7554
40	-200.0	200	7754	40	-200.0	200	7754	40	-200.0	200	7754	40	-200.0	200	7754	40	-200.0	200	7754	40	-200.0	200	7754	40	-200.0	200	7754	40	-200.0	200	7754
41	-150.0	150	7904	41	-150.0	150	7904	41	-150.0	150	7904	41	-150.0	150	7904	41	-150.0	150	7904	41	-150.0	150	7904	41	-150.0	150	7904	41	-150.0	150	7904
42	-149.0	149	8053	42	-149.0	149	8053	42	-149.0	149	8053	42	-149.0	149	8053	42	-149.0	149	8053	42	-149.0	149	8053	42	-149.0	149	8053	42	-149.0	149	8053
43	-145.0	145	8198	43	-145.0	145	8198	43	-145.0	145	8198	43	-145.0	145	8198	43	-145.0	145	8198	43	-145.0	145	8198	43	-145.0	145	8198	43	-145.0	145	8198
44	-148.0	148	8346	44	-148.0	148	8346	44	-148.0	148	8346	44	-148.0	148	8346	44	-148.0	148	8346	44	-148.0	148	8346	44	-148.0	148	8346	44	-148.0	148	8346
45	-144.0	144	8490	45	-144.0	144	8490	45	-144.0	144	8490	45	-144.0	144	8490	45	-144.0	144	8490	45	-144.0	144	8490	45	-144.0	144	8490	45	-144.0	144	8490
46	-155.0	155	8645	46	-155.0	155	8645	46	-155.0	155	8645	46	-155.0	155	8645	46	-155.0	155	8645	46	-155.0	155	8645	46	-155.0	155	8645	46	-155.0	155	8645
47	-161.0	161	8806	47	-161.0	161	8806	47	-161.0	161	8806	47	-161.0	161	8806	47	-161.0	161	8806	47	-161.0	161	8806	47	-161.0	161	8806	47	-161.0	161	8806
48	-200.0	200	9006	48	-200.0	200	9006	48	-200.0	200	9006	48	-200.0	200	9006	48	-200.0	200	9006	48	-200.0	200	9006	48	-200.0	200	9006	48	-200.0	200	9006
49	-146.0	146	9152	49	-146.0	146	9152	49	-146.0	146	9152	49	-146.0	146	9152	49	-146.0	146	9152	49	-146.0	146	9152	49	-146.0	146	9152	49	-146.0	146	9152
50	-151.0	151	9303	50	-151.0	151	9303	50	-151.0	151	9303	50	-151.0	151	9303	50	-151.0	151	9303	50	-151.0	151	9303	50	-151.0	151	9303	50	-151.0	151	9303
51	-154.0	154	9457	51	-154.0	154	9457	51	-154.0	154	9457	51	-154.0	154	9457	51	-154.0	154	9457	51	-154.0	154	9457	51	-154.0	154	9457	51	-154.0	154	9457
52	-194.0	194	9651	52	-194.0	194	9651	52	-194.0	194	9651	52	-194.0	194	9651	52	-194.0	194	9651	52	-194.0	194	9651	52	-194.0	194	9651	52	-194.0	194	9651
53	-145.0	145	9796	53	-145.0	145	9796	53	-145.0	145	9796	53	-145.0	145	9796	53	-145.0	145	9796	53	-145.0	145	9796	53	-145.0	145	9796	53	-145.0	145	9796
54	-141.0	141	9937	54	-141.0	141	9937	54	-141.0	141	9937	54	-141.0	141	9937	54	-141.0	141	9937	54	-141.0	141	9937	54	-141.0	141	9937	54	-141.0	141	9937
55	-113.0	113	10050	55	-113.0	113	10050	55	-113.0	113	10050	55	-113.0	113	10050	55	-113.0	113	10050	55	-113.0	113	10050	55	-113.0	113	10050	55	-113.0	113	10050
56	-157.0	157	10207	56	-157.0	157	10207	56	-157.0	157	10207	56	-157.0	157	10207	56	-157.0	157	10207	56	-157.0	157	10207	56	-157.0	157	10207	56	-157.0	157	10207
57	-116.0	116	10323	57	-116.0	116	10323	57	-116.0	116	10323	57	-116.0	116	10323	57	-116.0	116	10323	57	-116.0	116	10323	57	-116.0	116	10323	57	-116.0	116	10323
58	-148.0	148	10471	58	-148.0	148	10471	58	-148.0	148	10471	58	-148.0	148	10471	58	-148.0	148	10471	58	-148.0	148	10471	58	-148.0	148	10471	58	-148.0	148	10471
59	-144.0	144	10615	59	-144.0	144	10615	59	-144.0	144	10615	59	-144.0	144	10615	59	-144.0	144	10615	59	-144.0	144	10615	59	-144.0	144	10615	59	-144.0	144	10615
60	-196.0	196	10811	60	-196.0	196	10811	60	-196.0	196	10811	60	-196.0	196	10811	60	-196.0	196	10811	60	-196.0	196	10811	60	-196.0	196	10811	60	-196.0	196	10811
61	-200.0	200	11011	61	-200.0	200	11011	61	-200.0	200	11011	61	-200.0	200	11011	61	-200.0	200	11011	61	-200.0	200	11011	61	-200.0	200	11011	61	-200.0	200	11011
62	-152.0	152	11163	62	-152.0	152	11163	62	-152.0	152	11163	62	-152.0	152	11163	62	-152.0	152	11163	62	-152.0	152	11163	62	-152.0	152	11163	62	-152.0	152	11163
63	-157.0	157	11320	63	-157.0	157	11320	63	-157.0	157	11320	63	-157.0	157	11320	63	-157.0	157	11320	63	-157.0	157	11320	63	-157.0	157	11320	63	-157.0	157	11320
64	-196.0	196	11516	64	-196.0	196	11516	64	-196.0	196	11516	64	-196.0	196	11516	64	-196.0	196	11516	64	-196.0	196	11516	64	-196.0	196	11516	64	-196.0	196	11516
65	-194.0	194	11710	65	-194.0	194	11710	65	-194.0	194	11710	65	-194.0	194	11710	65	-194.0	194	11710	65	-194.0	194	11710	65	-194.0	194	11710	65	-194.0	194	11710
66	-200.0	200	11910	66	-200.0	200	11910	66	-200.0	200	11910	66	-200.0	200	11910	66	-200.0	200	11910	66	-200.0	200	11910	66	-200.0	200	11910	66	-200.0	200	11910
67	-145.0	145	12055	67	-145.0	145	12055	67	-145.0	145	12055	67	-145.0	145	12055	67	-145.0	145	12055	67	-145.0	145	12055	67	-145.0	145	12055	67	-145.0	145	12055
68	-200.0	200	12255	68	-200.0	200	12255	68	-200.0	200	12255	68	-200.0	200	12255	68	-200.0	200	12255	68	-200.0	200	12255	68	-200.0	200	12255	68	-200.0	200	12255
69	-149.0	149	12404	69	-149.0	149	12404	69	-149.0	149	12404	69	-149.0	149	12404	69	-149.0	149	12404	69	-149.0	149	12404	69	-149.0	149	12404	69	-149.0	149	12404
70	-141.0	141	12545	70	-141.0	141	12545	70	-141.0	141	12545	70	-141.0	141	12545	70	-141.0	141	12545	70	-141.0	141	12545	70	-141.0	141	12545	70	-141.0	141	12545
71	-187.0	187	12732	71	-187.0	187	12732	71	-187.0	187	12732	71	-187.0	187	12732	71	-187.0	187	12732	71	-187.0	187	12732	71	-187.0	187	12732	71	-187.0	187	12732
72	-117.0	117	12849	72	-117.0	117	12849	72	-117.0	117	12849	72	-117.0	117	12849	72	-117.0	117	12849	72	-117.0	117	12849	72	-117.0	117	12849	72	-117.0	117	12849
73	-200.0	200	13049	73	-200.0	200	13049	73	-200.0	200	13049	73	-200.0	200	13049	73	-200.0	200	13049	73	-200.0	200	13049	73	-200.0	200	13049	73	-200.0	200	13049
74	-148.0	148	13197	74	-148.0	148	13197	74	-148.0	148	13197	74	-148.0	148	13197	74	-148.0	148	13197	74	-148.0	148	13197	74	-148.0	148	13197	74	-148.0	148	13197
75	-148.0	148	13345	75	-148.0	148	13345	75	-148.0	148	13345	75	-148.0	148	13345	75	-148.0	148	13345	75	-148.0	148	13345	75	-148.0	148	13345	75	-148.0	148	13345
76	-147.0	147	13492	76	-147.0	147	13492	76	-147.0	147	13492	76	-147.0	147	13492	76	-147.0	147	13492	76	-147.0	147	13492	76	-147.0	147	13492	76	-147.0	147	13492
77	-145.0	145	13637	77	-145.0	145	13637	77	-145.0	145	13637	77	-145.0	145	13637	77	-145.0	145	13637	77	-145.0	145	13637	77	-145.0	145	13637	77	-145.0	145	13637
78	-142.0	142	13779	78	-142.0	142	13779	78	-142.0	142	13779	78	-142.0	142	13779	78	-142.0	142	13779	78	-142.0	142	13779	78	-142.0	142	13779	78	-142.0	142	13779
79	-146.0	146	13925	79	-146.0	146	13925	79	-146.0	146	13925	79	-146.0	146	13925	79	-146.0	146	13925	79	-146.0	146	13925	79	-146.0	146	13925	79	-146.0	146	13925
80	-152.0	152	14077	80	-152.0	152	14077	80	-152.0	152	14077	80	-152.0	152	14077	80	-152.0	152	14077	80	-152.0	152	14077	80	-152.0	152	14077	80	-152.0	152	14077
81	-153.0	153	14230	81	-153.0	153	14230	81	-153.0	153	14230	81	-153.0	153	14230	81	-153.0	153	14230	81	-153.0	153	14230	81	-153.0	153	14230	81	-153.0	153	14230
82	-122.0	122	14352	82	-122.0	122	14352	82	-122.0	122	14352	82	-122.0	122	14352	82	-122.0	122	14352	82	-122.0	122	14352	82	-122.0	122	14352	82	-122.0	122	14352
83	-110.0	110	14462	83	-110.0	110	14462	83	-110.0	110	14462	83	-110.0	110	14462	83	-110.0	110	14462	83	-110.0	110	14462	83	-110.0	110	14462	83	-110.0	110	14462
84	-154.0	154	14616	84	-154.0	154	14616	84	-154.0	154	14616	84	-154.0	154	14616	84	-154.0	154	14616	84	-154.0	154	14616	84	-154.0	154	14616	84	-154.0	154	14616
85	-142.0	142	14758	85	-142.0	142	14758	85	-142.0	142	14758	85	-142.0	142	14758	85	-142.0	142	14758	85	-142.0	142	14758	85	-142.0	142	14758	85	-142.0	142	14758
86	-126.0	126	14884	86	-126.0	126	14884	86	-126.0	126	14884	86	-126.0	126	14884	86	-126.0	126	14884	86	-126.0	126	14884	86	-126.0	126	14884	86	-126.0	126	14884
87	-110.0	110	14994	87	-110.0	110	14994	87	-110.0	110	14994	87	-110.0	110	14994	87	-110.0	110	14994	87	-110.0	110	14994	87	-110.0	110	14994	87	-110.0	110	14994
88	-131.0	131	15125	88	-131.0	131	15125	88	-131.0	131	15125	88	-131.0	131	15125	88	-131.0	131	15125	88	-131.0	131	15125	88	-131.0	131	15125	88	-131.0	131	15125
89	-178.0	178	15303	89	-178.0	178	15303	89	-178.0	178	15303	89	-178.0	178	15303	89	-178.0	178	15303	89	-178.0	178	15303	89	-178.0	178	15303	89	-178.0	178	15303
90	-158.0	158	15461	90	-158.0	158	15461	90	-158.0	158	15461	90	-158.0	158	15461	90	-158.0	158	15461	90	-158.0	158	15461	90	-158.0	158	15461	90	-158.0	158	15461
91	-143.0	143	15604	91	-143.0	143	15604	91	-143.0	143	15604	91	-143.0	143	15604	91	-143.0	143	15604	91	-143.0	143	15604	91	-143.0	143	15604	91	-143.0	143	15604
92	-144.0	144	15748	92	-144.0	144	15748	92	-144.0	144	15748	92	-144.0	144	15748	92	-144.0	144	15748	92	-144.0	144	15748	92	-144.0	144	15748	92	-144.0	144	15748
93	-111.0	111	15859	93	-111.0	111	15859	93	-111.0	111	15859	93	-111.0	111	15859	93	-111.0	111	15859	93	-111.0	111	15859	93	-111.0	111	15859	93	-111.0	111	15859
94	-151.0	151	16010	94	-151.0	151	16010	94	-151.0	151	16010	94	-151.0	151	16010	94	-151.0	151	16010	94	-151.0	151	16010	94	-151.0	151	16010	94	-151.0	151	16010
95	-146.0	146	16156	95	-146.0	146	16156	95	-146.0	146	16156	95	-146.0	146	16156	95	-146.0	146	16156	95	-146.0	146	16156	95	-146.0	146	16156	95	-146.0	146	16156
96	-145.0	145	16301	96	-145.0	145	16301	96	-145.0	145	16301	96	-145.0	145	16301	96	-145.0	145	16301	96	-145.0	145	16301	96	-145.0	145	16301	96	-145.0	145	16301
97	-144.0	144	16445	97	-144.0	144	16445	97	-144.0	144	16445	97	-144.0	144	16445	97	-144.0	144	16445	97	-144.0	144	16445	97	-144.0	144	16445	97	-144.0	144	16445
98	-150.0	150	16595	98	-150.0	150	16595	98	-150.0	150	16595	98	-150.0	150	16595	98	-150.0	150	16595	98	-150.0	150	16595	98	-150.0	150	16595	98	-150.0	150	16595
99	-111.0	111	16706	99	-111.0	111	16706	99	-111.0	111	16706	99	-111.0	111	16706	99	-111.0	111	16706	99	-111.0	111	16706	99	-111.0	111	16706	99	-111.0	111	16706
100	-145.0	145	16851	100	-145.0	145	16851	100	-145.0	145	16851	100	-145.0	145	16851	100	-145.0	145	16851	100	-145.0	145	16851	100	-145.0	145	16851	100	-145.0	145	16851
101	-140.0	140	16991	101	-140.0	140	16991	101	-140.0	140	16991	101	-140.0	140	16991	101	-140.0	140	16991	101	-140.0	140	16991	101	-140.0	140	16991	101	-140.0	140	16991
102	-142.0	142	17133	102	-142.0	142	17133	102	-142.0	142	17133	102	-142.0	142	17133	102	-142.0	142	17133	102	-142.0	142	17133	102	-142.0	142	17133	102	-142.0	142	17133
103	-125.0	125	17258	103	-125.0	125	17258	103	-125.0	125	17258	103	-125.0	125	17258	103	-125.0	125	17258	103	-125.0	125	17258	103	-125.0	125	17258	103	-125.0	125	17258
104	-181.0	181	17439	104	-181.0	181	17439	104	-181.0	181	17439	104	-181.0	181	17439	104	-181.0	181	17439	104	-181.0	181	17439	104	-181.0	181	17439	104	-181.0	181	17439
105	-144.0	144	17583	105	-144.0	144	17583	105	-144.0	144	17583	105	-144.0	144	17583	105	-144.0	144	17583	105	-144.0	144	17583	105	-144.0	144	17583	105	-144.0	144	17583
106	-137.0	137	17720	106	-137.0	137	17720	106	-137.0	137	17720	106	-137.0	137	17720	106	-137.0	137	17720	106	-137.0	137	17720	106	-137.0	137	17720	106	-137.0	137	17720
107	-177.0	177	17897	107	-177.0	177	17897	107	-177.0	177	17897	107	-177.0	177	17897	107	-177.0	177	17897	107	-177.0	177	17897	107	-177.0	177	17897	107	-177.0	177	17897
108	-136.0	136	18033	108	-136.0	136	18033	108	-136.0	136	18033	108	-136.0	136	18033	108	-136.0	136	18033	108	-136.0	136	18033	108	-136.0	136	18033	108	-136.0	136	18033
109	-150.0	150	18183	109	-150.0	150	18183	109	-150.0	150	18183	109	-150.0	150	18183	109	-150.0	150	18183	109	-150.0	150	18183	109	-150.0	150	18183	109	-150.0	150	18183
110	-140.0	140	18323	110	-140.0	140	18323	110	-140.0	140	18323	110	-140.0	140	18323	110	-140.0	140	18323	110	-140.0	140	18323	110	-140.0	140	18323	110	-140.0	140	18323
111	-184.0	184	18507	111	-184.0	184	18507	111	-184.0	184	18507	111	-184.0	184	18507	111	-184.0	184	18507	111	-184.0	184	18507	111	-184.0	184	18507	111	-184.0	184	18507
112	-188.0	188	18695	112	-188.0	188	18695	112	-188.0	188	18695	112	-188.0	188	18695	112	-188.0	188	18695	112	-188.0	188	18695	112	-188.0	188	18695	112	-188.0	188	18695
113	-123.0	123	18818	113	-123.0	123	18818	113	-123.0	123	18818	113	-123.0	123	18818	113	-123.0	123	18818	113	-123.0	123	18818	113	-123.0	123	18818	113	-123.0	123	18818
114	-182.0	182	19000	114	-182.0	182	19000	114	-182.0	182	19000	114	-182.0	182	19000	114	-182.0	182	19000	114	-182.0	182	19000	114	-182.0	182	19000	114	-182.0	182	19000
115	-177.0	177	19177	115	-177.0	177	19177	115	-177.0	177	19177	115	-177.0	177	19177	115	-177.0	177	19177	115	-177.0	177	19177	115	-177.0	177	19177	115	-177.0	177	19177
116	-151.0	151	19328	116	-151.0	151	19328	116	-151.0	151	19328	116	-151.0	151	19328	116	-151.0	151	19328	116	-151.0	151	19328	116	-151.0	151	19328	116	-151.0	151	19328
117	-155.0	155	19483	117	-155.0	155	19483	117	-155.0	155	19483	117	-155.0	155	19483	117	-155.0	155	19483	117	-155.0	155	19483	117	-155.0	155	19483	117	-155.0	155	19483
118	-136.0	136	19619	118	-136.0	136	19619	118	-136.0	136	19619	118	-136.0	136	19619	118	-136.0	136	19619	118	-136.0	136	19619	118	-136.0	136	19619	118	-136.0	136	19619
119	-200.0	200	19819	119	-200.0	200	19819	119	-200.0	200	19819	119	-200.0	200	19819	119	-200.0	200	19819	119	-200.0	200	19819	119	-200.0	200	19819	119	-200.0	200	19819
120	-141.0	141	19960	120	-141.0	141	19960	120	-141.0	141	19960	120	-141.0	141	19960	120	-141.0	141	19960	120	-141.0	141	19960	120	-141.0	141	19960	120	-141.0	141	19960
121	-151.0	151	20111	121	-151.0	151	20111	121	-151.0	151	20111	121	-151.0	151	20111	121	-151.0	151	20111	121	-151.0	151	20111	121	-151.0	151	20111	121	-151.0	151	20111
122	-141.0	141	20252	122	-141.0	141	20252	122	-141.0	141	20252	122	-141.0	141	20252	122	-141.0	141	20252	122	-141.0	141	20252	122	-141.0	141	20252	122	-141.0	141	20252
123	-142.0	142	20394	123	-142.0	142	20394	123	-142.0	142	20394	123	-142.0	142	20394	123	-142.0	142	20394	123	-142.0	142	20394	123	-142.0	142	20394	123	-142.0	142	20394
124	-137.0	137	20531	124	-137.0	137	20531	124	-137.0	137	20531	124	-137.0	137	20531	124	-137.0	137	20531	124	-137.0	137	20531	124	-137.0	137	20531	124	-137.0	137	20531
125	-134.0	134	20665	125	-134.0	134	20665	125	-134.0	134	20665	125	-134.0	134	20665	125	-134.0	134	20665	125	-134.0	134	20665	125	-134.0	134	20665	125	-134.0	134	20665
126	-136.0	136	20801	126	-136.0	136	20801	126	-136.0	136	20801	126	-136.0	136	20801	126	-136.0	136	20801	126	-136.0	136	20801	126	-136.0	136	20801	126	-136.0	136	20801
127	-135.0	135	20936	127	-135.0	135	20936	127	-135.0	135	20936	127	-135.0	135	20936	127	-135.0	135	20936	127	-135.0	135	20936	127	-135.0	135	20936	127	-135.0	135	20936
128	-138.0	138	21074	128	-138.0	138	21074	128	-138.0	138	21074	128	-138.0	138	21074	128	-138.0	138	21074	128	-138.0	138	21074	128	-138.0	138	21074	128	-138.0	138	21074
129	-137.0	137	21211	129	-137.0	137	21211	129	-137.0	137	21211	129	-137.0	137	21211	129	-137.0	137	21211	129	-137.0	137	21211	129	-137.0	137	21211	129	-137.0	137	21211
130	-107.0	107	21318	130	-107.0	107	21318	130	-107.0	107	21318	130	-107.0	107	21318	130	-107.0	107	21318	130	-107.0	107	21318	130	-107.0	107	21318	130	-107.0	107	21318
131	-125.0	125	21443	131	-125.0	125	21443	131	-125.0	125	21443	131	-125.0	125	21443	131	-125.0	125	21443	131	-125.0	125	21443	131	-125.0	125	21443	131	-125.0	125	21443
132	-146.0	146	21589	132	-146.0	146	21589	132	-146.0	146	21589	132	-146.0	146	21589	132	-146.0	146	21589	132	-146.0	146	21589	132	-146.0	146	21589	132	-146.0	146	21589
133	-144.0	144	21733	133	-144.0	144	21733	133	-144.0	144	21733	133	-144.0	144	21733	133	-144.0	144	21733	133	-144.0	144	21733	133	-144.0	144	21733	133	-144.0	144	21733
134	-144.0	144	21877	134	-144.0	144	21877	134	-144.0	144	21877	134	-144.0	144	21877	134	-144.0	144	21877	134	-144.0	144	21877	134	-144.0	144	21877	134	-144.0	144	21877
135	-142.0	142	22019	135	-142.0	142	22019	135	-142.0	142	22019	135	-142.0	142	22019	135	-142.0	142	22019	135	-142.0	142	22019	135	-142.0	142	22019	135	-142.0	142	22019
136	-139.0	139	22158	136	-139.0	139	22158	136	-139.0	139	22158	136	-139.0	139	22158	136	-139.0	139	22158	136	-139.0	139	22158	136	-139.0	139	22158	136	-139.0	139	22158
137	-105.0	105	22263	137	-105.0	105	22263	137	-105.0	105	22263	137	-105.0	105	22263	137	-105.0	105	22263	137	-105.0	105	22263	137	-105.0	105	22263	137	-105.0	105	22263
138	-136.0	136	22399	138	-136.0	136	22399	138	-136.0	136	22399	138	-136.0	136	22399	138	-136.0	136	22399	138	-136.0	136	22399	138	-136.0	136	22399	138	-136.0	136	22399
139	-141.0	141	22540	139	-141.0	141	22540	139	-141.0	141	22540	139	-141.0	141	22540	139	-141.0	141	22540	139	-141.0	141	22540	139	-141.0	141	22540	139	-141.0	141	22540
140	-140.0	140	22680	140	-140.0	140	22680	140	-140.0	140	22680	140	-140.0	140	22680	140	-140.0	140	22680	140	-140.0	140	22680	140	-140.0	140	22680	140	-140.0	140	22680
141	-139.0	139	22819	141	-139.0	139	22819	141	-139.0	139	22819	141	-139.0	139	22819	141	-139.0	139	22819	141	-139.0	139	22819	141	-139.0	139	22819	141	-139.0	139	22819
142	-135.0	135	22954	142	-135.0	135	22954	142	-135.0	135	22954	142	-135.0	135	22954	142	-135.0	135	22954	142	-135.0	135	22954	142	-135.0	135	22954	142	-135.0	135	22954
143	-168.0	168	23122	143	-168.0	168	23122	143	-168.0	168	23122	143	-168.0	168	23122	143	-168.0	168	23122	143	-168.0	168	23122	143	-168.0	168	23122	143	-168.0	168	23122
144	-118.0	118	23240	144	-118.0	118	23240	144	-118.0	118	23240	144	-118.0	118	23240	144	-118.0	118	23240	144	-118.0	118	23240	144	-118.0	118	23240	144	-118.0	118	23240
145	-111.0	111	23351	145	-111.0	111	23351	145	-111.0	111	23351	145	-111.0	111	23351	145	-111.0	111	23351	145	-111.0	111	23351	145	-111.0	111	23351	145	-111.0	111	23351
146	-144.0	144	23495	146	-144.0	144	23495	146	-144.0	144	23495	146	-144.0	144	23495	146	-144.0	144	23495	146	-144.0	144	23495	146	-144.0	144	23495	146	-144.0	144	23495
147	-174.0	174	23669	147	-174.0	174	23669	147	-174.0	174	23669	147	-174.0	174	23669	147	-174.0	174	23669	147	-174.0	174	23669	147	-174.0	174	23669	147	-174.0	174	23669
148	-137.0	137	23806	148	-137.0	137	23806	148	-137.0	137	23806	148	-137.0	137	23806	148	-137.0	137	23806	148	-137.0	137	23806	148	-137.0	137	23806	148	-137.0	137	23806
149	-106.0	106	23912	149	-106.0	106	23912	149	-106.0	106	23912	149	-106.0	106	23912	149	-106.0	106	23912	149	-106.0	106	23912	149	-106.0	106	23912	149	-106.0	106	23912
150	-139.0	139	24051	150	-139.0	139	24051	150	-139.0	139	24051	150	-139.0	139	24051	150	-139.0	139	24051	150	-139.0	139	24051	150	-139.0	139	24051	150	-139.0	139	24051
151	-106.0	106	24157	151	-106.0	106	24157	151	-106.0	106	24157	151	-106.0	106	24157	151	-106.0	106	24157	151	-106.0	106	24157	151	-106.0	106	24157	151	-106.0	106	24157
152	-106.0	106	24263	152	-106.0	106	24263	152	-106.0	106	24263	152	-106.0	106	24263	152	-106.0	106	24263	152	-106.0	106	24263	152	-106.0	106	24263	152	-106.0	106	24263
153	-138.0	138	24401	153	-138.0	138	24401	153	-138.0	138	24401	153	-138.0	138	24401	153	-138.0	138	24401	153	-138.0	138	24401	153	-138.0	138	24401	153	-138.0	138	24401
154	-135.0	135	24536	154	-135.0	135	24536	154	-135.0	135	24536	154	-135.0	135	24536	154	-135.0	135	24536	154	-135.0	135	24536	154	-135.0	135	24536	154	-135.0	135	24536
155	-137.0	137	24673	155	-137.0	137	24673	155	-137.0	137	24673	155	-137.0	137	24673	155	-137.0	137	24673	155	-137.0	137	24673	155	-137.0	137	24673	155	-137.0	137	24673
156	-162.0	162	24835	156	-162.0	162	24835	156	-162.0	162	24835	156	-162.0	162	24835	156	-162.0	162	24835	156	-162.0	162	24835	156	-162.0	162	24835	156	-162.0	162	24835
157	-130.0	130	24965	157	-130.0	130	24965	157	-130.0	130	24965	157	-130.0	130	24965	157	-130.0	130	24965	157	-130.0	130	24965	157	-130.0	130	24965	157	-130.0	130	24965
158	-193.0	193	25158	158	-193.0	193	25158	158	-193.0	193	25158	158	-193.0	193	25158	158	-193.0	193	25158	158	-193.0	193	25158	158	-193.0	193	25158	158	-193.0	193	25158
159	-200.0	200	25358	159	-200.0	200	25358	159	-200.0	200	25358	159	-200.0	200	25358	159	-200.0	200	25358	159	-200.0	200	25358	159	-200.0	200	25358	159	-200.0	200	25358
160	-144.0	144	25502	160	-144.0	144	25502	160	-144.0	144	25502	160	-144.0	144	25502	160	-144.0	144	25502	160	-144.0	144	25502	160	-144.0	144	25502	160	-144.0	144	25502
161	-134.0	134	25636	161	-134.0	134	25636	161	-134.0	134	25636	161	-134.0	134	25636	161	-134.0	134	25636	161	-134.0	134	25636	161	-134.0	134	25636	161	-134.0	134	25636
162	-141.0	141	25777	162	-141.0	141	25777	162	-141.0	141	25777	162	-141.0	141	25777	162	-141.0	141	25777	162	-141.0	141	25777	162	-141.0	141	25777	162	-141.0	141	25777
163	-135.0	135	25912	163	-135.0	135	25912	163	-135.0	135	25912	163	-135.0	135	25912	163	-135.0	135	25912	163	-135.0	135	25912	163	-135.0	135	25912	163	-135.0	135	25912
164	-139.0	139	26051	164	-139.0	139	26051	164	-139.0	139	26051	164	-139.0	139	26051	164	-139.0	139	26051	164	-139.0	139	26051	164	-139.0	139	26051	164	-139.0	139	26051
165	-141.0	141	26192	165	-141.0	141	26192	165	-141.0	141	26192	165	-141.0	141	26192	165	-141.0	141	26192	165	-141.0	141	26192	165	-141.0	141	26192	165	-141.0	141	26192
166	-117.0	117	26309	166	-117.0	117	26309	166	-117.0	117	26309	166	-117.0	117	26309	166	-117.0	117	26309	166	-117.0	117	26309	166	-117.0	117	26309	166	-117.0	117	26309
167	-139.0	139	26448	167	-139.0	139	26448	167	-139.0	139	26448	167	-139.0	139	26448	167	-139.0	139	26448	167	-139.0	139	26448	167	-139.0	139	26448	167	-139.0	139	26448
168	-135.0	135	26583	168	-135.0	135	26583	168	-135.0	135	26583	168	-135.0	135	26583	168	-135.0	135	26583	168	-135.0	135	26583	168	-135.0	135	26583	168	-135.0	135	26583
169	-137.0	137	26720	169	-137.0	137	26720	169	-137.0	137	26720	169	-137.0	137	26720	169	-137.0	137	26720	169	-137.0	137	26720	169	-137.0	137	26720	169	-137.0	137	26720
170	-134.0	134	26854	170	-134.0	134	26854	170	-134.0	134	26854	170	-134.0	134	26854	170	-134.0	134	26854	170	-134.0	134	26854	170	-134.0	134	26854	170	-134.0	134	26854
171	-164.0	164	27018	171	-164.0	164	27018	171	-164.0	164	27018	171	-164.0	164	27018	171	-164.0	164	27018	171	-164.0	164	27018	171	-164.0	164	27018	171	-164.0	164	27018
172	-200.0	200	27218	172	-200.0	200	27218	172	-200.0	200	27218	172	-200.0	200	27218	172	-200.0	200	27218	172	-200.0	200	27218	172	-200.0	200	27218	172	-200.0	200	27218
173	-111.0	111	27329	173	-111.0	111	27329	173	-111.0	111	27329	173	-111.0	111	27329	173	-111.0	111	27329	173	-111.0	111	27329	173	-111.0	111	27329	173	-111.0	111	27329
174	-136.0	136	27465	174	-136.0	136	27465	174	-136.0	136	27465	174	-136.0	136	27465	174	-136.0	136	27465	174	-136.0	136	27465	174	-136.0	136	27465	174	-136.0	136	27465
175	-113.0	113	27578	175	-113.0	113	27578	175	-113.0	113	27578	175	-113.0	113	27578	175	-113.0	113	27578	175	-113.0	113	27578	175	-113.0	113	27578	175	-113.0	113	27578
176	-114.0	114	27692	176	-114.0	114	27692	176	-114.0	114	27692	176	-114.0	114	27692	176	-114.0	114	27692	176	-114.0	114	27692	176	-114.0	114	27692	176	-114.0	114	27692
177	-115.0	115	27807	177	-115.0	115	27807	177	-115.0	115	27807	177	-115.0	115	27807	177	-115.0	115	27807	177	-115.0	115	27807	177	-115.0	115	27807	177	-115.0	115	27807
178	-144.0	144	27951	178	-144.0	144	27951	178	-144.0	144	27951	178	-144.0	144	27951	178	-144.0	144	27951	178	-144.0	144	27951	178	-144.0	144	27951	178	-144.0	144	27951
179	-115.0	115	28066	179	-115.0	115	28066	179	-115.0	115	28066	179	-115.0	115	28066	179	-115.0	115	28066	179	-115.0	115	28066	179	-115.0	115	28066	179	-115.0	115	28066
180	-148.0	148	28214	180	-148.0	148	28214	180	-148.0	148	28214	180	-148.0	148	28214	180	-148.0	148	28214	180	-148.0	148	28214	180	-148.0	148	28214	180	-148.0	148	28214
181	-113.0	113	28327	181	-113.0	113	28327	181	-113.0	113	28327	181	-113.0	113	28327	181	-113.0	113	28327	181	-113.0	113	28327	181	-113.0	113	28327	181	-113.0	113	28327
182	-109.0	109	28436	182	-109.0	109	28436	182	-109.0	109	28436	182	-109.0	109	28436	182	-109.0	109	28436	182	-109.0	109	28436	182	-109.0	109	28436	182	-109.0	109	28436
183	-169.0	169	28605	183	-169.0	169	28605	183	-169.0	169	28605	183	-169.0	169	28605	183	-169.0	169	28605	183	-169.0	169	28605	183	-169.0	169	28605	183	-169.0	169	28605
184	-108.0	108	28713	184	-108.0	108	28713	184	-108.0	108	28713	184	-108.0	108	28713	184	-108.0	108	28713	184	-108.0	108	28713	184	-108.0	108	28713	184	-108.0	108	28713
185	-101.0	101	28814	185	-101.0	101	28814	185	-101.0	101	28814	185	-101.0	101	28814	185	-101.0	101	28814	185	-101.0	101	28814	185	-101.0	101	28814	185	-101.0	101	28814
186	-106.0	106	28920	186	-106.0	106	28920	186	-106.0	106	28920	186	-106.0	106	28920	186	-106.0	106	28920	186	-106.0	106	28920	186	-106.0	106	28920	186	-106.0	106	28920
187	-83.0	83	29003	187	-83.0	83	29003	187	-83.0	83	29003	187	-83.0	83	29003	187	-83.0	83	29003	187	-83.0	83	29003	187	-83.0	83	29003	187	-83.0	83	29003
188	-167.0	167	29170	188	-167.0	167	29170	188	-167.0	167	29170	188	-167.0	167	29170	188	-167.0	167	29170	188	-167.0	167	29170	188	-167.0	167	29170	188	-167.0	167	29170
189	-87.0	87	29257	189	-87.0	87	29257	189	-87.0	87	29257	189	-87.0	87	29257	189	-87.0	87	29257	189	-87.0	87	29257	189	-87.0	87	29257	189	-87.0	87	29257
190	-102.0	102	29359	190	-102.0	102	29359	190	-102.0	102	29359	190	-102.0	102	29359	190	-102.0	102	29359	190	-102.0	102	29359	190	-102.0	102	29359	190	-102.0	102	29359
191	-189.0	189	29548	191	-189.0	189	29548	191	-189.0	189	29548	191	-189.0	189	29548	191	-189.0	189	29548	191	-189.0	189	29548	191	-189.0	189	29548	191	-189.0	189	29548
192	-149.0	149	29697	192	-149.0	149	29697	192	-149.0	149	29697	192	-149.0	149	29697	192	-149.0	149	29697	192	-149.0	149	29697	192	-149.0	149	29697	192	-149.0	149	29697
193	-155.0	155	29852	193	-155.0	155	29852	193	-155.0	155	29852	193	-155.0	155	29852	193	-155.0	155	29852	193	-155.0	155	29852	193	-155.0	155	29852	193	-155.0	155	29852
194	-91.0	91	29943	194	-91.0	91	29943	194	-91.0	91	29943	194	-91.0	91	29943	194	-91.0	91	29943	194	-91.0	91	29943	194	-91.0	91	29943	194	-91.0	91	29943
195	-89.0	89	30032	195	-89.0	89	30032	195	-89.0	89	30032	195	-89.0	89	30032	195	-89.0	89	30032	195	-89.0	89	30032	195	-89.0	89	30032	195	-89.0	89	30032
196	-106.0	106	30138	196	-106.0	106	30138	196	-106.0	106	30138	196	-106.0	106	30138	196	-106.0	106	30138	196	-106.0	106	30138	196	-106.0	106	30138	196	-106.0	106	30138
197	-137.0	137	30275	197	-137.0	137	30275	197	-137.0	137	30275	197	-137.0	137	30275	197	-137.0	137	30275	197	-137.0	137	30275	197	-137.0	137	30275	197	-137.0	137	30275
198	-137.0	137	30412	198	-137.0	137	30412	198	-137.0	137	30412	198	-137.0	137	30412	198	-137.0	137	30412	198	-137.0	137	30412	198	-137.0	137	30412	198	-137.0	137	30412
199	-105.0	105	30517	199	-105.0	105	30517	199	-105.0	105	30517	199	-105.0	105	30517	199	-105.0	105	30517	199	-105.0	105	30517	199	-105.0	105	30517	199	-105.0	105	30517
200	-132.0	132	30649	200	-132.0	132	30649	200	-132.0	132	30649	200	-132.0	132	30649	200	-132.0	132	30649	200	-132.0	132	30649	200	-132.0	132	30649	200	-132.0	132	30649
201	-130.0	130	30779	201	-130.0	130	30779	201	-130.0	130	30779	201	-130.0	130	30779	201	-130.0	130	30779	201	-130.0	130	30779	201	-130.0	130	30779	201	-130.0	130	30779
202	-142.0	142	30921	202	-142.0	142	30921	202	-142.0	142	30921	202	-142.0	142	30921	202	-142.0	142	30921	202	-142.0	142	30921	202	-142.0	142	30921	202	-142.0	142	30921
203	-131.0	131	31052	203	-131.0	131	31052	203	-131.0	131	31052	203	-131.0	131	31052	203	-131.0	131	31052	203	-131.0	131	31052	203	-131.0	131	31052	203	-131.0	131	31052
204	-135.0	135	31187	204	-135.0	135	31187	204	-135.0	135	31187	204	-135.0	135	31187	204	-135.0	135	31187	204	-135.0	135	31187	204	-135.0	135	31187	204	-135.0	135	31187
205	-134.0	134	31321	205	-134.0	134	31321	205	-134.0	134	31321	205	-134.0	134	31321	205	-134.0	134	31321	205	-134.0	134	31321	205	-134.0	134	31321	205	-134.0	134	31321
206	-131.0	131	31452	206	-131.0	131	31452	206	-131.0	131	31452	206	-131.0	131	31452	206	-131.0	131	31452	206	-131.0	131	31452	206	-131.0	131	31452	206	-131.0	131	31452
207	-131.0	131	31583	207	-131.0	131	31583	207	-131.0	131	31583	207	-131.0	131	31583	207	-131.0	131	31583	207	-131.0	131	31583	207	-131.0	131	31583	207	-131.0	131	31583
208	-139.0	139	31722	208	-139.0	139	31722	208	-139.0	139	31722	208	-139.0	139	31722	208	-139.0	139	31722	208	-139.0	139	31722	208	-139.0	139	31722	208	-139.0	139	31722
209	-130.0	130	31852	209	-130.0	130	31852	209	-130.0	130	31852	209	-130.0	130	31852	209	-130.0	130	31852	209	-130.0	130	31852	209	-130.0	130	31852	209	-130.0	130	31852
210	-137.0	137	31989	210	-137.0	137	31989	210	-137.0	137	31989	210	-137.0	137	31989	210	-137.0	137	31989	210	-137.0	137	31989	210	-137.0	137	31989	210	-137.0	137	31989
211	-133.0	133	32122	211	-133.0	133	32122	211	-133.0	133	32122	211	-133.0	133	32122	211	-133.0	133	32122	211	-133.0	133	32122	211	-133.0	133	32122	211	-133.0	133	32122
212	-136.0	136	32258	212	-136.0	136	32258	212	-136.0	136	32258	212	-136.0	136	32258	212	-136.0	136	32258	212	-136.0	136	32258	212	-136.0	136	32258	212	-136.0	136	32258
213	-131.0	131	32389	213	-131.0	131	32389	213	-131.0	131	32389	213	-131.0	131	32389	213	-131.0	131	32389	213	-131.0	131	32389	213	-131.0	131	32389	213	-131.0	131	32389
214	-136.0	136	32525	214	-136.0	136	32525	214	-136.0	136	32525	214	-136.0	136	32525	214	-136.0	136	32525	214	-136.0	136	32525	214	-136.0	136	32525	214	-136.0	136	32525
215	-119.0	119	32644	215	-119.0	119	32644	215	-119.0	119	32644	215	-119.0	119	32644	215	-119.0	119	32644	215	-119.0	119	32644	215	-119.0	119	32644	215	-119.0	119	32644
216	-107.0	107	32751	216	-107.0	107	32751	216	-107.0	107	32751	216	-107.0	107	32751	216	-107.0	107	32751	216	-107.0	107	32751	216	-107.0	107	32751	216	-107.0	107	32751
217	-109.0	109	32860	217	-109.0	109	32860	217	-109.0	109	32860	217	-109.0	109	32860	217	-109.0	109	32860	217	-109.0	109	32860	217	-109.0	109	32860	217	-109.0	109	32860
218	-107.0	107	32967	218	-107.0	107	32967	218	-107.0	107	32967	218	-107.0	107	32967	218	-107.0	107	32967	218	-107.0	107	32967	218	-107.0	107	32967	218	-107.0	107	32967
219	-106.0	106	33073	219	-106.0	106	33073	219	-106.0	106	33073	219	-106.0	106	33073	219	-106.0	106	33073	219	-106.0	106	33073	219	-106.0	106	33073	219	-106.0	106	33073
220	-107.0	107	33180	220	-107.0	107	33180	220	-107.0	107	33180	220	-107.0	107	33180	220	-107.0	107	33180	220	-107.0	107	33180	220	-107.0	107	33180	220	-107.0	107	33180
221	-105.0	105	33285	221	-105.0	105	33285	221	-105.0	105	33285	221	-105.0	105	33285	221	-105.0	105	33285	221	-105.0	105	33285	221	-105.0	105	33285	221	-105.0	105	33285
222	-103.0	103	33388	222	-103.0	103	33388	222	-103.0	103	33388	222	-103.0	103	33388	222	-103.0	103	33388	222	-103.0	103	33388	222	-103.0	103	33388	222	-103.0	103	33388
223	-104.0	104	33492	223	-104.0	104	33492	223	-104.0	104	33492	223	-104.0	104	33492	223	-104.0	104	33492	223	-104.0	104	33492	223	-104.0	104	33492	223	-104.0	104	33492
224	-105.0	105	33597	224	-105.0	105	33597	224	-105.0	105	33597	224	-105.0	105	33597	224	-105.0	105	33597	224	-105.0	105	33597	224	-105.0	105	33597	224	-105.0	105	33597
225	-104.0	104	33701	225	-104.0	104	33701	225	-104.0	104	33701	225	-104.0	104	33701	225	-104.0	104	33701	225	-104.0	104	33701	225	-104.0	104	33701	225	-104.0	104	33701
226	-103.0	103	33804	226	-103.0	103	33804	226	-103.0	103	33804	226	-103.0	103	33804	226	-103.0	103	33804	226	-103.0	103	33804	226	-103.0	103	33804	226	-103.0	103	33804
227	-104.0	104	33908	227	-104.0	104	33908	227	-104.0	104	33908	227	-104.0	104	33908	227	-104.0	104	33908	227	-104.0	104	33908	227	-104.0	104	33908	227	-104.0	104	33908
228	-105.0	105	34013	228	-105.0	105	34013	228	-105.0	105	34013	228	-105.0	105	34013	228	-105.0	105	34013	228	-105.0	105	34013	228	-105.0	105	34013	228	-105.0	105	34013
229	-105.0	105	34118	229	-105.0	105	34118	229	-105.0	105	34118	229	-105.0	105	34118	229	-105.0	105	34118	229	-105.0	105	34118	229	-105.0	105	34118	229	-105.0	105	34118
230	-104.0	104	34222	230	-104.0	104	34222	230	-104.0	104	34222	230	-104.0	104	34222	230	-104.0	104	34222	230	-104.0	104	34222	230	-104.0	104	34222	230	-104.0	104	34222
231	-105.0	105	34327	231	-105.0	105	34327	231	-105.0	105	34327	231	-105.0	105	34327	231	-105.0	105	34327	231	-105.0	105	34327	231	-105.0	105	34327	231	-105.0	105	34327
232	-148.0	148	34475	232	-148.0	148	34475	232	-148.0	148	34475	232	-148.0	148	34475	232	-148.0	148	34475	232	-148.0	148	34475	232	-148.0	148	34475	232	-148.0	148	34475
233	-179.0	179	34654	233	-179.0	179	34654	233	-179.0	179	34654	233	-179.0	179	34654	233	-179.0	179	34654	233	-179.0	179	34654	233	-179.0	179	34654	233	-179.0	179	34654
234	-140.0	140	34794	234	-140.0	140	34794	234	-140.0	140	34794	234	-140.0	140	34794	234	-140.0	140	34794	234	-140.0	140	34794	234	-140.0	140	34794	234	-140.0	140	34794
235	-145.0	145	34939	235	-145.0	145	34939	235	-145.0	145	34939	235	-145.0	145	34939	235	-145.0	145	34939	235	-145.0	145	34939	235	-145.0	145	34939	235	-145.0	145	34939
236	-138.0	138	35077	236	-138.0	138	35077	236	-138.0	138	35077	236	-138.0	138	35077	236	-138.0	138	35077	236	-138.0	138	35077	236	-138.0	138	35077	236	-138.0	138	35077
237	-172.0	172	35249	237	-172.0	172	35249	237	-172.0	172	35249	237	-172.0	172	35249	237	-172.0	172	35249	237	-172.0	172	35249	237	-172.0	172	35249	237	-172.0	172	35249
238	-142.0	142	35391	238	-142.0	142	35391	238	-142.0	142	35391	238	-142.0	142	35391	238	-142.0	142	35391	238	-142.0	142	35391	238	-142.0	142	35391	238	-142.0	142	35391
239	-174.0	174	35565	239	-174.0	174	35565	239	-174.0	174	35565	239	-174.0	174	35565	239	-174.0	174	35565	239	-174.0	174	35565	239	-174.0	174	35565	239	-174.0	174	35565
240	-140.0	140	35705	240	-140.0	140	35705	240	-140.0	140	35705	240	-140.0	140	35705	240	-140.0	140	35705	240	-140.0	140	35705	240	-140.0	140	35705	240	-140.0	140	35705
241	-137.0	137	35842	241	-137.0	137	35842	241	-137.0	137	35842	241	-137.0	137	35842	241	-137.0	137	35842	241	-137.0	137	35842	241	-137.0	137	35842	241	-137.0	137	35842
242	-139.0	139	35981	242	-139.0	139	35981	242	-139.0	139	35981	242	-139.0	139	35981	242	-139.0	139	35981	242	-139.0	139	35981	242	-139.0	139	35981	242	-139.0	139	35981
243	-162.0	162	36143	243	-162.0	162	36143	243	-162.0	162	36143	243	-162.0	162	36143	243	-162.0	162	36143	243	-162.0	162	36143	243	-162.0	162	36143	243	-162.0	162	36143
244	-137.0	137	36280	244	-137.0	137	36280	244	-137.0	137	36280	244	-137.0	137	36280	244	-137.0	137	36280	244	-137.0	137	36280	244	-137.0	137	36280	244	-137.0	137	36280
245	-141.0	141	36421	245	-141.0	141	36421	245	-141.0	141	36421	245	-141.0	141	36421	245	-141.0	141	36421	245	-141.0	141	36421	245	-141.0	141	36421	245	-141.0	141	36421
246	-141.0	141	36562	246	-141.0	141	36562	246	-141.0	141	36562	246	-141.0	141	36562	246	-141.0	141	36562	246	-141.0	141	36562	246	-141.0	141	36562	246	-141.0	141	36562
247	-142.0	142	36704	247	-142.0	142	36704	247	-142.0	142	36704	247	-142.0	142	36704	247	-142.0	142	36704	247	-142.0	142	36704	247	-142.0	142	36704	247	-142.0	142	36704
248	-144.0	144	36848	248	-144.0	144	36848	248	-144.0	144	36848	248	-144.0	144	36848	248	-144.0	144	36848	248	-144.0	144	36848	248	-144.0	144	36848	248	-144.0	144	36848
249	-168.0	168	37016	249	-168.0	168	37016	249	-168.0	168	37016	249	-168.0	168	37016	249	-168.0	168	37016	249	-168.0	168	37016	249	-168.0	168	37016	249	-168.0	168	37016
250	-143.0	143	37159	250	-143.0	143	37159	250	-143.0	143	37159	250	-143.0	143	37159	250	-143.0	143	37159	250	-143.0	143	37159	250	-143.0	143	37159	250	-143.0	143	37159
251	-142.0	142	37301	251	-142.0	142	37301	251	-142.0	142	37301	251	-142.0	142	37301	251	-142.0	142	37301	251	-142.0	142	37301	251	-142.0	142	37301	251	-142.0	142	37301
252	-171.0	171	37472	252	-171.0	171	37472	252	-171.0	171	37472	252	-171.0	171	37472	252	-171.0	171	37472	252	-171.0	171	37472	252	-171.0	171	37472	252	-171.0	171	37472
253	-138.0	138	37610	253	-138.0	138	37610	253	-138.0	138	37610	253	-138.0	138	37610	253	-138.0	138	37610	253	-138.0	138	37610	253	-138.0	138	37610	253	-138.0	138	37610
254	-180.0	180	37790	254	-180.0	180	37790	254	-180.0	180	37790	254	-180.0	180	37790	254	-180.0	180	37790	254	-180.0	180	37790	254	-180.0	180	37790	254	-180.0	180	37790
255	-108.0	108	37898	255	-108.0	108	37898	255	-108.0	108	37898	255	-108.0	108	37898	255	-108.0	108	37898	255	-108.0	108	37898	255	-108.0	108	37898	255	-108.0	108	37898
256	-147.0	147	38045	256	-147.0	147	38045	256	-147.0	147	38045	256	-147.0	147	38045	256	-147.0	147	38045	256	-147.0	147	38045	256	-147.0	147	38045	256	-147.0	147	38045
257	-154.0	154	38199	257	-154.0	154	38199	257	-154.0	154	38199	257	-154.0	154	38199	257	-154.0	154	38199	257	-154.0	154	38199	257	-154.0	154	38199	257	-154.0	154	38199
258	-142.0	142	38341	258	-142.0	142	38341	258	-142.0	142	38341	258	-142.0	142	38341	258	-142.0	142	38341	258	-142.0	142	38341	258	-142.0	142	38341	258	-142.0	142	38341
259	-91.0	91	38432	259	-91.0	91	38432	259	-91.0	91	38432	259	-91.0	91	38432	259	-91.0	91	38432	259	-91.0	91	38432	259	-91.0	91	38432	259	-91.0	91	38432
260	-111.0	111	38543	260	-111.0	111	38543	260	-111.0	111	38543	260	-111.0	111	38543	260	-111.0	111	38543	260	-111.0	111	38543	260	-111.0	111	38543	260	-111.0	111	38543
261	-100.0	100	38643	261	-100.0	100	38643	261	-100.0	100	38643	261	-100.0	100	38643	261	-100.0	100	38643	261	-100.0	100	38643	261	-100.0	100	38643	261	-100.0	100	38643
262	-91.0	91	38734	262	-91.0	91	38734	262	-91.0	91	38734	262	-91.0	91	38734	262	-91.0	91	38734	262	-91.0	91	38734	262	-91.0	91	38734	262	-91.0	91	38734
263	-108.0	108	38842	263	-108.0	108	38842	263	-108.0	108	38842	263	-108.0	108	38842	263	-108.0	108	38842	263	-108.0	108	38842	263	-108.0	108	38842	263	-108.0	108	38842
264	-104.0	104	38946	264	-104.0	104	38946	264	-104.0	104	38946	264	-104.0	104	38946	264	-104.0	104	38946	264	-104.0	104	38946	264	-104.0	104	38946	264	-104.0	104	38946
265	-93.0	93	39039	265	-93.0	93	39039	265	-93.0	93	39039	265	-93.0	93	39039	265	-93.0	93	39039	265	-93.0	93	39039	265	-93.0	93	39039	265	-93.0	93	39039
266	-85.0	85	39124	266	-85.0	85	39124	266	-85.0	85	39124	266	-85.0	85	39124	266	-85.0	85	39124	266	-85.0	85	39124	266	-85.0	85	39124	266	-85.0	85	39124
267	-105.0	105	39229	267	-105.0	105	39229	267	-105.0	105	39229	267	-105.0	105	39229	267	-105.0	105	39229	267	-105.0	105	39229	267	-105.0	105	39229	267	-105.0	105	39229
268	-107.0	107	39336	268	-107.0	107	39336	268	-107.0	107	39336	268	-107.0	107	39336	268	-107.0	107	39336	268	-107.0	107	39336	268	-107.0	107	39336	268	-107.0	107	39336
269	-111.0	111	39447	269	-111.0	111	39447	269	-111.0	111	39447	269	-111.0	111	39447	269	-111.0	111	39447	269	-111.0	111	39447	269	-111.0	111	39447	269	-111.0	111	39447
270	-137.0	137	39584	270	-137.0	137	39584	270	-137.0	137	39584	270	-137.0	137	39584	270	-137.0	137	39584	270	-137.0	137	39584	270	-137.0	137	39584	270	-137.0	137	39584
271	-143.0	143	39727	271	-143.0	143	39727	271	-143.0	143	39727	271	-143.0	143	39727	271	-143.0	143	39727	271	-143.0	143	39727	271	-143.0	143	39727	271	-143.0	143	39727
272	-119.0	119	39846	272	-119.0	119	39846	272	-119.0	119	39846	272	-119.0	119	39846	272	-119.0	119	39846	272	-119.0	119	39846	272	-119.0	119	39846	272	-119.0	119	39846
273	-154.0	154	40000	273	-154.0	154	40000	273	-154.0	154	40000	273	-154.0	154	40000	273	-154.0	154	40000	273	-154.0	154	40000	273	-154.0	154	40000	273	-154.0	154	40000
274	-173.0	173	40173	274	-173.0	173	40173	274	-173.0	173	40173	274	-173.0	173	40173	274	-173.0	173	40173	274	-173.0	173	40173	274	-173.0	173	40173	274	-173.0	173	40173
275	-139.0	139	40312	275	-139.0	139	40312	275	-139.0	139	40312	275	-139.0	139	40312	275	-139.0	139	40312	275	-139.0	139	40312	275	-139.0	139	40312	275	-139.0	139	40312
276	-169.0	169	40481	276	-169.0	169	40481	276	-169.0	169	40481	276	-169.0	169	40481	276	-169.0	169	40481	276	-169.0	169	40481	276	-169.0	169	40481	276	-169.0	169	40481
277	-180.0	180	40661	277	-180.0	180	40661	277	-180.0	180	40661	277	-180.0	180	40661	277	-180.0	180	40661	277	-180.0	180	40661	277	-180.0	180	40661	277	-180.0	180	40661
278	-118.0	118	40779	278	-118.0	118	40779	278	-118.0	118	40779	278	-118.0	118	40779	278	-118.0	118	40779	278	-118.0	118	40779	278	-118.0	118	40779	278	-118.0	118	40779
279	-137.0	137	40916	279	-137.0	137	40916	279	-137.0	137	40916	279	-137.0	137	40916	279	-137.0	137	40916	279	-137.0	137	40916	279	-137.0	137	40916	279	-137.0	137	40916
280	-179.0	179	41095	280	-179.0	179	41095	280	-179.0	179	41095	280	-179.0	179	41095	280	-179.0	179	41095	280	-179.0	179	41095	280	-179.0	179	41095	280	-179.0	179	41095
281	-137.0	137	41232	281	-137.0	137	41232	281	-137.0	137	41232	281	-137.0	137	41232	281	-137.0	137	41232	281	-137.0	137	41232	281	-137.0	137	41232	281	-137.0	137	41232
282	-123.0	123	41355	282	-123.0	123	41355	282	-123.0	123	41355	282	-123.0	123	41355	282	-123.0	123	41355	282	-123.0	123	41355	282	-123.0	123	41355	282	-123.0	123	41355
283	-120.0	120	41475	283	-120.0	120	41475	283	-120.0	120	41475	283	-120.0	120	41475	283	-120.0	120	41475	283	-120.0	120	41475	283	-120.0	120	41475	283	-120.0	120	41475
284	-149.0	149	41624	284	-149.0	149	41624	284	-149.0	149	41624	284	-149.0	149	41624	284	-149.0	149	41624	284	-149.0	149	41624	284	-149.0	149	41624	284	-149.0	149	41624
285	-131.0	131	41755	285	-131.0	131	41755	285	-131.0	131	41755	285	-131.0	131	41755	285	-131.0	131	41755	285	-131.0	131	41755	285	-131.0	131	41755	285	-131.0	131	41755
286	-135.0	135	41890	286	-135.0	135	41890	286	-135.0	135	41890	286	-135.0	135	41890	286	-135.0	135	41890	286	-135.0	135	41890	286	-135.0	135	41890	286	-135.0	135	41890
287	-137.0	137	42027	287	-137.0	137	42027	287	-137.0	137	42027	287	-137.0	137	42027	287	-137.0	137	42027	287	-137.0	137	42027	287	-137.0	137	42027	287	-137.0	137	42027
288	-135.0	135	42162	288	-135.0	135	42162	288	-135.0	135	42162	288	-135.0	135	42162	288	-135.0	135	42162	288	-135.0	135	42162	288	-135.0	135	42162	288	-135.0	135	42162
289	-135.0	135	42297	289	-135.0	135	42297	289	-135.0	135	42297	289	-135.0	135	42297	289	-135.0	135	42297	289	-135.0	135	42297	289	-135.0	135	42297	289	-135.0	135	42297
290	-135.0	135	42432	290	-135.0	135	42432	290	-135.0	135	42432	290	-135.0	135	42432	290	-135.0	135	42432	290	-135.0	135	42432	290	-135.0	135	42432	290	-135.0	135	42432
291	-126.0	126	42558	291	-126.0	126	42558	291	-126.0	126	42558	291	-126.0	126	42558	291	-126.0	126	42558	291	-126.0	126	42558	291	-126.0	126	42558	291	-126.0	126	42558
292	-130.0	130	42688	292	-130.0	130	42688	292	-130.0	130	42688	292	-130.0	130	42688	292	-130.0	130	42688	292	-130.0	130	42688	292	-130.0	130	42688	292	-130.0	130	42688
293	-142.0	142	42830	293	-142.0	142	42830	293	-142.0	142	42830	293	-142.0	142	42830	293	-142.0	142	42830	293	-142.0	142	42830	293	-142.0	142	42830	293	-142.0	142	42830
294	-137.0	137	42967	294	-137.0	137	42967	294	-137.0	137	42967	294	-137.0	137	42967	294	-137.0	137	42967	294	-137.0	137	42967	294	-137.0	137	42967	294	-137.0	137	42967
295	-176.0	176	43143	295	-176.0	176	43143	295	-176.0	176	43143	295	-176.0	176	43143	295	-176.0	176	43143	295	-176.0	176	43143	295	-176.0	176	43143	295	-176.0	176	43143
296	-138.0	138	43281	296	-138.0	138	43281	296	-138.0	138	43281	296	-138.0	138	43281	296	-138.0	138	43281	296	-138.0	138	43281	296	-138.0	138	43281	296	-138.0	138	43281
297	-193.0	193	43474	297	-193.0	193	43474	297	-193.0	193	43474	297	-193.0	193	43474	297	-193.0	193	43474	297	-193.0	193	43474	297	-193.0	193	43474	297	-193.0	193	43474
298	-122.0	122	43596	298	-122.0	122	43596	298	-122.0	122	43596	298	-122.0	122	43596	298	-122.0	122	43596	298	-122.0	122	43596	298	-122.0	122	43596	298	-122.0	122	43596
299	-116.0	116	43712	299	-116.0	116	43712	299	-116.0	116	43712	299	-116.0	116	43712	299	-116.0	116	43712	299	-116.0	116	43712	299	-116.0	116	43712	299	-116.0	116	43712
